wind_direction,rel_hum,avg_wnd_spd_10m_pst10mts,precipitation,dwpt_temp,wind_speed,air_temp,temperature,avg_wnd_dir_10m_pst10mts,rnfl_amt_pst1hr,rnfl_amt_pst24hrs,relative_humidity,time,week_of_year,pcpn_amt_pst24hrs,SWE,cum_pcpn_amt,ONE_DAY_SNOW,air_temp_2,air_temp_1,snw_dpth,MAX_TEMP,ONE_DAY_PRECIPITATION,pcpn_amt_pst1hr,snw_dpth_wtr_equiv,MIN_TEMP,SNOW_ON_THE_GROUND,RELATIVE_HUMIDITY1,STANDARD_SNOW,MINIMUM_AIR_TEMPERATURE,max_wnd_spd_10m_pst1hr,MEASURED_WIND_SPEED1,MEASURED_WIND_DIRECTION1,min_air_temp_snc_last_reset,DEW_POINT,ATMOSPHERIC_PRESSURE,ACTUAL_WIND_DIRECTION,MAXIMUM_AIR_TEMPERATURE,MAXIMUM_MEASURED_WIND_SPEED1,HEIGHT_OF_SNOW,CURRENT_AIR_TEMPERATURE2,CURRENT_AIR_TEMPERATURE1,PRECIPITATION_NEW,max_air_temp_snc_last_reset,PRECIP_DETECTOR_RATIO,ACTUAL_WIND_SPEED,WIND_DIRECTION_STD_DEVIATION1,mslp,snwfl_amt_pst1hr,stn_pres
4.0, None, None,0.0, None,2.6, None,-4.2, None, None, None,88.0,2016-03-11 00:00:00,11,,,,,,,,,,,,,,,,,,,,,,,,,,,,,,,,,,,,
4.0, None, None,0.0, None,2.8, None,-4.5, None, None, None,89.0,2016-03-11 01:00:00,11,,,,,,,,,,,,,,,,,,,,,,,,,,,,,,,,,,,,
4.0, None, None,0.0, None,3.4, None,-4.9, None, None, None,89.0,2016-03-11 02:00:00,11,,,,,,,,,,,,,,,,,,,,,,,,,,,,,,,,,,,,
4.0, None, None,0.0, None,2.8, None,-5.8, None, None, None,91.0,2016-03-11 03:00:00,11,,,,,,,,,,,,,,,,,,,,,,,,,,,,,,,,,,,,
4.0, None, None,0.0, None,4.2, None,-6.1, None, None, None,91.0,2016-03-11 04:00:00,11,,,,,,,,,,,,,,,,,,,,,,,,,,,,,,,,,,,,
4.0, None, None,0.0, None,3.3, None,-6.3, None, None, None,91.0,2016-03-11 05:00:00,11,,,,,,,,,,,,,,,,,,,,,,,,,,,,,,,,,,,,
4.0, None, None,0.0, None,1.7, None,-6.5, None, None, None,89.0,2016-03-11 06:00:00,11,,,,,,,,,,,,,,,,,,,,,,,,,,,,,,,,,,,,
4.0, None, None,0.0, None,3.8, None,-6.3, None, None, None,92.0,2016-03-11 07:00:00,11,,,,,,,,,,,,,,,,,,,,,,,,,,,,,,,,,,,,
4.0, None, None,0.0, None,4.8, None,-2.6, None, None, None,83.0,2016-03-11 08:00:00,11,,,,,,,,,,,,,,,,,,,,,,,,,,,,,,,,,,,,
4.0, None, None,0.0, None,8.7, None,1.8, None, None, None,61.0,2016-03-11 09:00:00,11,,,,,,,,,,,,,,,,,,,,,,,,,,,,,,,,,,,,
3.0, None, None,0.0, None,9.1, None,6.2, None, None, None,42.0,2016-03-11 10:00:00,11,,,,,,,,,,,,,,,,,,,,,,,,,,,,,,,,,,,,
2.0, None, None,0.0, None,11.3, None,7.6, None, None, None,38.0,2016-03-11 11:00:00,11,,,,,,,,,,,,,,,,,,,,,,,,,,,,,,,,,,,,
2.0, None, None,0.0, None,12.2, None,7.0, None, None, None,34.0,2016-03-11 12:00:00,11,,,,,,,,,,,,,,,,,,,,,,,,,,,,,,,,,,,,
2.0, None, None,0.0, None,13.3, None,9.6, None, None, None,26.0,2016-03-11 13:00:00,11,,,,,,,,,,,,,,,,,,,,,,,,,,,,,,,,,,,,
2.0, None, None,0.0, None,9.1, None,8.8, None, None, None,23.0,2016-03-11 14:00:00,11,,,,,,,,,,,,,,,,,,,,,,,,,,,,,,,,,,,,
2.0, None, None,0.0, None,10.4, None,9.1, None, None, None,23.0,2016-03-11 15:00:00,11,,,,,,,,,,,,,,,,,,,,,,,,,,,,,,,,,,,,
2.0, None, None,0.0, None,10.2, None,7.5, None, None, None,30.0,2016-03-11 16:00:00,11,,,,,,,,,,,,,,,,,,,,,,,,,,,,,,,,,,,,
2.0, None, None,0.0, None,10.3, None,6.0, None, None, None,39.0,2016-03-11 17:00:00,11,,,,,,,,,,,,,,,,,,,,,,,,,,,,,,,,,,,,
3.0, None, None,0.0, None,9.4, None,5.0, None, None, None,46.0,2016-03-11 18:00:00,11,,,,,,,,,,,,,,,,,,,,,,,,,,,,,,,,,,,,
3.0, None, None,0.0, None,12.7, None,3.7, None, None, None,64.0,2016-03-11 19:00:00,11,,,,,,,,,,,,,,,,,,,,,,,,,,,,,,,,,,,,
3.0, None, None,0.0, None,7.7, None,2.3, None, None, None,82.0,2016-03-11 20:00:00,11,,,,,,,,,,,,,,,,,,,,,,,,,,,,,,,,,,,,
3.0, None, None,0.0, None,5.5, None,1.1, None, None, None,94.0,2016-03-11 21:00:00,11,,,,,,,,,,,,,,,,,,,,,,,,,,,,,,,,,,,,
3.0, None, None,0.2, None,5.3, None,1.0, None, None, None,95.0,2016-03-11 22:00:00,11,,,,,,,,,,,,,,,,,,,,,,,,,,,,,,,,,,,,
3.0, None, None,0.0, None,4.6, None,0.9, None, None, None,96.0,2016-03-11 23:00:00,11,,,,,,,,,,,,,,,,,,,,,,,,,,,,,,,,,,,,
3.0, None, None,0.0, None,3.7, None,1.1, None, None, None,96.0,2016-03-12 00:00:00,11,,,,,,,,,,,,,,,,,,,,,,,,,,,,,,,,,,,,
3.0, None, None,0.0, None,8.2, None,1.4, None, None, None,97.0,2016-03-12 01:00:00,11,,,,,,,,,,,,,,,,,,,,,,,,,,,,,,,,,,,,
3.0, None, None,0.0, None,9.4, None,1.4, None, None, None,97.0,2016-03-12 02:00:00,11,,,,,,,,,,,,,,,,,,,,,,,,,,,,,,,,,,,,
3.0, None, None,0.0, None,7.4, None,1.6, None, None, None,97.0,2016-03-12 03:00:00,11,,,,,,,,,,,,,,,,,,,,,,,,,,,,,,,,,,,,
3.0, None, None,0.2, None,7.1, None,1.6, None, None, None,97.0,2016-03-12 04:00:00,11,,,,,,,,,,,,,,,,,,,,,,,,,,,,,,,,,,,,
3.0, None, None,0.0, None,6.6, None,1.7, None, None, None,98.0,2016-03-12 05:00:00,11,,,,,,,,,,,,,,,,,,,,,,,,,,,,,,,,,,,,
3.0, None, None,0.0, None,9.0, None,2.0, None, None, None,98.0,2016-03-12 06:00:00,11,,,,,,,,,,,,,,,,,,,,,,,,,,,,,,,,,,,,
3.0, None, None,0.2, None,10.7, None,2.2, None, None, None,97.0,2016-03-12 07:00:00,11,,,,,,,,,,,,,,,,,,,,,,,,,,,,,,,,,,,,
2.0, None, None,0.0, None,9.5, None,2.8, None, None, None,95.0,2016-03-12 08:00:00,11,,,,,,,,,,,,,,,,,,,,,,,,,,,,,,,,,,,,
3.0, None, None,0.2, None,11.3, None,3.5, None, None, None,90.0,2016-03-12 09:00:00,11,,,,,,,,,,,,,,,,,,,,,,,,,,,,,,,,,,,,
3.0, None, None,0.4, None,14.9, None,3.4, None, None, None,90.0,2016-03-12 10:00:00,11,,,,,,,,,,,,,,,,,,,,,,,,,,,,,,,,,,,,
3.0, None, None,0.4, None,11.6, None,3.2, None, None, None,91.0,2016-03-12 11:00:00,11,,,,,,,,,,,,,,,,,,,,,,,,,,,,,,,,,,,,
3.0, None, None,0.2, None,10.9, None,4.4, None, None, None,82.0,2016-03-12 12:00:00,11,,,,,,,,,,,,,,,,,,,,,,,,,,,,,,,,,,,,
3.0, None, None,0.0, None,7.3, None,5.9, None, None, None,67.0,2016-03-12 13:00:00,11,,,,,,,,,,,,,,,,,,,,,,,,,,,,,,,,,,,,
3.0, None, None,0.0, None,10.2, None,5.4, None, None, None,61.0,2016-03-12 14:00:00,11,,,,,,,,,,,,,,,,,,,,,,,,,,,,,,,,,,,,
3.0, None, None,0.0, None,9.1, None,3.4, None, None, None,69.0,2016-03-12 15:00:00,11,,,,,,,,,,,,,,,,,,,,,,,,,,,,,,,,,,,,
3.0, None, None,0.2, None,5.5, None,1.6, None, None, None,89.0,2016-03-12 16:00:00,11,,,,,,,,,,,,,,,,,,,,,,,,,,,,,,,,,,,,
3.0, None, None,0.6, None,3.2, None,1.1, None, None, None,90.0,2016-03-12 17:00:00,11,,,,,,,,,,,,,,,,,,,,,,,,,,,,,,,,,,,,
3.0, None, None,0.0, None,7.7, None,0.1, None, None, None,92.0,2016-03-12 18:00:00,11,,,,,,,,,,,,,,,,,,,,,,,,,,,,,,,,,,,,
3.0, None, None,0.0, None,2.6, None,-0.9, None, None, None,94.0,2016-03-12 19:00:00,11,,,,,,,,,,,,,,,,,,,,,,,,,,,,,,,,,,,,
3.0, None, None,0.0, None,5.1, None,-1.5, None, None, None,96.0,2016-03-12 20:00:00,11,,,,,,,,,,,,,,,,,,,,,,,,,,,,,,,,,,,,
3.0, None, None,0.0, None,4.2, None,-1.5, None, None, None,97.0,2016-03-12 21:00:00,11,,,,,,,,,,,,,,,,,,,,,,,,,,,,,,,,,,,,
3.0, None, None,0.0, None,2.0, None,-2.0, None, None, None,95.0,2016-03-12 22:00:00,11,,,,,,,,,,,,,,,,,,,,,,,,,,,,,,,,,,,,
3.0, None, None,0.0, None,2.2, None,-2.3, None, None, None,96.0,2016-03-12 23:00:00,11,,,,,,,,,,,,,,,,,,,,,,,,,,,,,,,,,,,,
3.0, None, None,0.0, None,2.3, None,-2.2, None, None, None,96.0,2016-03-13 00:00:00,11,,,,,,,,,,,,,,,,,,,,,,,,,,,,,,,,,,,,
3.0, None, None,0.0, None,5.2, None,-2.2, None, None, None,96.0,2016-03-13 01:00:00,11,,,,,,,,,,,,,,,,,,,,,,,,,,,,,,,,,,,,
4.0, None, None,0.0, None,3.0, None,-2.5, None, None, None,96.0,2016-03-13 02:00:00,11,,,,,,,,,,,,,,,,,,,,,,,,,,,,,,,,,,,,
4.0, None, None,0.0, None,3.6, None,-3.4, None, None, None,94.0,2016-03-13 03:00:00,11,,,,,,,,,,,,,,,,,,,,,,,,,,,,,,,,,,,,
4.0, None, None,0.0, None,4.3, None,-3.3, None, None, None,94.0,2016-03-13 04:00:00,11,,,,,,,,,,,,,,,,,,,,,,,,,,,,,,,,,,,,
4.0, None, None,0.0, None,5.6, None,-3.5, None, None, None,93.0,2016-03-13 05:00:00,11,,,,,,,,,,,,,,,,,,,,,,,,,,,,,,,,,,,,
4.0, None, None,0.0, None,5.0, None,-4.2, None, None, None,92.0,2016-03-13 06:00:00,11,,,,,,,,,,,,,,,,,,,,,,,,,,,,,,,,,,,,
4.0, None, None,0.0, None,5.3, None,-4.1, None, None, None,92.0,2016-03-13 07:00:00,11,,,,,,,,,,,,,,,,,,,,,,,,,,,,,,,,,,,,
4.0, None, None,0.0, None,7.5, None,-2.6, None, None, None,88.0,2016-03-13 08:00:00,11,,,,,,,,,,,,,,,,,,,,,,,,,,,,,,,,,,,,
4.0, None, None,0.0, None,8.9, None,1.1, None, None, None,75.0,2016-03-13 09:00:00,11,,,,,,,,,,,,,,,,,,,,,,,,,,,,,,,,,,,,
4.0, None, None,0.8, None,9.6, None,0.8, None, None, None,76.0,2016-03-13 10:00:00,11,,,,,,,,,,,,,,,,,,,,,,,,,,,,,,,,,,,,
3.0, None, None,0.8, None,8.6, None,0.9, None, None, None,76.0,2016-03-13 11:00:00,11,,,,,,,,,,,,,,,,,,,,,,,,,,,,,,,,,,,,
3.0, None, None,0.0, None,6.2, None,0.6, None, None, None,77.0,2016-03-13 12:00:00,11,,,,,,,,,,,,,,,,,,,,,,,,,,,,,,,,,,,,
3.0, None, None,0.0, None,8.4, None,-0.1, None, None, None,84.0,2016-03-13 13:00:00,11,,,,,,,,,,,,,,,,,,,,,,,,,,,,,,,,,,,,
4.0, None, None,0.4, None,6.1, None,1.0, None, None, None,85.0,2016-03-13 14:00:00,11,,,,,,,,,,,,,,,,,,,,,,,,,,,,,,,,,,,,
4.0, None, None,0.2, None,8.0, None,0.9, None, None, None,83.0,2016-03-13 15:00:00,11,,,,,,,,,,,,,,,,,,,,,,,,,,,,,,,,,,,,
4.0, None, None,0.2, None,3.0, None,0.3, None, None, None,88.0,2016-03-13 16:00:00,11,,,,,,,,,,,,,,,,,,,,,,,,,,,,,,,,,,,,
4.0, None, None,0.2, None,6.1, None,0.3, None, None, None,88.0,2016-03-13 17:00:00,11,,,,,,,,,,,,,,,,,,,,,,,,,,,,,,,,,,,,
3.0, None, None,0.0, None,6.3, None,-0.7, None, None, None,93.0,2016-03-13 18:00:00,11,,,,,,,,,,,,,,,,,,,,,,,,,,,,,,,,,,,,
3.0, None, None,0.0, None,6.7, None,-0.7, None, None, None,95.0,2016-03-13 19:00:00,11,,,,,,,,,,,,,,,,,,,,,,,,,,,,,,,,,,,,
3.0, None, None,0.0, None,10.5, None,-0.9, None, None, None,95.0,2016-03-13 20:00:00,11,,,,,,,,,,,,,,,,,,,,,,,,,,,,,,,,,,,,
3.0, None, None,0.0, None,9.0, None,-1.0, None, None, None,94.0,2016-03-13 21:00:00,11,,,,,,,,,,,,,,,,,,,,,,,,,,,,,,,,,,,,
3.0, None, None,0.0, None,6.6, None,-1.3, None, None, None,93.0,2016-03-13 22:00:00,11,,,,,,,,,,,,,,,,,,,,,,,,,,,,,,,,,,,,
4.0, None, None,0.0, None,7.1, None,-1.4, None, None, None,91.0,2016-03-13 23:00:00,11,,,,,,,,,,,,,,,,,,,,,,,,,,,,,,,,,,,,
4.0, None, None,0.0, None,5.7, None,-1.8, None, None, None,93.0,2016-03-14 00:00:00,11,,,,,,,,,,,,,,,,,,,,,,,,,,,,,,,,,,,,
4.0, None, None,0.0, None,5.8, None,-2.2, None, None, None,94.0,2016-03-14 01:00:00,11,,,,,,,,,,,,,,,,,,,,,,,,,,,,,,,,,,,,
4.0, None, None,0.0, None,5.6, None,-2.7, None, None, None,91.0,2016-03-14 02:00:00,11,,,,,,,,,,,,,,,,,,,,,,,,,,,,,,,,,,,,
4.0, None, None,0.0, None,3.9, None,-3.2, None, None, None,91.0,2016-03-14 03:00:00,11,,,,,,,,,,,,,,,,,,,,,,,,,,,,,,,,,,,,
4.0, None, None,0.0, None,3.7, None,-3.9, None, None, None,93.0,2016-03-14 04:00:00,11,,,,,,,,,,,,,,,,,,,,,,,,,,,,,,,,,,,,
4.0, None, None,0.0, None,4.0, None,-4.8, None, None, None,94.0,2016-03-14 05:00:00,11,,,,,,,,,,,,,,,,,,,,,,,,,,,,,,,,,,,,
4.0, None, None,0.0, None,1.8, None,-5.0, None, None, None,95.0,2016-03-14 06:00:00,11,,,,,,,,,,,,,,,,,,,,,,,,,,,,,,,,,,,,
4.0, None, None,0.0, None,4.0, None,-4.3, None, None, None,92.0,2016-03-14 07:00:00,11,,,,,,,,,,,,,,,,,,,,,,,,,,,,,,,,,,,,
4.0, None, None,0.0, None,3.7, None,-2.3, None, None, None,87.0,2016-03-14 08:00:00,11,,,,,,,,,,,,,,,,,,,,,,,,,,,,,,,,,,,,
4.0, None, None,0.0, None,5.6, None,0.4, None, None, None,72.0,2016-03-14 09:00:00,11,,,,,,,,,,,,,,,,,,,,,,,,,,,,,,,,,,,,
4.0, None, None,0.2, None,4.3, None,2.6, None, None, None,64.0,2016-03-14 10:00:00,11,,,,,,,,,,,,,,,,,,,,,,,,,,,,,,,,,,,,
3.0, None, None,0.0, None,6.2, None,3.5, None, None, None,55.0,2016-03-14 11:00:00,11,,,,,,,,,,,,,,,,,,,,,,,,,,,,,,,,,,,,
2.0, None, None,0.0, None,8.7, None,6.3, None, None, None,40.0,2016-03-14 12:00:00,11,,,,,,,,,,,,,,,,,,,,,,,,,,,,,,,,,,,,
2.0, None, None,0.0, None,7.5, None,5.3, None, None, None,38.0,2016-03-14 13:00:00,11,,,,,,,,,,,,,,,,,,,,,,,,,,,,,,,,,,,,
3.0, None, None,0.0, None,9.3, None,5.2, None, None, None,35.0,2016-03-14 14:00:00,11,,,,,,,,,,,,,,,,,,,,,,,,,,,,,,,,,,,,
3.0, None, None,0.0, None,8.0, None,3.9, None, None, None,50.0,2016-03-14 15:00:00,11,,,,,,,,,,,,,,,,,,,,,,,,,,,,,,,,,,,,
3.0, None, None,0.0, None,8.0, None,1.6, None, None, None,55.0,2016-03-14 16:00:00,11,,,,,,,,,,,,,,,,,,,,,,,,,,,,,,,,,,,,
3.0, None, None,0.0, None,5.4, None,1.7, None, None, None,61.0,2016-03-14 17:00:00,11,,,,,,,,,,,,,,,,,,,,,,,,,,,,,,,,,,,,
3.0, None, None,0.0, None,2.1, None,-2.0, None, None, None,84.0,2016-03-14 18:00:00,11,,,,,,,,,,,,,,,,,,,,,,,,,,,,,,,,,,,,
3.0, None, None,0.2, None,3.3, None,-3.2, None, None, None,89.0,2016-03-14 19:00:00,11,,,,,,,,,,,,,,,,,,,,,,,,,,,,,,,,,,,,
4.0, None, None,0.0, None,1.8, None,-3.4, None, None, None,90.0,2016-03-14 20:00:00,11,,,,,,,,,,,,,,,,,,,,,,,,,,,,,,,,,,,,
4.0, None, None,0.0, None,2.6, None,-3.3, None, None, None,92.0,2016-03-14 21:00:00,11,,,,,,,,,,,,,,,,,,,,,,,,,,,,,,,,,,,,
4.0, None, None,0.0, None,2.4, None,-2.9, None, None, None,89.0,2016-03-14 22:00:00,11,,,,,,,,,,,,,,,,,,,,,,,,,,,,,,,,,,,,
4.0, None, None,0.0, None,2.9, None,-2.5, None, None, None,93.0,2016-03-14 23:00:00,11,,,,,,,,,,,,,,,,,,,,,,,,,,,,,,,,,,,,
4.0, None, None,0.0, None,2.3, None,-2.5, None, None, None,94.0,2016-03-15 00:00:00,11,,,,,,,,,,,,,,,,,,,,,,,,,,,,,,,,,,,,
4.0, None, None,0.0, None,1.9, None,-2.5, None, None, None,95.0,2016-03-15 01:00:00,11,,,,,,,,,,,,,,,,,,,,,,,,,,,,,,,,,,,,
4.0, None, None,0.0, None,2.3, None,-2.6, None, None, None,94.0,2016-03-15 02:00:00,11,,,,,,,,,,,,,,,,,,,,,,,,,,,,,,,,,,,,
4.0, None, None,0.0, None,2.1, None,-2.8, None, None, None,92.0,2016-03-15 03:00:00,11,,,,,,,,,,,,,,,,,,,,,,,,,,,,,,,,,,,,
4.0, None, None,0.0, None,0.0, None,-3.3, None, None, None,93.0,2016-03-15 04:00:00,11,,,,,,,,,,,,,,,,,,,,,,,,,,,,,,,,,,,,
4.0, None, None,0.0, None,1.8, None,-3.3, None, None, None,94.0,2016-03-15 05:00:00,11,,,,,,,,,,,,,,,,,,,,,,,,,,,,,,,,,,,,
4.0, None, None,0.0, None,0.0, None,-3.3, None, None, None,94.0,2016-03-15 06:00:00,11,,,,,,,,,,,,,,,,,,,,,,,,,,,,,,,,,,,,
4.0, None, None,0.0, None,2.0, None,-2.9, None, None, None,92.0,2016-03-15 07:00:00,11,,,,,,,,,,,,,,,,,,,,,,,,,,,,,,,,,,,,
4.0, None, None,0.0, None,2.4, None,-0.6, None, None, None,83.0,2016-03-15 08:00:00,11,,,,,,,,,,,,,,,,,,,,,,,,,,,,,,,,,,,,
4.0, None, None,0.2, None,3.2, None,1.2, None, None, None,73.0,2016-03-15 09:00:00,11,,,,,,,,,,,,,,,,,,,,,,,,,,,,,,,,,,,,
3.0, None, None,2.8, None,7.4, None,3.1, None, None, None,54.0,2016-03-15 10:00:00,11,,,,,,,,,,,,,,,,,,,,,,,,,,,,,,,,,,,,
3.0, None, None,0.0, None,8.2, None,2.8, None, None, None,56.0,2016-03-15 11:00:00,11,,,,,,,,,,,,,,,,,,,,,,,,,,,,,,,,,,,,
3.0, None, None,0.0, None,6.0, None,2.2, None, None, None,60.0,2016-03-15 12:00:00,11,,,,,,,,,,,,,,,,,,,,,,,,,,,,,,,,,,,,
3.0, None, None,0.0, None,5.0, None,2.2, None, None, None,62.0,2016-03-15 13:00:00,11,,,,,,,,,,,,,,,,,,,,,,,,,,,,,,,,,,,,
3.0, None, None,0.0, None,5.5, None,4.4, None, None, None,49.0,2016-03-15 14:00:00,11,,,,,,,,,,,,,,,,,,,,,,,,,,,,,,,,,,,,
2.0, None, None,0.0, None,10.4, None,5.7, None, None, None,37.0,2016-03-15 15:00:00,11,,,,,,,,,,,,,,,,,,,,,,,,,,,,,,,,,,,,
3.0, None, None,0.0, None,8.1, None,5.1, None, None, None,33.0,2016-03-15 17:00:00,11,,,,,,,,,,,,,,,,,,,,,,,,,,,,,,,,,,,,
3.0, None, None,0.0, None,9.2, None,3.6, None, None, None,38.0,2016-03-15 18:00:00,11,,,,,,,,,,,,,,,,,,,,,,,,,,,,,,,,,,,,
3.0, None, None,0.0, None,3.1, None,-1.0, None, None, None,60.0,2016-03-15 19:00:00,11,,,,,,,,,,,,,,,,,,,,,,,,,,,,,,,,,,,,
3.0, None, None,0.0, None,4.0, None,-3.4, None, None, None,74.0,2016-03-15 20:00:00,11,,,,,,,,,,,,,,,,,,,,,,,,,,,,,,,,,,,,
4.0, None, None,0.0, None,2.1, None,-4.8, None, None, None,81.0,2016-03-15 21:00:00,11,,,,,,,,,,,,,,,,,,,,,,,,,,,,,,,,,,,,
4.0, None, None,0.0, None,1.7, None,-5.8, None, None, None,85.0,2016-03-15 22:00:00,11,,,,,,,,,,,,,,,,,,,,,,,,,,,,,,,,,,,,
4.0, None, None,0.0, None,3.4, None,-6.5, None, None, None,86.0,2016-03-15 23:00:00,11,,,,,,,,,,,,,,,,,,,,,,,,,,,,,,,,,,,,
4.0, None, None,0.0, None,3.9, None,-6.5, None, None, None,85.0,2016-03-16 00:00:00,11,,,,,,,,,,,,,,,,,,,,,,,,,,,,,,,,,,,,
4.0, None, None,0.0, None,1.8, None,-6.3, None, None, None,84.0,2016-03-16 01:00:00,11,,,,,,,,,,,,,,,,,,,,,,,,,,,,,,,,,,,,
4.0, None, None,0.0, None,1.9, None,-7.5, None, None, None,88.0,2016-03-16 02:00:00,11,,,,,,,,,,,,,,,,,,,,,,,,,,,,,,,,,,,,
4.0, None, None,0.0, None,2.2, None,-8.1, None, None, None,88.0,2016-03-16 03:00:00,11,,,,,,,,,,,,,,,,,,,,,,,,,,,,,,,,,,,,
4.0, None, None,0.0, None,3.3, None,-8.6, None, None, None,90.0,2016-03-16 04:00:00,11,,,,,,,,,,,,,,,,,,,,,,,,,,,,,,,,,,,,
4.0, None, None,0.0, None,2.4, None,-8.4, None, None, None,90.0,2016-03-16 05:00:00,11,,,,,,,,,,,,,,,,,,,,,,,,,,,,,,,,,,,,
4.0, None, None,0.0, None,3.1, None,-9.1, None, None, None,88.0,2016-03-16 06:00:00,11,,,,,,,,,,,,,,,,,,,,,,,,,,,,,,,,,,,,
4.0, None, None,0.0, None,2.2, None,-9.0, None, None, None,89.0,2016-03-16 07:00:00,11,,,,,,,,,,,,,,,,,,,,,,,,,,,,,,,,,,,,
4.0, None, None,0.0, None,2.6, None,-8.4, None, None, None,86.0,2016-03-16 08:00:00,11,,,,,,,,,,,,,,,,,,,,,,,,,,,,,,,,,,,,
4.0, None, None,0.0, None,3.9, None,-3.0, None, None, None,74.0,2016-03-16 09:00:00,11,,,,,,,,,,,,,,,,,,,,,,,,,,,,,,,,,,,,
4.0, None, None,0.0, None,7.7, None,0.4, None, None, None,63.0,2016-03-16 10:00:00,11,,,,,,,,,,,,,,,,,,,,,,,,,,,,,,,,,,,,
3.0, None, None,0.0, None,8.4, None,0.3, None, None, None,60.0,2016-03-16 11:00:00,11,,,,,,,,,,,,,,,,,,,,,,,,,,,,,,,,,,,,
3.0, None, None,0.0, None,6.7, None,0.6, None, None, None,67.0,2016-03-16 12:00:00,11,,,,,,,,,,,,,,,,,,,,,,,,,,,,,,,,,,,,
3.0, None, None,0.0, None,8.3, None,4.6, None, None, None,46.0,2016-03-16 13:00:00,11,,,,,,,,,,,,,,,,,,,,,,,,,,,,,,,,,,,,
3.0, None, None,0.0, None,8.6, None,1.8, None, None, None,66.0,2016-03-16 14:00:00,11,,,,,,,,,,,,,,,,,,,,,,,,,,,,,,,,,,,,
3.0, None, None,0.0, None,8.5, None,4.2, None, None, None,44.0,2016-03-16 15:00:00,11,,,,,,,,,,,,,,,,,,,,,,,,,,,,,,,,,,,,
2.0, None, None,0.0, None,11.3, None,4.3, None, None, None,39.0,2016-03-16 16:00:00,11,,,,,,,,,,,,,,,,,,,,,,,,,,,,,,,,,,,,
2.0, None, None,0.0, None,10.2, None,0.7, None, None, None,62.0,2016-03-16 17:00:00,11,,,,,,,,,,,,,,,,,,,,,,,,,,,,,,,,,,,,
3.0, None, None,0.0, None,3.7, None,-0.6, None, None, None,69.0,2016-03-16 18:00:00,11,,,,,,,,,,,,,,,,,,,,,,,,,,,,,,,,,,,,
3.0, None, None,0.0, None,4.9, None,-1.7, None, None, None,70.0,2016-03-16 19:00:00,11,,,,,,,,,,,,,,,,,,,,,,,,,,,,,,,,,,,,
4.0, None, None,0.0, None,5.9, None,-1.9, None, None, None,72.0,2016-03-16 20:00:00,11,,,,,,,,,,,,,,,,,,,,,,,,,,,,,,,,,,,,
4.0, None, None,0.0, None,4.2, None,-3.1, None, None, None,74.0,2016-03-16 21:00:00,11,,,,,,,,,,,,,,,,,,,,,,,,,,,,,,,,,,,,
4.0, None, None,0.0, None,5.3, None,-2.5, None, None, None,66.0,2016-03-16 22:00:00,11,,,,,,,,,,,,,,,,,,,,,,,,,,,,,,,,,,,,
4.0, None, None,0.0, None,4.3, None,-2.7, None, None, None,68.0,2016-03-16 23:00:00,11,,,,,,,,,,,,,,,,,,,,,,,,,,,,,,,,,,,,
4.0, None, None,0.0, None,3.2, None,-3.5, None, None, None,76.0,2016-03-17 00:00:00,11,,,,,,,,,,,,,,,,,,,,,,,,,,,,,,,,,,,,
4.0, None, None,0.0, None,7.4, None,-3.3, None, None, None,76.0,2016-03-17 01:00:00,11,,,,,,,,,,,,,,,,,,,,,,,,,,,,,,,,,,,,
4.0, None, None,0.0, None,4.3, None,-5.0, None, None, None,72.0,2016-03-17 02:00:00,11,,,,,,,,,,,,,,,,,,,,,,,,,,,,,,,,,,,,
4.0, None, None,0.0, None,2.4, None,-6.5, None, None, None,81.0,2016-03-17 03:00:00,11,,,,,,,,,,,,,,,,,,,,,,,,,,,,,,,,,,,,
4.0, None, None,0.0, None,3.8, None,-6.2, None, None, None,75.0,2016-03-17 04:00:00,11,,,,,,,,,,,,,,,,,,,,,,,,,,,,,,,,,,,,
4.0, None, None,0.0, None,4.9, None,-6.9, None, None, None,79.0,2016-03-17 05:00:00,11,,,,,,,,,,,,,,,,,,,,,,,,,,,,,,,,,,,,
4.0, None, None,0.0, None,3.8, None,-6.5, None, None, None,79.0,2016-03-17 06:00:00,11,,,,,,,,,,,,,,,,,,,,,,,,,,,,,,,,,,,,
4.0, None, None,0.0, None,4.9, None,-8.0, None, None, None,83.0,2016-03-17 07:00:00,11,,,,,,,,,,,,,,,,,,,,,,,,,,,,,,,,,,,,
4.0, None, None,0.0, None,5.0, None,-8.3, None, None, None,84.0,2016-03-17 08:00:00,11,,,,,,,,,,,,,,,,,,,,,,,,,,,,,,,,,,,,
4.0, None, None,0.0, None,3.0, None,-4.2, None, None, None,63.0,2016-03-17 09:00:00,11,,,,,,,,,,,,,,,,,,,,,,,,,,,,,,,,,,,,
3.0, None, None,0.0, None,8.6, None,-0.7, None, None, None,49.0,2016-03-17 10:00:00,11,,,,,,,,,,,,,,,,,,,,,,,,,,,,,,,,,,,,
3.0, None, None,0.0, None,10.7, None,0.9, None, None, None,44.0,2016-03-17 11:00:00,11,,,,,,,,,,,,,,,,,,,,,,,,,,,,,,,,,,,,
3.0, None, None,0.0, None,10.0, None,1.4, None, None, None,43.0,2016-03-17 12:00:00,11,,,,,,,,,,,,,,,,,,,,,,,,,,,,,,,,,,,,
2.0, None, None,0.0, None,10.8, None,3.5, None, None, None,39.0,2016-03-17 13:00:00,11,,,,,,,,,,,,,,,,,,,,,,,,,,,,,,,,,,,,
2.0, None, None,0.0, None,12.6, None,4.2, None, None, None,36.0,2016-03-17 14:00:00,11,,,,,,,,,,,,,,,,,,,,,,,,,,,,,,,,,,,,
2.0, None, None,0.0, None,12.7, None,4.6, None, None, None,33.0,2016-03-17 15:00:00,11,,,,,,,,,,,,,,,,,,,,,,,,,,,,,,,,,,,,
2.0, None, None,0.0, None,11.4, None,4.6, None, None, None,29.0,2016-03-17 16:00:00,11,,,,,,,,,,,,,,,,,,,,,,,,,,,,,,,,,,,,
2.0, None, None,0.0, None,11.4, None,3.7, None, None, None,34.0,2016-03-17 17:00:00,11,,,,,,,,,,,,,,,,,,,,,,,,,,,,,,,,,,,,
3.0, None, None,0.0, None,8.0, None,2.5, None, None, None,33.0,2016-03-17 18:00:00,11,,,,,,,,,,,,,,,,,,,,,,,,,,,,,,,,,,,,
3.0, None, None,0.0, None,5.7, None,-0.2, None, None, None,37.0,2016-03-17 19:00:00,11,,,,,,,,,,,,,,,,,,,,,,,,,,,,,,,,,,,,
3.0, None, None,0.0, None,3.0, None,-3.5, None, None, None,54.0,2016-03-17 20:00:00,11,,,,,,,,,,,,,,,,,,,,,,,,,,,,,,,,,,,,
4.0, None, None,0.0, None,2.6, None,-4.9, None, None, None,61.0,2016-03-17 21:00:00,11,,,,,,,,,,,,,,,,,,,,,,,,,,,,,,,,,,,,
4.0, None, None,0.0, None,9.6, None,-3.5, None, None, None,58.0,2016-03-17 22:00:00,11,,,,,,,,,,,,,,,,,,,,,,,,,,,,,,,,,,,,
4.0, None, None,0.0, None,8.8, None,-4.4, None, None, None,57.0,2016-03-17 23:00:00,11,,,,,,,,,,,,,,,,,,,,,,,,,,,,,,,,,,,,
,,,,,,,,,,,,2016-03-11 00:00:00,11,, None, None, None, None,-0.2, 155.0, None, None,766.0,524.0, None, None,,,,,,,,,,,,,,,,,,,,,,,
,,,,,,,,,,,,2016-03-11 01:00:00,11,, None, None, None, None,-1.0, 154.0, None, None,767.0,524.0, None, None,,,,,,,,,,,,,,,,,,,,,,,
,,,,,,,,,,,,2016-03-11 02:00:00,11,, None, None, None, None,-1.6, 154.0, None, None,767.0,523.0, None, None,,,,,,,,,,,,,,,,,,,,,,,
,,,,,,,,,,,,2016-03-11 03:00:00,11,, None, None, None, None,-1.8, 154.0, None, None,767.0,523.0, None, None,,,,,,,,,,,,,,,,,,,,,,,
,,,,,,,,,,,,2016-03-11 04:00:00,11,, None, None, None, None,-3.0, 154.0, None, None,768.0,522.0, None, None,,,,,,,,,,,,,,,,,,,,,,,
,,,,,,,,,,,,2016-03-11 05:00:00,11,, None, None, None, None,-3.7, 154.0, None, None,768.0,522.0, None, None,,,,,,,,,,,,,,,,,,,,,,,
,,,,,,,,,,,,2016-03-11 06:00:00,11,, None, None, None, None,-4.6, 154.0, None, None,768.0,521.0, None, None,,,,,,,,,,,,,,,,,,,,,,,
,,,,,,,,,,,,2016-03-11 07:00:00,11,, None, None, None, None,-5.9, 154.0, None, None,768.0,521.0, None, None,,,,,,,,,,,,,,,,,,,,,,,
,,,,,,,,,,,,2016-03-11 08:00:00,11,, None, None, None, None,-6.9, 153.0, None, None,769.0,521.0, None, None,,,,,,,,,,,,,,,,,,,,,,,
,,,,,,,,,,,,2016-03-11 09:00:00,11,, None, None, None, None,-7.5, 154.0, None, None,769.0,520.0, None, None,,,,,,,,,,,,,,,,,,,,,,,
,,,,,,,,,,,,2016-03-11 10:00:00,11,, None, None, None, None,-8.3, 153.0, None, None,769.0,521.0, None, None,,,,,,,,,,,,,,,,,,,,,,,
,,,,,,,,,,,,2016-03-11 11:00:00,11,, None, None, None, None,-8.9, 153.0, None, None,770.0,522.0, None, None,,,,,,,,,,,,,,,,,,,,,,,
,,,,,,,,,,,,2016-03-11 12:00:00,11,, None, None, None, None,-8.3, 153.0, None, None,770.0,521.0, None, None,,,,,,,,,,,,,,,,,,,,,,,
,,,,,,,,,,,,2016-03-11 13:00:00,11,, None, None, None, None,-7.9, 152.0, None, None,769.0,524.0, None, None,,,,,,,,,,,,,,,,,,,,,,,
,,,,,,,,,,,,2016-03-11 14:00:00,11,, None, None, None, None,-7.9, 153.0, None, None,769.0,525.0, None, None,,,,,,,,,,,,,,,,,,,,,,,
,,,,,,,,,,,,2016-03-11 15:00:00,11,, None, None, None, None,-7.2, 153.0, None, None,769.0,525.0, None, None,,,,,,,,,,,,,,,,,,,,,,,
,,,,,,,,,,,,2016-03-11 16:00:00,11,, 0.0, None, None, None,-5.0, 153.0, None, None,768.0,525.0, None, None,,,,,,,,,,,,,,,,,,,,,,,
,,,,,,,,,,,,2016-03-11 17:00:00,11,, None, None, None, None,-2.8, 153.0, None, None,767.0,526.0, None, None,,,,,,,,,,,,,,,,,,,,,,,
,,,,,,,,,,,,2016-03-11 18:00:00,11,, None, None, None, None,-1.0, 153.0, None, None,767.0,528.0, None, None,,,,,,,,,,,,,,,,,,,,,,,
,,,,,,,,,,,,2016-03-11 19:00:00,11,, None, None, None, None,0.0, 153.0, None, None,766.0,528.0, None, None,,,,,,,,,,,,,,,,,,,,,,,
,,,,,,,,,,,,2016-03-11 20:00:00,11,, None, None, None, None,0.5, 153.0, None, None,766.0,528.0, None, None,,,,,,,,,,,,,,,,,,,,,,,
,,,,,,,,,,,,2016-03-11 21:00:00,11,, None, None, None, None,1.7, 153.0, None, None,766.0,531.0, None, None,,,,,,,,,,,,,,,,,,,,,,,
,,,,,,,,,,,,2016-03-11 22:00:00,11,, None, None, None, None,1.6, 153.0, None, None,765.0,532.0, None, None,,,,,,,,,,,,,,,,,,,,,,,
,,,,,,,,,,,,2016-03-11 23:00:00,11,, None, None, None, None,1.2, 153.0, None, None,765.0,534.0, None, None,,,,,,,,,,,,,,,,,,,,,,,
,,,,,,,,,,,,2016-03-12 00:00:00,11,, None, None, None, None,0.5, 153.0, None, None,765.0,536.0, None, None,,,,,,,,,,,,,,,,,,,,,,,
,,,,,,,,,,,,2016-03-12 01:00:00,11,, None, None, None, None,-0.4, 153.0, None, None,766.0,535.0, None, None,,,,,,,,,,,,,,,,,,,,,,,
,,,,,,,,,,,,2016-03-12 02:00:00,11,, None, None, None, None,-1.1, 153.0, None, None,766.0,534.0, None, None,,,,,,,,,,,,,,,,,,,,,,,
,,,,,,,,,,,,2016-03-12 03:00:00,11,, None, None, None, None,-1.0, 153.0, None, None,766.0,534.0, None, None,,,,,,,,,,,,,,,,,,,,,,,
,,,,,,,,,,,,2016-03-12 04:00:00,11,, None, None, None, None,-1.1, 152.0, None, None,766.0,534.0, None, None,,,,,,,,,,,,,,,,,,,,,,,
,,,,,,,,,,,,2016-03-12 05:00:00,11,, None, None, None, None,-1.3, 152.0, None, None,766.0,533.0, None, None,,,,,,,,,,,,,,,,,,,,,,,
,,,,,,,,,,,,2016-03-12 06:00:00,11,, None, None, None, None,-1.1, 152.0, None, None,766.0,532.0, None, None,,,,,,,,,,,,,,,,,,,,,,,
,,,,,,,,,,,,2016-03-12 07:00:00,11,, None, None, None, None,-0.9, 151.0, None, None,766.0,533.0, None, None,,,,,,,,,,,,,,,,,,,,,,,
,,,,,,,,,,,,2016-03-12 08:00:00,11,, None, None, None, None,-0.8, 151.0, None, None,766.0,533.0, None, None,,,,,,,,,,,,,,,,,,,,,,,
,,,,,,,,,,,,2016-03-12 09:00:00,11,, None, None, None, None,-0.5, 151.0, None, None,766.0,533.0, None, None,,,,,,,,,,,,,,,,,,,,,,,
,,,,,,,,,,,,2016-03-12 10:00:00,11,, None, None, None, None,-0.4, 151.0, None, None,766.0,533.0, None, None,,,,,,,,,,,,,,,,,,,,,,,
,,,,,,,,,,,,2016-03-12 11:00:00,11,, None, None, None, None,-0.1, 150.0, None, None,766.0,534.0, None, None,,,,,,,,,,,,,,,,,,,,,,,
,,,,,,,,,,,,2016-03-12 12:00:00,11,, None, None, None, None,-0.1, 150.0, None, None,766.0,534.0, None, None,,,,,,,,,,,,,,,,,,,,,,,
,,,,,,,,,,,,2016-03-12 13:00:00,11,, None, None, None, None,-0.1, 149.0, None, None,766.0,534.0, None, None,,,,,,,,,,,,,,,,,,,,,,,
,,,,,,,,,,,,2016-03-12 14:00:00,11,, None, None, None, None,-0.2, 151.0, None, None,766.0,534.0, None, None,,,,,,,,,,,,,,,,,,,,,,,
,,,,,,,,,,,,2016-03-12 15:00:00,11,, None, None, None, None,-0.1, 152.0, None, None,766.0,534.0, None, None,,,,,,,,,,,,,,,,,,,,,,,
,,,,,,,,,,,,2016-03-12 16:00:00,11,, 0.0, None, None, None,0.0, 152.0, None, None,766.0,534.0, None, None,,,,,,,,,,,,,,,,,,,,,,,
,,,,,,,,,,,,2016-03-12 17:00:00,11,, None, None, None, None,0.1, 152.0, None, None,766.0,534.0, None, None,,,,,,,,,,,,,,,,,,,,,,,
,,,,,,,,,,,,2016-03-12 18:00:00,11,, None, None, None, None,0.3, 151.0, None, None,766.0,533.0, None, None,,,,,,,,,,,,,,,,,,,,,,,
,,,,,,,,,,,,2016-03-12 19:00:00,11,, None, None, None, None,0.4, 149.0, None, None,766.0,533.0, None, None,,,,,,,,,,,,,,,,,,,,,,,
,,,,,,,,,,,,2016-03-12 20:00:00,11,, None, None, None, None,0.6, 153.0, None, None,766.0,533.0, None, None,,,,,,,,,,,,,,,,,,,,,,,
,,,,,,,,,,,,2016-03-12 21:00:00,11,, None, None, None, None,0.7, 151.0, None, None,766.0,534.0, None, None,,,,,,,,,,,,,,,,,,,,,,,
,,,,,,,,,,,,2016-03-12 22:00:00,11,, None, None, None, None,1.6, 150.0, None, None,765.0,533.0, None, None,,,,,,,,,,,,,,,,,,,,,,,
,,,,,,,,,,,,2016-03-12 23:00:00,11,, None, None, None, None,-0.9, 150.0, None, None,766.0,532.0, None, None,,,,,,,,,,,,,,,,,,,,,,,
,,,,,,,,,,,,2016-03-13 00:00:00,11,, None, None, None, None,-1.6, 150.0, None, None,768.0,532.0, None, None,,,,,,,,,,,,,,,,,,,,,,,
,,,,,,,,,,,,2016-03-13 01:00:00,11,, None, None, None, None,-2.9, 156.0, None, None,772.0,534.0, None, None,,,,,,,,,,,,,,,,,,,,,,,
,,,,,,,,,,,,2016-03-13 02:00:00,11,, None, None, None, None,-3.2, 156.0, None, None,773.0,534.0, None, None,,,,,,,,,,,,,,,,,,,,,,,
,,,,,,,,,,,,2016-03-13 03:00:00,11,, None, None, None, None,-3.8, 158.0, None, None,776.0,536.0, None, None,,,,,,,,,,,,,,,,,,,,,,,
,,,,,,,,,,,,2016-03-13 04:00:00,11,, None, None, None, None,-4.4, 157.0, None, None,776.0,536.0, None, None,,,,,,,,,,,,,,,,,,,,,,,
,,,,,,,,,,,,2016-03-13 05:00:00,11,, None, None, None, None,-4.8, 158.0, None, None,777.0,536.0, None, None,,,,,,,,,,,,,,,,,,,,,,,
,,,,,,,,,,,,2016-03-13 06:00:00,11,, None, None, None, None,-4.2, 158.0, None, None,777.0,537.0, None, None,,,,,,,,,,,,,,,,,,,,,,,
,,,,,,,,,,,,2016-03-13 07:00:00,11,, None, None, None, None,-4.6, 158.0, None, None,777.0,537.0, None, None,,,,,,,,,,,,,,,,,,,,,,,
,,,,,,,,,,,,2016-03-13 08:00:00,11,, None, None, None, None,-4.5, 157.0, None, None,778.0,538.0, None, None,,,,,,,,,,,,,,,,,,,,,,,
,,,,,,,,,,,,2016-03-13 09:00:00,11,, None, None, None, None,-4.5, 153.0, None, None,778.0,538.0, None, None,,,,,,,,,,,,,,,,,,,,,,,
,,,,,,,,,,,,2016-03-13 10:00:00,11,, None, None, None, None,-4.9, 153.0, None, None,778.0,538.0, None, None,,,,,,,,,,,,,,,,,,,,,,,
,,,,,,,,,,,,2016-03-13 11:00:00,11,, None, None, None, None,-6.2, None, None, None,779.0,539.0, None, None,,,,,,,,,,,,,,,,,,,,,,,
,,,,,,,,,,,,2016-03-13 12:00:00,11,, None, None, None, None,-7.2, 155.0, None, None,779.0,540.0, None, None,,,,,,,,,,,,,,,,,,,,,,,
,,,,,,,,,,,,2016-03-13 13:00:00,11,, None, None, None, None,-7.1, 157.0, None, None,779.0,540.0, None, None,,,,,,,,,,,,,,,,,,,,,,,
,,,,,,,,,,,,2016-03-13 14:00:00,11,, None, None, None, None,-8.1, 157.0, None, None,779.0,541.0, None, None,,,,,,,,,,,,,,,,,,,,,,,
,,,,,,,,,,,,2016-03-13 15:00:00,11,, None, None, None, None,-8.1, 157.0, None, None,779.0,542.0, None, None,,,,,,,,,,,,,,,,,,,,,,,
,,,,,,,,,,,,2016-03-13 16:00:00,11,, None, None, None, None,-7.0, 157.0, None, None,779.0,542.0, None, None,,,,,,,,,,,,,,,,,,,,,,,
,,,,,,,,,,,,2016-03-13 17:00:00,11,, None, None, None, None,-5.7, 157.0, None, None,778.0,543.0, None, None,,,,,,,,,,,,,,,,,,,,,,,
,,,,,,,,,,,,2016-03-13 18:00:00,11,, None, None, None, None,-3.8, 157.0, None, None,777.0,545.0, None, None,,,,,,,,,,,,,,,,,,,,,,,
,,,,,,,,,,,,2016-03-13 19:00:00,11,, None, None, None, None,-2.9, 157.0, None, None,777.0,547.0, None, None,,,,,,,,,,,,,,,,,,,,,,,
,,,,,,,,,,,,2016-03-13 20:00:00,11,, None, None, None, None,-2.6, 157.0, None, None,777.0,548.0, None, None,,,,,,,,,,,,,,,,,,,,,,,
,,,,,,,,,,,,2016-03-13 21:00:00,11,, None, None, None, None,-3.5, 157.0, None, None,777.0,548.0, None, None,,,,,,,,,,,,,,,,,,,,,,,
,,,,,,,,,,,,2016-03-13 22:00:00,11,, None, None, None, None,-3.4, 157.0, None, None,777.0,549.0, None, None,,,,,,,,,,,,,,,,,,,,,,,
,,,,,,,,,,,,2016-03-13 23:00:00,11,, None, None, None, None,-3.3, 158.0, None, None,777.0,551.0, None, None,,,,,,,,,,,,,,,,,,,,,,,
,,,,,,,,,,,,2016-03-14 00:00:00,11,, None, None, None, None,-3.7, 153.0, None, None,777.0,552.0, None, None,,,,,,,,,,,,,,,,,,,,,,,
,,,,,,,,,,,,2016-03-14 01:00:00,11,, None, None, None, None,-3.6, 153.0, None, None,778.0,551.0, None, None,,,,,,,,,,,,,,,,,,,,,,,
,,,,,,,,,,,,2016-03-14 02:00:00,11,, None, None, None, None,-3.8, 155.0, None, None,778.0,550.0, None, None,,,,,,,,,,,,,,,,,,,,,,,
,,,,,,,,,,,,2016-03-14 03:00:00,11,, None, None, None, None,-3.9, 159.0, None, None,778.0,549.0, None, None,,,,,,,,,,,,,,,,,,,,,,,
,,,,,,,,,,,,2016-03-14 04:00:00,11,, None, None, None, None,-4.5, 160.0, None, None,778.0,548.0, None, None,,,,,,,,,,,,,,,,,,,,,,,
,,,,,,,,,,,,2016-03-14 05:00:00,11,, None, None, None, None,-4.7, 159.0, None, None,778.0,548.0, None, None,,,,,,,,,,,,,,,,,,,,,,,
,,,,,,,,,,,,2016-03-14 06:00:00,11,, None, None, None, None,-4.9, 158.0, None, None,778.0,547.0, None, None,,,,,,,,,,,,,,,,,,,,,,,
,,,,,,,,,,,,2016-03-14 07:00:00,11,, None, None, None, None,-5.1, 157.0, None, None,778.0,545.0, None, None,,,,,,,,,,,,,,,,,,,,,,,
,,,,,,,,,,,,2016-03-14 08:00:00,11,, None, None, None, None,-5.4, 157.0, None, None,779.0,544.0, None, None,,,,,,,,,,,,,,,,,,,,,,,
,,,,,,,,,,,,2016-03-14 09:00:00,11,, None, None, None, None,-5.7, 157.0, None, None,779.0,544.0, None, None,,,,,,,,,,,,,,,,,,,,,,,
,,,,,,,,,,,,2016-03-14 10:00:00,11,, None, None, None, None,-6.1, 157.0, None, None,779.0,543.0, None, None,,,,,,,,,,,,,,,,,,,,,,,
,,,,,,,,,,,,2016-03-14 11:00:00,11,, None, None, None, None,-6.3, 157.0, None, None,779.0,542.0, None, None,,,,,,,,,,,,,,,,,,,,,,,
,,,,,,,,,,,,2016-03-14 12:00:00,11,, None, None, None, None,-7.3, 157.0, None, None,779.0,541.0, None, None,,,,,,,,,,,,,,,,,,,,,,,
,,,,,,,,,,,,2016-03-14 13:00:00,11,, None, None, None, None,-7.6, 157.0, None, None,780.0,540.0, None, None,,,,,,,,,,,,,,,,,,,,,,,
,,,,,,,,,,,,2016-03-14 14:00:00,11,, None, None, None, None,-7.5, 157.0, None, None,780.0,539.0, None, None,,,,,,,,,,,,,,,,,,,,,,,
,,,,,,,,,,,,2016-03-14 15:00:00,11,, None, None, None, None,-7.8, 157.0, None, None,780.0,538.0, None, None,,,,,,,,,,,,,,,,,,,,,,,
,,,,,,,,,,,,2016-03-14 16:00:00,11,, None, None, None, None,-5.9, 157.0, None, None,779.0,537.0, None, None,,,,,,,,,,,,,,,,,,,,,,,
,,,,,,,,,,,,2016-03-14 17:00:00,11,, None, None, None, None,-5.0, 156.0, None, None,779.0,536.0, None, None,,,,,,,,,,,,,,,,,,,,,,,
,,,,,,,,,,,,2016-03-14 18:00:00,11,, None, None, None, None,-4.1, 156.0, None, None,778.0,536.0, None, None,,,,,,,,,,,,,,,,,,,,,,,
,,,,,,,,,,,,2016-03-14 19:00:00,11,, None, None, None, None,-4.0, 156.0, None, None,778.0,535.0, None, None,,,,,,,,,,,,,,,,,,,,,,,
,,,,,,,,,,,,2016-03-14 20:00:00,11,, None, None, None, None,-3.3, 156.0, None, None,778.0,535.0, None, None,,,,,,,,,,,,,,,,,,,,,,,
,,,,,,,,,,,,2016-03-14 21:00:00,11,, None, None, None, None,-2.7, 156.0, None, None,778.0,535.0, None, None,,,,,,,,,,,,,,,,,,,,,,,
,,,,,,,,,,,,2016-03-14 22:00:00,11,, None, None, None, None,-2.2, 156.0, None, None,778.0,536.0, None, None,,,,,,,,,,,,,,,,,,,,,,,
,,,,,,,,,,,,2016-03-14 23:00:00,11,, None, None, None, None,-3.3, 156.0, None, None,778.0,536.0, None, None,,,,,,,,,,,,,,,,,,,,,,,
,,,,,,,,,,,,2016-03-15 00:00:00,11,, None, None, None, None,-3.2, 156.0, None, None,778.0,536.0, None, None,,,,,,,,,,,,,,,,,,,,,,,
,,,,,,,,,,,,2016-03-15 01:00:00,11,, None, None, None, None,-4.3, 156.0, None, None,779.0,535.0, None, None,,,,,,,,,,,,,,,,,,,,,,,
,,,,,,,,,,,,2016-03-15 02:00:00,11,, None, None, None, None,-5.4, 156.0, None, None,779.0,535.0, None, None,,,,,,,,,,,,,,,,,,,,,,,
,,,,,,,,,,,,2016-03-15 03:00:00,11,, None, None, None, None,-7.1, 156.0, None, None,780.0,535.0, None, None,,,,,,,,,,,,,,,,,,,,,,,
,,,,,,,,,,,,2016-03-15 04:00:00,11,, None, None, None, None,-8.5, 156.0, None, None,780.0,535.0, None, None,,,,,,,,,,,,,,,,,,,,,,,
,,,,,,,,,,,,2016-03-15 05:00:00,11,, None, None, None, None,-7.4, 156.0, None, None,780.0,535.0, None, None,,,,,,,,,,,,,,,,,,,,,,,
,,,,,,,,,,,,2016-03-15 06:00:00,11,, None, None, None, None,-6.6, 155.0, None, None,779.0,535.0, None, None,,,,,,,,,,,,,,,,,,,,,,,
,,,,,,,,,,,,2016-03-15 07:00:00,11,, None, None, None, None,-6.1, 155.0, None, None,780.0,535.0, None, None,,,,,,,,,,,,,,,,,,,,,,,
,,,,,,,,,,,,2016-03-15 08:00:00,11,, None, None, None, None,-6.0, 156.0, None, None,780.0,535.0, None, None,,,,,,,,,,,,,,,,,,,,,,,
,,,,,,,,,,,,2016-03-15 09:00:00,11,, None, None, None, None,-6.0, 155.0, None, None,781.0,535.0, None, None,,,,,,,,,,,,,,,,,,,,,,,
,,,,,,,,,,,,2016-03-15 10:00:00,11,, None, None, None, None,-6.1, 157.0, None, None,780.0,535.0, None, None,,,,,,,,,,,,,,,,,,,,,,,
,,,,,,,,,,,,2016-03-15 11:00:00,11,, None, None, None, None,-6.3, 158.0, None, None,780.0,535.0, None, None,,,,,,,,,,,,,,,,,,,,,,,
,,,,,,,,,,,,2016-03-15 12:00:00,11,, None, None, None, None,-6.4, 157.0, None, None,779.0,535.0, None, None,,,,,,,,,,,,,,,,,,,,,,,
,,,,,,,,,,,,2016-03-15 13:00:00,11,, None, None, None, None,-6.6, 157.0, None, None,781.0,535.0, None, None,,,,,,,,,,,,,,,,,,,,,,,
,,,,,,,,,,,,2016-03-15 14:00:00,11,, None, None, None, None,-6.7, 157.0, None, None,781.0,535.0, None, None,,,,,,,,,,,,,,,,,,,,,,,
,,,,,,,,,,,,2016-03-15 15:00:00,11,, None, None, None, None,-6.7, 158.0, None, None,783.0,536.0, None, None,,,,,,,,,,,,,,,,,,,,,,,
,,,,,,,,,,,,2016-03-15 16:00:00,11,, 0.0, None, None, None,-6.5, 159.0, None, None,784.0,536.0, None, None,,,,,,,,,,,,,,,,,,,,,,,
,,,,,,,,,,,,2016-03-15 17:00:00,11,, None, None, None, None,-6.0, 159.0, None, None,782.0,536.0, None, None,,,,,,,,,,,,,,,,,,,,,,,
,,,,,,,,,,,,2016-03-15 18:00:00,11,, None, None, None, None,-5.3, 157.0, None, None,783.0,536.0, None, None,,,,,,,,,,,,,,,,,,,,,,,
,,,,,,,,,,,,2016-03-15 19:00:00,11,, None, None, None, None,-4.3, 155.0, None, None,784.0,536.0, None, None,,,,,,,,,,,,,,,,,,,,,,,
,,,,,,,,,,,,2016-03-15 20:00:00,11,, None, None, None, None,-3.9, 158.0, None, None,783.0,537.0, None, None,,,,,,,,,,,,,,,,,,,,,,,
,,,,,,,,,,,,2016-03-15 21:00:00,11,, None, None, None, None,-3.6, 159.0, None, None,784.0,538.0, None, None,,,,,,,,,,,,,,,,,,,,,,,
,,,,,,,,,,,,2016-03-15 22:00:00,11,, None, None, None, None,-3.6, 158.0, None, None,783.0,539.0, None, None,,,,,,,,,,,,,,,,,,,,,,,
,,,,,,,,,,,,2016-03-15 23:00:00,11,, None, None, None, None,-3.7, 158.0, None, None,784.0,539.0, None, None,,,,,,,,,,,,,,,,,,,,,,,
,,,,,,,,,,,,2016-03-16 00:00:00,11,, None, None, None, None,-3.5, 158.0, None, None,784.0,540.0, None, None,,,,,,,,,,,,,,,,,,,,,,,
,,,,,,,,,,,,2016-03-16 01:00:00,11,, None, None, None, None,-4.2, 158.0, None, None,784.0,540.0, None, None,,,,,,,,,,,,,,,,,,,,,,,
,,,,,,,,,,,,2016-03-16 02:00:00,11,, None, None, None, None,-5.9, 158.0, None, None,785.0,540.0, None, None,,,,,,,,,,,,,,,,,,,,,,,
,,,,,,,,,,,,2016-03-16 03:00:00,11,, None, None, None, None,-6.2, 158.0, None, None,785.0,541.0, None, None,,,,,,,,,,,,,,,,,,,,,,,
,,,,,,,,,,,,2016-03-16 04:00:00,11,, None, None, None, None,-7.5, 158.0, None, None,785.0,540.0, None, None,,,,,,,,,,,,,,,,,,,,,,,
,,,,,,,,,,,,2016-03-16 05:00:00,11,, None, None, None, None,-8.6, 157.0, None, None,786.0,540.0, None, None,,,,,,,,,,,,,,,,,,,,,,,
,,,,,,,,,,,,2016-03-16 06:00:00,11,, None, None, None, None,-7.8, 157.0, None, None,786.0,540.0, None, None,,,,,,,,,,,,,,,,,,,,,,,
,,,,,,,,,,,,2016-03-16 07:00:00,11,, None, None, None, None,-8.6, 157.0, None, None,786.0,540.0, None, None,,,,,,,,,,,,,,,,,,,,,,,
,,,,,,,,,,,,2016-03-16 08:00:00,11,, None, None, None, None,-7.6, 157.0, None, None,786.0,540.0, None, None,,,,,,,,,,,,,,,,,,,,,,,
,,,,,,,,,,,,2016-03-16 09:00:00,11,, None, None, None, None,-8.2, 157.0, None, None,786.0,540.0, None, None,,,,,,,,,,,,,,,,,,,,,,,
,,,,,,,,,,,,2016-03-16 10:00:00,11,, None, None, None, None,-8.7, 157.0, None, None,786.0,540.0, None, None,,,,,,,,,,,,,,,,,,,,,,,
,,,,,,,,,,,,2016-03-16 11:00:00,11,, None, None, None, None,-7.8, 157.0, None, None,786.0,540.0, None, None,,,,,,,,,,,,,,,,,,,,,,,
,,,,,,,,,,,,2016-03-16 12:00:00,11,, None, None, None, None,-7.6, 156.0, None, None,785.0,540.0, None, None,,,,,,,,,,,,,,,,,,,,,,,
,,,,,,,,,,,,2016-03-16 13:00:00,11,, None, None, None, None,-8.3, 156.0, None, None,784.0,540.0, None, None,,,,,,,,,,,,,,,,,,,,,,,
,,,,,,,,,,,,2016-03-16 14:00:00,11,, None, None, None, None,-7.7, 157.0, None, None,783.0,540.0, None, None,,,,,,,,,,,,,,,,,,,,,,,
,,,,,,,,,,,,2016-03-16 15:00:00,11,, None, None, None, None,-7.1, 155.0, None, None,784.0,540.0, None, None,,,,,,,,,,,,,,,,,,,,,,,
,,,,,,,,,,,,2016-03-16 16:00:00,11,, 0.0, None, None, None,-6.3, 159.0, None, None,782.0,540.0, None, None,,,,,,,,,,,,,,,,,,,,,,,
,,,,,,,,,,,,2016-03-16 17:00:00,11,, None, None, None, None,-6.0, 154.0, None, None,782.0,540.0, None, None,,,,,,,,,,,,,,,,,,,,,,,
,,,,,,,,,,,,2016-03-16 18:00:00,11,, None, None, None, None,-5.2, 159.0, None, None,784.0,540.0, None, None,,,,,,,,,,,,,,,,,,,,,,,
,,,,,,,,,,,,2016-03-16 19:00:00,11,, None, None, None, None,-4.4, 159.0, None, None,784.0,541.0, None, None,,,,,,,,,,,,,,,,,,,,,,,
,,,,,,,,,,,,2016-03-16 20:00:00,11,, None, None, None, None,-5.8, 162.0, None, None,777.0,544.0, None, None,,,,,,,,,,,,,,,,,,,,,,,
,,,,,,,,,,,,2016-03-16 21:00:00,11,, None, None, None, None,-3.2, 161.0, None, None,791.0,545.0, None, None,,,,,,,,,,,,,,,,,,,,,,,
,,,,,,,,,,,,2016-03-16 22:00:00,11,, None, None, None, None,-2.9, 161.0, None, None,790.0,547.0, None, None,,,,,,,,,,,,,,,,,,,,,,,
,,,,,,,,,,,,2016-03-16 23:00:00,11,, None, None, None, None,-3.2, 161.0, None, None,789.0,547.0, None, None,,,,,,,,,,,,,,,,,,,,,,,
,,,,,,,,,,,,2016-03-17 00:00:00,11,, None, None, None, None,-4.0, 158.0, None, None,789.0,548.0, None, None,,,,,,,,,,,,,,,,,,,,,,,
,,,,,,,,,,,,2016-03-17 01:00:00,11,, None, None, None, None,-5.9, 160.0, None, None,790.0,548.0, None, None,,,,,,,,,,,,,,,,,,,,,,,
,,,,,,,,,,,,2016-03-17 02:00:00,11,, None, None, None, None,-6.6, 159.0, None, None,792.0,548.0, None, None,,,,,,,,,,,,,,,,,,,,,,,
,,,,,,,,,,,,2016-03-17 03:00:00,11,, None, None, None, None,-8.5, 159.0, None, None,792.0,547.0, None, None,,,,,,,,,,,,,,,,,,,,,,,
,,,,,,,,,,,,2016-03-17 04:00:00,11,, None, None, None, None,-9.7, 160.0, None, None,792.0,547.0, None, None,,,,,,,,,,,,,,,,,,,,,,,
,,,,,,,,,,,,2016-03-17 05:00:00,11,, None, None, None, None,-9.3, 160.0, None, None,792.0,547.0, None, None,,,,,,,,,,,,,,,,,,,,,,,
,,,,,,,,,,,,2016-03-17 06:00:00,11,, None, None, None, None,-8.7, 160.0, None, None,792.0,547.0, None, None,,,,,,,,,,,,,,,,,,,,,,,
,,,,,,,,,,,,2016-03-17 07:00:00,11,, None, None, None, None,-7.8, 160.0, None, None,792.0,547.0, None, None,,,,,,,,,,,,,,,,,,,,,,,
,,,,,,,,,,,,2016-03-17 08:00:00,11,, None, None, None, None,-8.1, 160.0, None, None,792.0,547.0, None, None,,,,,,,,,,,,,,,,,,,,,,,
,,,,,,,,,,,,2016-03-17 09:00:00,11,, None, None, None, None,-8.8, 160.0, None, None,792.0,546.0, None, None,,,,,,,,,,,,,,,,,,,,,,,
,,,,,,,,,,,,2016-03-17 10:00:00,11,, None, None, None, None,-9.9, 161.0, None, None,792.0,546.0, None, None,,,,,,,,,,,,,,,,,,,,,,,
,,,,,,,,,,,,2016-03-17 11:00:00,11,, None, None, None, None,-9.8, 161.0, None, None,792.0,546.0, None, None,,,,,,,,,,,,,,,,,,,,,,,
,,,,,,,,,,,,2016-03-17 12:00:00,11,, None, None, None, None,-10.0, 161.0, None, None,793.0,546.0, None, None,,,,,,,,,,,,,,,,,,,,,,,
,,,,,,,,,,,,2016-03-17 13:00:00,11,, None, None, None, None,-10.4, 160.0, None, None,793.0,546.0, None, None,,,,,,,,,,,,,,,,,,,,,,,
,,,,,,,,,,,,2016-03-17 14:00:00,11,, None, None, None, None,-10.8, 160.0, None, None,794.0,545.0, None, None,,,,,,,,,,,,,,,,,,,,,,,
,,,,,,,,,,,,2016-03-17 15:00:00,11,, None, None, None, None,-11.2, 160.0, None, None,794.0,545.0, None, None,,,,,,,,,,,,,,,,,,,,,,,
,,,,,,,,,,,,2016-03-17 16:00:00,11,, 0.0, None, None, None,-9.8, 160.0, None, None,793.0,545.0, None, None,,,,,,,,,,,,,,,,,,,,,,,
,,,,,,,,,,,,2016-03-17 17:00:00,11,, None, None, None, None,-7.8, 160.0, None, None,791.0,544.0, None, None,,,,,,,,,,,,,,,,,,,,,,,
,,,,,,,,,,,,2016-03-17 18:00:00,11,, None, None, None, None,-5.4, 159.0, None, None,790.0,544.0, None, None,,,,,,,,,,,,,,,,,,,,,,,
,,,,,,,,,,,,2016-03-17 19:00:00,11,, None, None, None, None,-4.6, 158.0, None, None,789.0,544.0, None, None,,,,,,,,,,,,,,,,,,,,,,,
,,,,,,,,,,,,2016-03-17 20:00:00,11,, None, None, None, None,-3.0, 158.0, None, None,789.0,545.0, None, None,,,,,,,,,,,,,,,,,,,,,,,
,,,,,,,,,,,,2016-03-17 21:00:00,11,, None, None, None, None,-1.9, 155.0, None, None,789.0,546.0, None, None,,,,,,,,,,,,,,,,,,,,,,,
,,,,,,,,,,,,2016-03-17 22:00:00,11,, None, None, None, None,-1.3, 158.0, None, None,789.0,547.0, None, None,,,,,,,,,,,,,,,,,,,,,,,
,,,,,,,,,,,,2016-03-17 23:00:00,11,, None, None, None, None,-2.7, 158.0, None, None,789.0,547.0, None, None,,,,,,,,,,,,,,,,,,,,,,,
, None, None,, None,, None,, None,,,,2016-03-11 00:00:00,11, None,,,,,, None,,, None,,,,91.7, None, None, None,0.507,330.2, None,-5.0,875.0, None, None, None,62.77, None,-4.298, None, None, None, None,35.32, None, None, None
, None, None,, None,, None,, None,,,,2016-03-11 01:00:00,11, None,,,,,, None,,, None,,,,92.9, None, None, None,0.817,335.2, None,-6.0,689.0, None, None, None,62.72, None,-5.269, None, None, None, None,14.96, None, None, None
, None, None,, None,, None,, None,,,,2016-03-11 02:00:00,11, None,,,,,, None,,, None,,,,94.0, None, None, None,0.751,336.5, None,-7.0,652.9, None, None, None,62.69, None,-6.352, None, None, None, None,11.21, None, None, None
, None, None,, None,, None,, None,,,,2016-03-11 03:00:00,11, None,,,,,, None,,, None,,,,95.1, None, None, None,0.885,330.1, None,-8.0,643.1, None, None, None,62.73, None,-7.267, None, None, None, None,15.52, None, None, None
, None, None,, None,, None,, None,,,,2016-03-11 05:00:00,11, None,,,,,, None,,, None,,,,95.7, None, None, None,0.656,340.7, None,-9.0,640.6, None, None, None,62.74, None,-8.21, None, None, None, None,22.88, None, None, None
, None, None,, None,, None,, None,,,,2016-03-11 07:00:00,11, None,,,,,, None,,, None,,,,95.5, None, None, None,0.617,352.7, None,-9.0,706.1, None, None, None,62.77, None,-8.24, None, None, None, None,24.09, None, None, None
, None, None,, None,, None,, None,,,,2016-03-11 09:00:00,11, None,,,,,, None,,, None,,,,72.5, None, None, None,3.332,138.4, None,-4.0,715.3, None, None, None,63.31, None,0.345, None, None, None, None,28.4, None, None, None
, None, None,, None,, None,, None,,,,2016-03-11 10:00:00,11, None,,,,,, None,,, None,,,,51.4, None, None, None,9.7,149.1, None,-5.0,715.4, None, None, None,63.21, None,3.792, None, None, None, None,25.44, None, None, None
, None, None,, None,, None,, None,,,,2016-03-11 11:00:00,11, None,,,,,, None,,, None,,,,43.25, None, None, None,10.56,148.6, None,-6.0,679.9, None, None, None,62.95, None,5.411, None, None, None, None,27.87, None, None, None
, None, None,, None,, None,, None,,,,2016-03-11 12:00:00,11, None,,,,,, None,,, None,,,,41.82, None, None, None,10.83,149.8, None,-6.0,644.3, None, None, None,62.8, None,5.902, None, None, None, None,27.58, None, None, None
, None, None,, None,, None,, None,,,,2016-03-11 14:00:00,11, None,,,,,, None,,, None,,,,26.73, None, None, None,10.09,148.3, None,-10.0,638.4, None, None, None,63.14, None,7.553, None, None, None, None,31.87, None, None, None
, None, None,, None,, None,, None,,,,2016-03-11 15:00:00,11, None,,,,,, None,,, None,,,,26.63, None, None, None,8.82,147.5, None,-10.0,637.5, None, None, None,62.58, None,8.04, None, None, None, None,33.76, None, None, None
, None, None,, None,, None,, None,,,,2016-03-11 16:00:00,11, None,,,,,, None,,, None,,,,31.29, None, None, None,9.18,139.7, None,-9.0,635.4, None, None, None,62.64, None,7.271, None, None, None, None,35.52, None, None, None
, None, None,, None,, None,, None,,,,2016-03-11 18:00:00,11, None,,,,,, None,,, None,,,,48.59, None, None, None,8.0,146.0, None,-5.0,633.1, None, None, None,62.07, None,5.518, None, None, None, None,32.12, None, None, None
, None, None,, None,, None,, None,,,,2016-03-11 19:00:00,11, None,,,,,, None,,, None,,,,65.46, None, None, None,10.41,146.5, None,-2.0,633.8, None, None, None,61.61, None,4.212, None, None, None, None,29.59, None, None, None
, None, None,, None,, None,, None,,,,2016-03-11 20:00:00,11, None,,,,,, None,,, None,,,,81.4, None, None, None,6.596,149.1, None,0.0,632.7, None, None, None,61.65, None,2.858, None, None, None, None,30.18, None, None, None
, None, None,, None,, None,, None,,,,2016-03-11 21:00:00,11, None,,,,,, None,,, None,,,,93.6, None, None, None,6.4,152.1, None,1.0,631.5, None, None, None,61.7, None,1.696, None, None, None, None,25.4, None, None, None
, None, None,, None,, None,, None,,,,2016-03-11 22:00:00,11, None,,,,,, None,,, None,,,,95.0, None, None, None,4.039,149.6, None,1.0,629.4, None, None, None,61.65, None,1.599, None, None, None, None,31.71, None, None, None
, None, None,, None,, None,, None,,,,2016-03-11 23:00:00,11, None,,,,,, None,,, None,,,,96.5, None, None, None,3.277,151.6, None,1.0,629.3, None, None, None,61.66, None,1.506, None, None, None, None,36.29, None, None, None
, None, None,, None,, None,, None,,,,2016-03-12 00:00:00,11, None,,,,,, None,,, None,,,,96.7, None, None, None,2.711,132.1, None,1.0,628.2, None, None, None,61.5, None,1.618, None, None, None, None,52.25, None, None, None
, None, None,, None,, None,, None,,,,2016-03-12 01:00:00,11, None,,,,,, None,,, None,,,,97.4, None, None, None,5.929,154.8, None,1.0,626.1, None, None, None,61.28, None,1.619, None, None, None, None,28.88, None, None, None
, None, None,, None,, None,, None,,,,2016-03-12 02:00:00,11, None,,,,,, None,,, None,,,,98.0, None, None, None,7.362,146.5, None,2.0,624.8, None, None, None,60.83, None,1.804, None, None, None, None,27.25, None, None, None
, None, None,, None,, None,, None,,,,2016-03-12 03:00:00,11, None,,,,,, None,,, None,,,,97.8, None, None, None,7.659,146.9, None,2.0,623.6, None, None, None,60.01, None,2.181, None, None, None, None,24.92, None, None, None
, None, None,, None,, None,, None,,,,2016-03-12 04:00:00,11, None,,,,,, None,,, None,,,,98.1, None, None, None,6.527,153.0, None,2.0,625.7, None, None, None,60.92, None,2.031, None, None, None, None,22.91, None, None, None
, None, None,, None,, None,, None,,,,2016-03-12 05:00:00,11, None,,,,,, None,,, None,,,,98.3, None, None, None,4.74,150.0, None,2.0,625.2, None, None, None,60.76, None,2.149, None, None, None, None,28.72, None, None, None
, None, None,, None,, None,, None,,,,2016-03-12 06:00:00,11, None,,,,,, None,,, None,,,,98.3, None, None, None,5.438,152.1, None,2.0,624.6, None, None, None,59.72, None,2.228, None, None, None, None,28.19, None, None, None
, None, None,, None,, None,, None,,,,2016-03-12 07:00:00,11, None,,,,,, None,,, None,,,,98.5, None, None, None,6.114,145.9, None,2.0,624.7, None, None, None,60.41, None,2.519, None, None, None, None,26.89, None, None, None
, None, None,, None,, None,, None,,,,2016-03-12 08:00:00,11, None,,,,,, None,,, None,,,,97.3, None, None, None,7.156,147.2, None,3.0,624.3, None, None, None,59.76, None,2.956, None, None, None, None,26.55, None, None, None
, None, None,, None,, None,, None,,,,2016-03-12 09:00:00,11, None,,,,,, None,,, None,,,,95.4, None, None, None,10.36,154.1, None,3.0,624.4, None, None, None,60.13, None,3.29, None, None, None, None,22.15, None, None, None
, None, None,, None,, None,, None,,,,2016-03-12 10:00:00,11, None,,,,,, None,,, None,,,,94.2, None, None, None,11.47,149.4, None,2.0,623.7, None, None, None,59.88, None,3.241, None, None, None, None,22.62, None, None, None
, None, None,, None,, None,, None,,,,2016-03-12 11:00:00,11, None,,,,,, None,,, None,,,,93.4, None, None, None,10.78,146.8, None,2.0,620.8, None, None, None,59.46, None,3.121, None, None, None, None,27.18, None, None, None
, None, None,, None,, None,, None,,,,2016-03-12 12:00:00,11, None,,,,,, None,,, None,,,,85.6, None, None, None,8.64,145.8, None,2.0,622.5, None, None, None,59.08, None,4.186, None, None, None, None,27.47, None, None, None
, None, None,, None,, None,, None,,,,2016-03-12 13:00:00,11, None,,,,,, None,,, None,,,,71.88, None, None, None,7.992,150.9, None,0.0,622.8, None, None, None,58.36, None,4.885, None, None, None, None,28.45, None, None, None
, None, None,, None,, None,, None,,,,2016-03-12 14:00:00,11, None,,,,,, None,,, None,,,,65.18, None, None, None,11.59,151.6, None,-1.0,626.9, None, None, None,59.29, None,5.104, None, None, None, None,26.07, None, None, None
, None, None,, None,, None,, None,,,,2016-03-12 15:00:00,11, None,,,,,, None,,, None,,,,72.47, None, None, None,8.83,149.1, None,-1.0,631.5, None, None, None,58.43, None,3.731, None, None, None, None,30.74, None, None, None
, None, None,, None,, None,, None,,,,2016-03-12 16:00:00,11, None,,,,,, None,,, None,,,,88.8, None, None, None,7.05,150.8, None,0.0,630.2, None, None, None,58.14, None,1.812, None, None, None, None,38.34, None, None, None
, None, None,, None,, None,, None,,,,2016-03-12 17:00:00,11, None,,,,,, None,,, None,,,,94.1, None, None, None,3.023,152.2, None,1.0,629.9, None, None, None,57.6, None,1.405, None, None, None, None,41.68, None, None, None
, None, None,, None,, None,, None,,,,2016-03-12 18:00:00,11, None,,,,,, None,,, None,,,,93.8, None, None, None,3.47,238.9, None,-1.0,630.2, None, None, None,57.62, None,0.394, None, None, None, None,67.83, None, None, None
, None, None,, None,, None,, None,,,,2016-03-12 19:00:00,11, None,,,,,, None,,, None,,,,95.9, None, None, None,2.552,129.4, None,-1.0,626.2, None, None, None,57.5, None,-0.535, None, None, None, None,66.86, None, None, None
, None, None,, None,, None,, None,,,,2016-03-12 20:00:00,11, None,,,,,, None,,, None,,,,97.7, None, None, None,3.314,143.3, None,-1.0,629.1, None, None, None,57.41, None,-0.924, None, None, None, None,29.73, None, None, None
, None, None,, None,, None,, None,,,,2016-03-12 21:00:00,11, None,,,,,, None,,, None,,,,99.0, None, None, None,5.248,163.1, None,-1.0,629.0, None, None, None,57.46, None,-0.992, None, None, None, None,20.74, None, None, None
, None, None,, None,, None,, None,,,,2016-03-12 22:00:00,11, None,,,,,, None,,, None,,,,98.3, None, None, None,4.039,148.8, None,-2.0,625.9, None, None, None,57.66, None,-1.566, None, None, None, None,21.16, None, None, None
, None, None,, None,, None,, None,,,,2016-03-12 23:00:00,11, None,,,,,, None,,, None,,,,98.7, None, None, None,0.281,92.7, None,-2.0,629.1, None, None, None,57.43, None,-1.889, None, None, None, None,64.06, None, None, None
, None, None,, None,, None,, None,,,,2016-03-13 00:00:00,11, None,,,,,, None,,, None,,,,98.7, None, None, None,0.034,125.1, None,-2.0,627.7, None, None, None,57.23, None,-1.852, None, None, None, None,19.32, None, None, None
, None, None,, None,, None,, None,,,,2016-03-13 01:00:00,11, None,,,,,, None,,, None,,,,99.0, None, None, None,0.972,174.1, None,-2.0,629.6, None, None, None,57.12, None,-1.694, None, None, None, None,32.39, None, None, None
, None, None,, None,, None,, None,,,,2016-03-13 04:00:00,11, None,,,,,, None,,, None,,,,99.0, None, None, None,4.167,150.7, None,-3.0,626.1, None, None, None,56.69, None,-2.651, None, None, None, None,13.38, None, None, None
, None, None,, None,, None,, None,,,,2016-03-13 05:00:00,11, None,,,,,, None,,, None,,,,98.5, None, None, None,4.228,142.1, None,-3.0,628.1, None, None, None,56.33, None,-2.863, None, None, None, None,26.51, None, None, None
, None, None,, None,, None,, None,,,,2016-03-13 08:00:00,11, None,,,,,, None,,, None,,,,96.2, None, None, None,2.751,155.0, None,-4.0,625.1, None, None, None,56.39, None,-3.463, None, None, None, None,23.72, None, None, None
, None, None,, None,, None,, None,,,,2016-03-13 09:00:00,11, None,,,,,, None,,, None,,,,92.9, None, None, None,6.116,144.7, None,-3.0,623.1, None, None, None,57.02, None,-2.566, None, None, None, None,24.56, None, None, None
, None, None,, None,, None,, None,,,,2016-03-13 10:00:00,11, None,,,,,, None,,, None,,,,86.4, None, None, None,7.436,143.0, None,-2.0,624.0, None, None, None,56.53, None,-0.554, None, None, None, None,31.57, None, None, None
, None, None,, None,, None,, None,,,,2016-03-13 11:00:00,11, None,,,,,, None,,, None,,,,85.0, None, None, None,10.28,144.2, None,-2.0,627.5, None, None, None,56.45, None,-0.232, None, None, None, None,27.75, None, None, None
, None, None,, None,, None,, None,,,,2016-03-13 12:00:00,11, None,,,,,, None,,, None,,,,84.0, None, None, None,11.54,153.3, None,-2.0,626.8, None, None, None,56.57, None,-0.106, None, None, None, None,23.41, None, None, None
, None, None,, None,, None,, None,,,,2016-03-13 13:00:00,11, None,,,,,, None,,, None,,,,83.4, None, None, None,7.364,146.9, None,-2.0,629.2, None, None, None,56.5, None,0.023, None, None, None, None,28.1, None, None, None
, None, None,, None,, None,, None,,,,2016-03-13 14:00:00,11, None,,,,,, None,,, None,,,,88.4, None, None, None,7.194,149.3, None,-2.0,628.6, None, None, None,57.08, None,-0.276, None, None, None, None,23.42, None, None, None
, None, None,, None,, None,, None,,,,2016-03-13 15:00:00,11, None,,,,,, None,,, None,,,,95.5, None, None, None,7.321,147.6, None,-1.0,626.2, None, None, None,57.82, None,-0.245, None, None, None, None,29.83, None, None, None
, None, None,, None,, None,, None,,,,2016-03-13 16:00:00,11, None,,,,,, None,,, None,,,,87.6, None, None, None,6.53,144.2, None,-2.0,625.4, None, None, None,56.67, None,0.228, None, None, None, None,32.71, None, None, None
, None, None,, None,, None,, None,,,,2016-03-13 17:00:00,11, None,,,,,, None,,, None,,,,94.7, None, None, None,4.783,154.1, None,-1.0,624.0, None, None, None,58.35, None,-0.11, None, None, None, None,31.65, None, None, None
, None, None,, None,, None,, None,,,,2016-03-13 18:00:00,11, None,,,,,, None,,, None,,,,94.8, None, None, None,5.613,153.1, None,-1.0,623.7, None, None, None,58.27, None,-0.011, None, None, None, None,23.97, None, None, None
, None, None,, None,, None,, None,,,,2016-03-13 19:00:00,11, None,,,,,, None,,, None,,,,96.4, None, None, None,5.647,155.6, None,-1.0,623.3, None, None, None,58.17, None,-0.393, None, None, None, None,26.41, None, None, None
, None, None,, None,, None,, None,,,,2016-03-13 20:00:00,11, None,,,,,, None,,, None,,,,97.9, None, None, None,7.133,150.4, None,-1.0,623.4, None, None, None,59.02, None,-0.311, None, None, None, None,25.77, None, None, None
, None, None,, None,, None,, None,,,,2016-03-13 22:00:00,11, None,,,,,, None,,, None,,,,97.8, None, None, None,7.522,150.6, None,-1.0,621.2, None, None, None,59.44, None,-0.604, None, None, None, None,24.82, None, None, None
, None, None,, None,, None,, None,,,,2016-03-13 23:00:00,11, None,,,,,, None,,, None,,,,96.4, None, None, None,7.411,154.0, None,-1.0,620.0, None, None, None,59.44, None,-0.791, None, None, None, None,19.69, None, None, None
, None, None,, None,, None,, None,,,,2016-03-14 00:00:00,11, None,,,,,, None,,, None,,,,95.5, None, None, None,5.987,151.7, None,-2.0,619.7, None, None, None,59.39, None,-0.986, None, None, None, None,24.18, None, None, None
, None, None,, None,, None,, None,,,,2016-03-14 02:00:00,11, None,,,,,, None,,, None,,,,96.3, None, None, None,1.831,148.6, None,-2.0,620.8, None, None, None,59.24, None,-1.791, None, None, None, None,37.63, None, None, None
, None, None,, None,, None,, None,,,,2016-03-14 03:00:00,11, None,,,,,, None,,, None,,,,97.3, None, None, None,0.767,145.2, None,-3.0,621.5, None, None, None,59.05, None,-2.447, None, None, None, None,51.47, None, None, None
, None, None,, None,, None,, None,,,,2016-03-14 04:00:00,11, None,,,,,, None,,, None,,,,96.7, None, None, None,2.51,153.3, None,-3.0,621.1, None, None, None,59.05, None,-2.98, None, None, None, None,21.1, None, None, None
, None, None,, None,, None,, None,,,,2016-03-14 05:00:00,11, None,,,,,, None,,, None,,,,96.3, None, None, None,2.845,162.0, None,-4.0,623.1, None, None, None,58.73, None,-3.321, None, None, None, None,37.23, None, None, None
, None, None,, None,, None,, None,,,,2016-03-14 06:00:00,11, None,,,,,, None,,, None,,,,97.4, None, None, None,2.126,164.3, None,-5.0,625.6, None, None, None,58.62, None,-4.186, None, None, None, None,33.86, None, None, None
, None, None,, None,, None,, None,,,,2016-03-14 07:00:00,11, None,,,,,, None,,, None,,,,97.9, None, None, None,0.658,274.4, None,-5.0,627.3, None, None, None,58.57, None,-4.975, None, None, None, None,76.76, None, None, None
, None, None,, None,, None,, None,,,,2016-03-14 08:00:00,11, None,,,,,, None,,, None,,,,97.2, None, None, None,3.083,149.8, None,-4.0,622.6, None, None, None,58.91, None,-4.028, None, None, None, None,23.48, None, None, None
, None, None,, None,, None,, None,,,,2016-03-14 09:00:00,11, None,,,,,, None,,, None,,,,94.9, None, None, None,3.996,148.7, None,-4.0,622.5, None, None, None,58.99, None,-3.007, None, None, None, None,19.65, None, None, None
, None, None,, None,, None,, None,,,,2016-03-14 10:00:00,11, None,,,,,, None,,, None,,,,85.7, None, None, None,6.567,154.4, None,-3.0,621.5, None, None, None,59.01, None,-1.142, None, None, None, None,19.61, None, None, None
, None, None,, None,, None,, None,,,,2016-03-14 11:00:00,11, None,,,,,, None,,, None,,,,78.3, None, None, None,6.252,153.6, None,-3.0,629.6, None, None, None,59.3, None,0.243, None, None, None, None,24.76, None, None, None
, None, None,, None,, None,, None,,,,2016-03-14 12:00:00,11, None,,,,,, None,,, None,,,,68.2, None, None, None,6.634,156.9, None,-3.0,627.8, None, None, None,59.75, None,1.726, None, None, None, None,21.47, None, None, None
, None, None,, None,, None,, None,,,,2016-03-14 13:00:00,11, None,,,,,, None,,, None,,,,56.14, None, None, None,5.708,153.2, None,-6.0,628.2, None, None, None,58.76, None,3.178, None, None, None, None,48.42, None, None, None
, None, None,, None,, None,, None,,,,2016-03-14 14:00:00,11, None,,,,,, None,,, None,,,,44.66, None, None, None,6.89,156.6, None,-6.0,634.7, None, None, None,58.58, None,4.422, None, None, None, None,44.17, None, None, None
, None, None,, None,, None,, None,,,,2016-03-14 15:00:00,11, None,,,,,, None,,, None,,,,37.55, None, None, None,4.439,215.2, None,-8.0,632.1, None, None, None,57.94, None,4.941, None, None, None, None,71.69, None, None, None
, None, None,, None,, None,, None,,,,2016-03-14 16:00:00,11, None,,,,,, None,,, None,,,,59.81, None, None, None,7.278,165.9, None,-4.0,637.3, None, None, None,58.3, None,2.511, None, None, None, None,30.48, None, None, None
, None, None,, None,, None,, None,,,,2016-03-14 17:00:00,11, None,,,,,, None,,, None,,,,60.08, None, None, None,6.879,160.9, None,-6.0,635.2, None, None, None,58.31, None,1.648, None, None, None, None,30.22, None, None, None
, None, None,, None,, None,, None,,,,2016-03-14 18:00:00,11, None,,,,,, None,,, None,,,,72.64, None, None, None,4.151,153.3, None,-4.0,636.1, None, None, None,58.51, None,0.471, None, None, None, None,42.46, None, None, None
, None, None,, None,, None,, None,,,,2016-03-14 19:00:00,11, None,,,,,, None,,, None,,,,84.4, None, None, None,2.355,161.7, None,-4.0,635.8, None, None, None,57.88, None,-1.579, None, None, None, None,39.58, None, None, None
, None, None,, None,, None,, None,,,,2016-03-14 20:00:00,11, None,,,,,, None,,, None,,,,90.1, None, None, None,0.674,298.3, None,-4.0,635.0, None, None, None,57.98, None,-2.745, None, None, None, None,53.7, None, None, None
, None, None,, None,, None,, None,,,,2016-03-14 21:00:00,11, None,,,,,, None,,, None,,,,91.2, None, None, None,0.361,357.4, None,-4.0,632.4, None, None, None,58.07, None,-2.893, None, None, None, None,55.9, None, None, None
, None, None,, None,, None,, None,,,,2016-03-14 22:00:00,11, None,,,,,, None,,, None,,,,92.1, None, None, None,0.666,317.7, None,-4.0,631.6, None, None, None,58.05, None,-2.77, None, None, None, None,35.61, None, None, None
, None, None,, None,, None,, None,,,,2016-03-14 23:00:00,11, None,,,,,, None,,, None,,,,91.7, None, None, None,0.838,12.12, None,-4.0,634.0, None, None, None,58.06, None,-2.528, None, None, None, None,75.48, None, None, None
, None, None,, None,, None,, None,,,,2016-03-15 00:00:00,11, None,,,,,, None,,, None,,,,94.8, None, None, None,0.554,346.8, None,-3.0,632.6, None, None, None,58.06, None,-2.243, None, None, None, None,62.72, None, None, None
, None, None,, None,, None,, None,,,,2016-03-15 01:00:00,11, None,,,,,, None,,, None,,,,96.3, None, None, None,0.462,149.5, None,-3.0,631.8, None, None, None,58.36, None,-2.12, None, None, None, None,50.68, None, None, None
, None, None,, None,, None,, None,,,,2016-03-15 02:00:00,11, None,,,,,, None,,, None,,,,97.0, None, None, None,0.164,277.2, None,-3.0,633.3, None, None, None,59.11, None,-2.143, None, None, None, None,59.65, None, None, None
, None, None,, None,, None,, None,,,,2016-03-15 03:00:00,11, None,,,,,, None,,, None,,,,97.4, None, None, None,0.46,19.55, None,-2.0,634.1, None, None, None,58.67, None,-2.14, None, None, None, None,67.51, None, None, None
, None, None,, None,, None,, None,,,,2016-03-15 04:00:00,11, None,,,,,, None,,, None,,,,97.3, None, None, None,0.392,86.4, None,-3.0,634.4, None, None, None,57.25, None,-2.269, None, None, None, None,52.04, None, None, None
, None, None,, None,, None,, None,,,,2016-03-15 05:00:00,11, None,,,,,, None,,, None,,,,96.8, None, None, None,1.037,143.7, None,-3.0,634.9, None, None, None,55.7, None,-2.74, None, None, None, None,30.89, None, None, None
, None, None,, None,, None,, None,,,,2016-03-15 07:00:00,11, None,,,,,, None,,, None,,,,97.7, None, None, None,0.127,133.1, None,-3.0,633.4, None, None, None,60.03, None,-2.767, None, None, None, None,5.128, None, None, None
, None, None,, None,, None,, None,,,,2016-03-15 09:00:00,11, None,,,,,, None,,, None,,,,93.2, None, None, None,0.006,146.2, None,-2.0,632.7, None, None, None,55.3, None,-1.569, None, None, None, None,10.99, None, None, None
, None, None,, None,, None,, None,,,,2016-03-15 11:00:00,11, None,,,,,, None,,, None,,,,67.72, None, None, None,1.997,105.5, None,-3.0,635.3, None, None, None,59.46, None,2.5, None, None, None, None,66.72, None, None, None
, None, None,, None,, None,, None,,,,2016-03-15 12:00:00,11, None,,,,,, None,,, None,,,,57.25, None, None, None,2.061,333.7, None,-4.0,635.6, None, None, None,58.46, None,2.988, None, None, None, None,71.65, None, None, None
, None, None,, None,, None,, None,,,,2016-03-15 13:00:00,11, None,,,,,, None,,, None,,,,62.32, None, None, None,2.228,335.2, None,-5.0,635.2, None, None, None,59.0, None,1.968, None, None, None, None,59.39, None, None, None
, None, None,, None,, None,, None,,,,2016-03-15 14:00:00,11, None,,,,,, None,,, None,,,,73.8, None, None, None,2.176,10.67, None,-3.0,635.7, None, None, None,58.8, None,1.114, None, None, None, None,60.02, None, None, None
, None, None,, None,, None,, None,,,,2016-03-15 15:00:00,11, None,,,,,, None,,, None,,,,60.6, None, None, None,2.712,24.19, None,-5.0,631.9, None, None, None,58.91, None,2.366, None, None, None, None,61.68, None, None, None
, None, None,, None,, None,, None,,,,2016-03-15 16:00:00,11, None,,,,,, None,,, None,,,,41.28, None, None, None,4.688,164.0, None,-8.0,632.3, None, None, None,58.73, None,3.815, None, None, None, None,64.52, None, None, None
, None, None,, None,, None,, None,,,,2016-03-15 17:00:00,11, None,,,,,, None,,, None,,,,39.39, None, None, None,3.338,316.1, None,-9.0,638.1, None, None, None,58.55, None,3.299, None, None, None, None,73.33, None, None, None
, None, None,, None,, None,, None,,,,2016-03-15 18:00:00,11, None,,,,,, None,,, None,,,,45.52, None, None, None,2.431,303.4, None,-8.0,638.1, None, None, None,58.54, None,2.663, None, None, None, None,67.2, None, None, None
, None, None,, None,, None,, None,,,,2016-03-15 19:00:00,11, None,,,,,, None,,, None,,,,64.57, None, None, None,1.097,269.5, None,-6.0,638.5, None, None, None,58.09, None,-0.872, None, None, None, None,67.96, None, None, None
, None, None,, None,, None,, None,,,,2016-03-15 20:00:00,11, None,,,,,, None,,, None,,,,73.77, None, None, None,0.521,310.1, None,-7.0,639.0, None, None, None,58.58, None,-3.066, None, None, None, None,26.36, None, None, None
, None, None,, None,, None,, None,,,,2016-03-15 21:00:00,11, None,,,,,, None,,, None,,,,80.5, None, None, None,0.702,323.0, None,-7.0,637.9, None, None, None,58.46, None,-4.112, None, None, None, None,17.35, None, None, None
, None, None,, None,, None,, None,,,,2016-03-15 22:00:00,11, None,,,,,, None,,, None,,,,85.4, None, None, None,1.071,312.9, None,-7.0,635.1, None, None, None,58.62, None,-5.496, None, None, None, None,14.8, None, None, None
, None, None,, None,, None,, None,,,,2016-03-15 23:00:00,11, None,,,,,, None,,, None,,,,87.5, None, None, None,1.599,330.8, None,-8.0,635.2, None, None, None,58.61, None,-6.866, None, None, None, None,11.94, None, None, None
, None, None,, None,, None,, None,,,,2016-03-16 00:00:00,11, None,,,,,, None,,, None,,,,89.9, None, None, None,2.258,328.3, None,-9.0,633.7, None, None, None,58.67, None,-7.83, None, None, None, None,15.83, None, None, None
, None, None,, None,, None,, None,,,,2016-03-16 02:00:00,11, None,,,,,, None,,, None,,,,90.6, None, None, None,2.474,326.5, None,-9.0,634.4, None, None, None,58.61, None,-8.13, None, None, None, None,15.06, None, None, None
, None, None,, None,, None,, None,,,,2016-03-16 03:00:00,11, None,,,,,, None,,, None,,,,92.2, None, None, None,2.063,331.9, None,-10.0,635.4, None, None, None,58.63, None,-8.63, None, None, None, None,14.55, None, None, None
, None, None,, None,, None,, None,,,,2016-03-16 04:00:00,11, None,,,,,, None,,, None,,,,93.6, None, None, None,1.947,331.5, None,-10.0,638.3, None, None, None,58.65, None,-8.83, None, None, None, None,16.0, None, None, None
, None, None,, None,, None,, None,,,,2016-03-16 05:00:00,11, None,,,,,, None,,, None,,,,93.5, None, None, None,2.2,331.2, None,-10.0,639.4, None, None, None,58.63, None,-9.03, None, None, None, None,15.66, None, None, None
, None, None,, None,, None,, None,,,,2016-03-16 06:00:00,11, None,,,,,, None,,, None,,,,93.6, None, None, None,1.72,341.6, None,-11.0,658.1, None, None, None,58.63, None,-9.85, None, None, None, None,18.93, None, None, None
, None, None,, None,, None,, None,,,,2016-03-16 07:00:00,11, None,,,,,, None,,, None,,,,93.3, None, None, None,1.261,339.4, None,-10.0,634.8, None, None, None,58.62, None,-9.63, None, None, None, None,19.85, None, None, None
, None, None,, None,, None,, None,,,,2016-03-16 08:00:00,11, None,,,,,, None,,, None,,,,93.0, None, None, None,1.42,338.3, None,-10.0,633.9, None, None, None,58.67, None,-9.32, None, None, None, None,15.42, None, None, None
, None, None,, None,, None,, None,,,,2016-03-16 09:00:00,11, None,,,,,, None,,, None,,,,81.1, None, None, None,0.765,60.29, None,-7.0,632.9, None, None, None,58.94, None,-4.126, None, None, None, None,50.61, None, None, None
, None, None,, None,, None,, None,,,,2016-03-16 10:00:00,11, None,,,,,, None,,, None,,,,70.01, None, None, None,1.175,99.3, None,-5.0,633.7, None, None, None,58.89, None,-0.484, None, None, None, None,39.31, None, None, None
, None, None,, None,, None,, None,,,,2016-03-16 11:00:00,11, None,,,,,, None,,, None,,,,62.44, None, None, None,1.8,15.02, None,-5.0,641.9, None, None, None,58.96, None,0.799, None, None, None, None,62.25, None, None, None
, None, None,, None,, None,, None,,,,2016-03-16 12:00:00,11, None,,,,,, None,,, None,,,,79.64, None, None, None,3.154,345.4, None,-3.0,641.9, None, None, None,59.16, None,-0.35, None, None, None, None,63.26, None, None, None
, None, None,, None,, None,, None,,,,2016-03-16 13:00:00,11, None,,,,,, None,,, None,,,,56.61, None, None, None,3.145,358.6, None,-5.0,640.8, None, None, None,58.84, None,2.317, None, None, None, None,64.47, None, None, None
, None, None,, None,, None,, None,,,,2016-03-16 14:00:00,11, None,,,,,, None,,, None,,,,73.24, None, None, None,3.941,329.4, None,-3.0,642.0, None, None, None,58.87, None,0.964, None, None, None, None,53.81, None, None, None
, None, None,, None,, None,, None,,,,2016-03-16 15:00:00,11, None,,,,,, None,,, None,,,,52.8, None, None, None,3.078,302.9, None,-5.0,635.7, None, None, None,58.54, None,3.587, None, None, None, None,65.31, None, None, None
, None, None,, None,, None,, None,,,,2016-03-16 16:00:00,11, None,,,,,, None,,, None,,,,41.9, None, None, None,3.45,279.6, None,-8.0,634.6, None, None, None,58.83, None,3.195, None, None, None, None,65.43, None, None, None
, None, None,, None,, None,, None,,,,2016-03-16 17:00:00,11, None,,,,,, None,,, None,,,,64.88, None, None, None,4.006,324.8, None,-5.0,641.4, None, None, None,59.23, None,0.963, None, None, None, None,57.68, None, None, None
, None, None,, None,, None,, None,,,,2016-03-16 18:00:00,11, None,,,,,, None,,, None,,,,73.46, None, None, None,1.438,337.2, None,-4.0,643.9, None, None, None,59.37, None,-0.271, None, None, None, None,56.08, None, None, None
, None, None,, None,, None,, None,,,,2016-03-16 19:00:00,11, None,,,,,, None,,, None,,,,80.1, None, None, None,0.468,343.8, None,-4.0,659.3, None, None, None,58.44, None,-1.725, None, None, None, None,42.39, None, None, None
, None, None,, None,, None,, None,,,,2016-03-16 20:00:00,11, None,,,,,, None,,, None,,,,81.9, None, None, None,0.835,318.4, None,-4.0,641.8, None, None, None,58.43, None,-1.961, None, None, None, None,46.01, None, None, None
, None, None,, None,, None,, None,,,,2016-03-16 21:00:00,11, None,,,,,, None,,, None,,,,84.4, None, None, None,0.666,327.3, None,-5.0,640.1, None, None, None,58.4, None,-3.185, None, None, None, None,45.29, None, None, None
, None, None,, None,, None,, None,,,,2016-03-16 22:00:00,11, None,,,,,, None,,, None,,,,79.96, None, None, None,0.987,302.2, None,-5.0,638.5, None, None, None,58.52, None,-2.874, None, None, None, None,23.24, None, None, None
, None, None,, None,, None,, None,,,,2016-03-16 23:00:00,11, None,,,,,, None,,, None,,,,78.64, None, None, None,0.977,297.3, None,-6.0,634.9, None, None, None,58.45, None,-2.84, None, None, None, None,18.44, None, None, None
, None, None,, None,, None,, None,,,,2016-03-17 00:00:00,11, None,,,,,, None,,, None,,,,82.9, None, None, None,0.327,320.4, None,-6.0,636.1, None, None, None,58.32, None,-3.594, None, None, None, None,13.63, None, None, None
, None, None,, None,, None,, None,,,,2016-03-17 01:00:00,11, None,,,,,, None,,, None,,,,83.5, None, None, None,0.811,310.7, None,-6.0,636.2, None, None, None,58.4, None,-3.369, None, None, None, None,42.57, None, None, None
, None, None,, None,, None,, None,,,,2016-03-17 02:00:00,11, None,,,,,, None,,, None,,,,83.7, None, None, None,0.419,277.4, None,-7.0,636.7, None, None, None,58.27, None,-5.008, None, None, None, None,55.43, None, None, None
, None, None,, None,, None,, None,,,,2016-03-17 03:00:00,11, None,,,,,, None,,, None,,,,86.3, None, None, None,0.52,291.2, None,-7.0,639.0, None, None, None,58.44, None,-5.546, None, None, None, None,41.23, None, None, None
, None, None,, None,, None,, None,,,,2016-03-17 04:00:00,11, None,,,,,, None,,, None,,,,87.4, None, None, None,0.959,307.1, None,-8.0,636.2, None, None, None,58.41, None,-6.194, None, None, None, None,25.78, None, None, None
, None, None,, None,, None,, None,,,,2016-03-17 05:00:00,11, None,,,,,, None,,, None,,,,90.2, None, None, None,1.377,330.0, None,-10.0,637.6, None, None, None,58.3, None,-8.32, None, None, None, None,13.1, None, None, None
, None, None,, None,, None,, None,,,,2016-03-17 06:00:00,11, None,,,,,, None,,, None,,,,90.2, None, None, None,1.75,333.0, None,-9.0,637.1, None, None, None,58.48, None,-7.861, None, None, None, None,14.61, None, None, None
, None, None,, None,, None,, None,,,,2016-03-17 07:00:00,11, None,,,,,, None,,, None,,,,91.8, None, None, None,1.477,333.7, None,-10.0,639.4, None, None, None,58.3, None,-8.53, None, None, None, None,16.42, None, None, None
, None, None,, None,, None,, None,,,,2016-03-17 08:00:00,11, None,,,,,, None,,, None,,,,91.7, None, None, None,2.192,319.5, None,-10.0,645.2, None, None, None,58.21, None,-9.13, None, None, None, None,22.49, None, None, None
, None, None,, None,, None,, None,,,,2016-03-17 09:00:00,11, None,,,,,, None,,, None,,,,69.91, None, None, None,1.471,345.2, None,-8.0,637.4, None, None, None,58.56, None,-3.561, None, None, None, None,44.82, None, None, None
, None, None,, None,, None,, None,,,,2016-03-17 10:00:00,11, None,,,,,, None,,, None,,,,57.7, None, None, None,3.048,345.7, None,-8.0,640.0, None, None, None,58.93, None,-1.265, None, None, None, None,51.42, None, None, None
, None, None,, None,, None,, None,,,,2016-03-17 11:00:00,11, None,,,,,, None,,, None,,,,50.65, None, None, None,3.823,335.8, None,-9.0,645.7, None, None, None,59.04, None,0.169, None, None, None, None,52.36, None, None, None
, None, None,, None,, None,, None,,,,2016-03-17 12:00:00,11, None,,,,,, None,,, None,,,,46.37, None, None, None,3.624,305.3, None,-8.0,653.3, None, None, None,58.29, None,2.277, None, None, None, None,64.49, None, None, None
, None, None,, None,, None,, None,,,,2016-03-17 13:00:00,11, None,,,,,, None,,, None,,,,46.64, None, None, None,3.868,300.8, None,-8.0,648.0, None, None, None,59.01, None,2.505, None, None, None, None,60.73, None, None, None
, None, None,, None,, None,, None,,,,2016-03-17 14:00:00,11, None,,,,,, None,,, None,,,,39.9, None, None, None,4.497,302.1, None,-9.0,647.2, None, None, None,58.6, None,3.267, None, None, None, None,61.36, None, None, None
, None, None,, None,, None,, None,,,,2016-03-17 15:00:00,11, None,,,,,, None,,, None,,,,37.98, None, None, None,4.097,304.7, None,-8.0,644.9, None, None, None,58.17, None,4.241, None, None, None, None,56.25, None, None, None
, None, None,, None,, None,, None,,,,2016-03-17 16:00:00,11, None,,,,,, None,,, None,,,,33.9, None, None, None,3.931,310.4, None,-10.0,642.7, None, None, None,58.97, None,3.582, None, None, None, None,54.32, None, None, None
, None, None,, None,, None,, None,,,,2016-03-17 17:00:00,11, None,,,,,, None,,, None,,,,38.3, None, None, None,3.979,320.3, None,-10.0,646.7, None, None, None,58.38, None,2.376, None, None, None, None,49.55, None, None, None
, None, None,, None,, None,, None,,,,2016-03-17 18:00:00,11, None,,,,,, None,,, None,,,,40.24, None, None, None,3.585,319.6, None,-11.0,646.9, None, None, None,59.06, None,1.505, None, None, None, None,48.67, None, None, None
, None, None,, None,, None,, None,,,,2016-03-17 19:00:00,11, None,,,,,, None,,, None,,,,53.8, None, None, None,1.829,314.3, None,-8.0,654.6, None, None, None,57.74, None,-1.266, None, None, None, None,38.33, None, None, None
, None, None,, None,, None,, None,,,,2016-03-17 20:00:00,11, None,,,,,, None,,, None,,,,62.72, None, None, None,0.87,304.8, None,-9.0,645.6, None, None, None,58.14, None,-3.311, None, None, None, None,23.68, None, None, None
, None, None,, None,, None,, None,,,,2016-03-17 21:00:00,11, None,,,,,, None,,, None,,,,67.05, None, None, None,1.622,328.1, None,-9.0,659.0, None, None, None,58.01, None,-4.236, None, None, None, None,17.75, None, None, None
, None, None,, None,, None,, None,,,,2016-03-17 23:00:00,11, None,,,,,, None,,, None,,,,70.06, None, None, None,1.686,280.9, None,-9.0,642.7, None, None, None,58.07, None,-4.65, None, None, None, None,29.98, None, None, None
