pcpn_amt_pst24hrs,ONE_DAY_PRECIPITATION,pcpn_amt_pst1hr,snw_dpth_wtr_equiv,cum_pcpn_amt,MIN_TEMP,ONE_DAY_SNOW,time,air_temp_1,SNOW_ON_THE_GROUND,snw_dpth,MAX_TEMP,week_of_year
None, None, 0.0,392.0,881.0, None, None,2022-12-24 00:00:00,-20.5, None,124.0, None,52
None, None, 0.0,392.0,881.0, None, None,2022-12-24 01:00:00,-20.3, None,124.0, None,52
None, None, 0.0,392.0,881.0, None, None,2022-12-24 02:00:00,-19.9, None,124.0, None,52
None, None, 0.0,392.0,881.0, None, None,2022-12-24 03:00:00,-19.7, None,124.0, None,52
1.0, None, None,393.0,880.0, None, None,2022-12-24 04:00:00,-19.3, None,124.0, None,52
3.0, None, None,394.0,879.0, None, None,2022-12-24 05:00:00,-19.5, None,124.0, None,52
None, None, 1.0,394.0,880.0, None, None,2022-12-24 06:00:00,-19.2, None,123.0, None,52
4.0, None, None,395.0,879.0, None, None,2022-12-24 07:00:00,-19.3, None,123.0, None,52
6.0, None, 0.0,398.0,879.0, None, None,2022-12-24 08:00:00,-19.0, None,127.0, None,52
6.0, None, 2.0,400.0,881.0, None, None,2022-12-24 09:00:00,-18.2, None,129.0, None,52
4.0, None, 0.0,401.0,881.0, None, None,2022-12-24 10:00:00,-17.1, None,129.0, None,52
2.0, None, 0.0,402.0,881.0, None, None,2022-12-24 11:00:00,-16.6, None,130.0, None,52
None, None, None,402.0,880.0, None, None,2022-12-24 12:00:00,-15.6, None,130.0, None,52
None, None, 0.0,402.0,880.0, None, None,2022-12-24 13:00:00,-13.2, None,130.0, None,52
0.0, None, 1.0,403.0,881.0, None, None,2022-12-24 14:00:00,-14.1, None,130.0, None,52
None, None, None,403.0,880.0, None, None,2022-12-24 15:00:00,-12.2, None,130.0, None,52
None, None, None,403.0,879.0, None, None,2022-12-24 16:00:00,-11.1, None,129.0, None,52
None, None, None,403.0,878.0, None, None,2022-12-24 17:00:00,-10.0, None,129.0, None,52
None, None, 0.0,403.0,878.0, None, None,2022-12-24 18:00:00,-8.5, None,129.0, None,52
None, None, 0.0,403.0,878.0, None, None,2022-12-24 19:00:00,-5.3, None,129.0, None,52
None, None, None,404.0,876.0, None, None,2022-12-24 20:00:00,-3.7, None,129.0, None,52
None, None, 0.0,404.0,876.0, None, None,2022-12-24 21:00:00,-2.1, None,129.0, None,52
None, None, None,406.0,874.0, None, None,2022-12-24 22:00:00,-1.8, None,129.0, None,52
None, None, 2.0,410.0,876.0, None, None,2022-12-24 23:00:00,-1.0, None,132.0, None,52
0.0, None, 5.0,412.0,881.0, None, None,2022-12-25 00:00:00,-2.7, None,136.0, None,52
4.0, None, 4.0,413.0,885.0, None, None,2022-12-25 01:00:00,-1.3, None,139.0, None,52
5.0, None, 1.0,413.0,886.0, None, None,2022-12-25 02:00:00,-1.3, None,141.0, None,52
7.0, None, 2.0,413.0,888.0, None, None,2022-12-25 03:00:00,-1.1, None,140.0, None,52
7.0, None, None,414.0,887.0, None, None,2022-12-25 04:00:00,-1.1, None,139.0, None,52
12.0, None, 4.0,414.0,891.0, None, None,2022-12-25 05:00:00,-0.5, None,139.0, None,52
12.0, None, 1.0,415.0,892.0, None, None,2022-12-25 06:00:00,-0.7, None,139.0, None,52
15.0, None, 2.0,415.0,894.0, None, None,2022-12-25 07:00:00,-2.0, None,139.0, None,52
16.0, None, 1.0,415.0,895.0, None, None,2022-12-25 08:00:00,-1.9, None,139.0, None,52
15.0, None, 1.0,415.0,896.0, None, None,2022-12-25 09:00:00,-2.4, None,138.0, None,52
16.0, None, 1.0,416.0,897.0, None, None,2022-12-25 10:00:00,-2.4, None,138.0, None,52
15.0, None, None,417.0,896.0, None, None,2022-12-25 11:00:00,-1.9, None,137.0, None,52
15.0, None, None,419.0,895.0, None, None,2022-12-25 12:00:00,-1.6, None,140.0, None,52
15.0, None, 0.0,423.0,895.0, None, None,2022-12-25 13:00:00,-1.6, None,142.0, None,52
16.0, None, 2.0,427.0,897.0, None, None,2022-12-25 14:00:00,-1.9, None,143.0, None,52
20.0, None, 3.0,429.0,900.0, None, None,2022-12-25 15:00:00,-1.7, None,146.0, None,52
22.0, None, 1.0,432.0,901.0, None, None,2022-12-25 16:00:00,-1.7, None,147.0, None,52
25.0, None, 2.0,434.0,903.0, None, None,2022-12-25 17:00:00,-2.3, None,148.0, None,52
27.0, None, 2.0,436.0,905.0, None, None,2022-12-25 18:00:00,-2.2, None,149.0, None,52
28.0, None, 1.0,438.0,906.0, None, None,2022-12-25 19:00:00,-1.9, None,149.0, None,52
32.0, None, 2.0,438.0,908.0, None, None,2022-12-25 20:00:00,-1.2, None,150.0, None,52
32.0, None, 0.0,439.0,908.0, None, None,2022-12-25 21:00:00,-0.6, None,149.0, None,52
35.0, None, 1.0,439.0,909.0, None, None,2022-12-25 22:00:00,-0.7, None,148.0, None,52
34.0, None, 1.0,440.0,910.0, None, None,2022-12-25 23:00:00,-1.4, None,148.0, None,52
30.0, None, 1.0,440.0,911.0, None, None,2022-12-26 00:00:00,-1.1, None,149.0, None,52
26.0, None, 0.0,440.0,911.0, None, None,2022-12-26 01:00:00,-1.9, None,148.0, None,52
25.0, None, 0.0,440.0,911.0, None, None,2022-12-26 02:00:00,-2.0, None,148.0, None,52
23.0, None, 0.0,440.0,911.0, None, None,2022-12-26 03:00:00,-2.5, None,147.0, None,52
25.0, None, 1.0,441.0,912.0, None, None,2022-12-26 04:00:00,-2.7, None,147.0, None,52
20.0, None, None,441.0,911.0, None, None,2022-12-26 05:00:00,-1.9, None,147.0, None,52
19.0, None, 0.0,441.0,911.0, None, None,2022-12-26 06:00:00,-1.7, None,147.0, None,52
17.0, None, 0.0,441.0,911.0, None, None,2022-12-26 07:00:00,-2.3, None,147.0, None,52
16.0, None, 0.0,444.0,911.0, None, None,2022-12-26 08:00:00,-2.5, None,151.0, None,52
16.0, None, 1.0,446.0,912.0, None, None,2022-12-26 09:00:00,-1.8, None,153.0, None,52
16.0, None, 1.0,449.0,913.0, None, None,2022-12-26 10:00:00,-1.7, None,155.0, None,52
18.0, None, 1.0,449.0,914.0, None, None,2022-12-26 11:00:00,-1.7, None,156.0, None,52
20.0, None, 1.0,449.0,915.0, None, None,2022-12-26 12:00:00,-1.7, None,156.0, None,52
20.0, None, 0.0,449.0,915.0, None, None,2022-12-26 13:00:00,-1.7, None,155.0, None,52
18.0, None, 0.0,450.0,915.0, None, None,2022-12-26 14:00:00,-1.9, None,156.0, None,52
15.0, None, 0.0,452.0,915.0, None, None,2022-12-26 15:00:00,-1.3, None,157.0, None,52
14.0, None, 0.0,453.0,915.0, None, None,2022-12-26 16:00:00,-1.2, None,159.0, None,52
13.0, None, 1.0,453.0,916.0, None, None,2022-12-26 17:00:00,-1.4, None,159.0, None,52
11.0, None, 0.0,453.0,916.0, None, None,2022-12-26 18:00:00,-1.6, None,159.0, None,52
10.0, None, 0.0,454.0,916.0, None, None,2022-12-26 19:00:00,-2.1, None,160.0, None,52
9.0, None, 1.0,455.0,917.0, None, None,2022-12-26 21:00:00,-2.5, None,159.0, None,52
8.0, None, 0.0,455.0,917.0, None, None,2022-12-26 22:00:00,-2.6, None,159.0, None,52
7.0, None, 0.0,456.0,917.0, None, None,2022-12-26 23:00:00,-2.9, None,159.0, None,52
7.0, None, 1.0,456.0,918.0, None, None,2022-12-27 00:00:00,-3.5, None,158.0, None,52
7.0, None, 0.0,456.0,918.0, None, None,2022-12-27 01:00:00,-3.7, None,158.0, None,52
7.0, None, 0.0,456.0,918.0, None, None,2022-12-27 02:00:00,-4.7, None,157.0, None,52
7.0, None, 0.0,456.0,918.0, None, None,2022-12-27 03:00:00,-5.8, None,157.0, None,52
7.0, None, 1.0,456.0,919.0, None, None,2022-12-27 04:00:00,-5.8, None,157.0, None,52
8.0, None, 0.0,456.0,919.0, None, None,2022-12-27 05:00:00,-5.6, None,157.0, None,52
8.0, None, 0.0,455.0,919.0, None, None,2022-12-27 06:00:00,-5.3, None,156.0, None,52
8.0, None, 0.0,455.0,919.0, None, None,2022-12-27 07:00:00,-5.1, None,156.0, None,52
8.0, None, 0.0,455.0,919.0, None, None,2022-12-27 08:00:00,-6.4, None,156.0, None,52
7.0, None, 0.0,455.0,919.0, None, None,2022-12-27 09:00:00,-6.0, None,155.0, None,52
6.0, None, 0.0,454.0,919.0, None, None,2022-12-27 10:00:00,-5.8, None,156.0, None,52
5.0, None, 0.0,454.0,919.0, None, None,2022-12-27 11:00:00,-4.6, None,155.0, None,52
3.0, None, None,454.0,918.0, None, None,2022-12-27 12:00:00,-2.0, None,153.0, None,52
3.0, None, 0.0,454.0,918.0, None, None,2022-12-27 13:00:00,-3.8, None,155.0, None,52
2.0, None, None,454.0,917.0, None, None,2022-12-27 14:00:00,-4.1, None,155.0, None,52
3.0, None, 1.0,454.0,918.0, None, None,2022-12-27 15:00:00,-5.4, None,155.0, None,52
4.0, None, 1.0,454.0,919.0, None, None,2022-12-27 16:00:00,-6.4, None,155.0, None,52
3.0, None, 0.0,454.0,919.0, None, None,2022-12-27 17:00:00,-7.1, None,155.0, None,52
3.0, None, 0.0,454.0,919.0, None, None,2022-12-27 18:00:00,-7.3, None,154.0, None,52
4.0, None, 1.0,454.0,920.0, None, None,2022-12-27 19:00:00,-7.4, None,154.0, None,52
4.0, None, 0.0,453.0,920.0, None, None,2022-12-27 20:00:00,-7.4, None,154.0, None,52
3.0, None, 0.0,453.0,920.0, None, None,2022-12-27 21:00:00,-7.2, None,154.0, None,52
2.0, None, None,453.0,919.0, None, None,2022-12-27 22:00:00,-7.1, None,153.0, None,52
2.0, None, 0.0,453.0,919.0, None, None,2022-12-27 23:00:00,-6.9, None,153.0, None,52
2.0, None, 1.0,452.0,920.0, None, None,2022-12-28 00:00:00,-7.0, None,153.0, None,52
0.0, None, None,452.0,918.0, None, None,2022-12-28 01:00:00,-5.3, None,153.0, None,52
1.0, None, 1.0,452.0,919.0, None, None,2022-12-28 02:00:00,-5.4, None,153.0, None,52
0.0, None, None,452.0,918.0, None, None,2022-12-28 03:00:00,-4.7, None,154.0, None,52
None, None, None,452.0,917.0, None, None,2022-12-28 04:00:00,-5.1, None,153.0, None,52
None, None, 1.0,453.0,918.0, None, None,2022-12-28 05:00:00,-5.2, None,153.0, None,52
None, None, 0.0,453.0,918.0, None, None,2022-12-28 06:00:00,-5.5, None,153.0, None,52
None, None, 0.0,453.0,918.0, None, None,2022-12-28 07:00:00,-5.4, None,153.0, None,52
None, None, 0.0,453.0,918.0, None, None,2022-12-28 08:00:00,-5.5, None,153.0, None,52
None, None, 0.0,453.0,918.0, None, None,2022-12-28 09:00:00,-5.7, None,152.0, None,52
None, None, None,453.0,917.0, None, None,2022-12-28 10:00:00,-5.5, None,153.0, None,52
None, None, 1.0,454.0,918.0, None, None,2022-12-28 11:00:00,-4.9, None,152.0, None,52
0.0, None, 0.0,454.0,918.0, None, None,2022-12-28 12:00:00,-4.8, None,154.0, None,52
0.0, None, 0.0,455.0,918.0, None, None,2022-12-28 13:00:00,-4.9, None,154.0, None,52
1.0, None, 0.0,456.0,918.0, None, None,2022-12-28 14:00:00,-5.8, None,156.0, None,52
1.0, None, 1.0,456.0,919.0, None, None,2022-12-28 15:00:00,-6.2, None,155.0, None,52
0.0, None, 0.0,456.0,919.0, None, None,2022-12-28 16:00:00,-7.0, None,156.0, None,52
1.0, None, 1.0,456.0,920.0, None, None,2022-12-28 17:00:00,-7.7, None,156.0, None,52
1.0, None, 0.0,456.0,920.0, None, None,2022-12-28 18:00:00,-7.9, None,550.0, None,52
1.0, None, 1.0,456.0,921.0, None, None,2022-12-28 19:00:00,-9.3, None,154.0, None,52
1.0, None, 0.0,456.0,921.0, None, None,2022-12-28 20:00:00,-10.1, None,153.0, None,52
1.0, None, 0.0,456.0,921.0, None, None,2022-12-28 21:00:00,-10.2, None,151.0, None,52
2.0, None, 0.0,456.0,921.0, None, None,2022-12-28 22:00:00,-10.4, None,152.0, None,52
3.0, None, 1.0,456.0,922.0, None, None,2022-12-28 23:00:00,-10.0, None,155.0, None,52
1.0, None, None,456.0,921.0, None, None,2022-12-29 00:00:00,-9.9, None,153.0, None,52
4.0, None, 1.0,455.0,922.0, None, None,2022-12-29 01:00:00,-10.1, None,154.0, None,52
2.0, None, None,455.0,921.0, None, None,2022-12-29 02:00:00,-9.7, None,154.0, None,52
3.0, None, 0.0,455.0,921.0, None, None,2022-12-29 03:00:00,-9.4, None,153.0, None,52
4.0, None, 0.0,455.0,921.0, None, None,2022-12-29 04:00:00,-9.5, None,153.0, None,52
3.0, None, 0.0,455.0,921.0, None, None,2022-12-29 05:00:00,-9.2, None,154.0, None,52
3.0, None, 0.0,455.0,921.0, None, None,2022-12-29 06:00:00,-8.6, None,154.0, None,52
3.0, None, 0.0,456.0,921.0, None, None,2022-12-29 07:00:00,-8.9, None,153.0, None,52
2.0, None, None,456.0,920.0, None, None,2022-12-29 08:00:00,-8.6, None,155.0, None,52
0.0, None, None,456.0,918.0, None, None,2022-12-29 09:00:00,-8.5, None,155.0, None,52
1.0, None, 0.0,457.0,918.0, None, None,2022-12-29 10:00:00,-8.6, None,156.0, None,52
2.0, None, 2.0,458.0,920.0, None, None,2022-12-29 11:00:00,-7.9, None,159.0, None,52
2.0, None, 0.0,460.0,920.0, None, None,2022-12-29 12:00:00,-7.5, None,165.0, None,52
2.0, None, 0.0,462.0,920.0, None, None,2022-12-29 13:00:00,-7.5, None,169.0, None,52
2.0, None, 0.0,463.0,920.0, None, None,2022-12-29 14:00:00,-7.3, None,172.0, None,52
1.0, None, 0.0,464.0,920.0, None, None,2022-12-29 15:00:00,-7.3, None,173.0, None,52
2.0, None, 1.0,464.0,921.0, None, None,2022-12-29 16:00:00,-7.6, None,173.0, None,52
1.0, None, 0.0,465.0,921.0, None, None,2022-12-29 17:00:00,-7.7, None,173.0, None,52
1.0, None, 0.0,465.0,921.0, None, None,2022-12-29 18:00:00,-7.7, None,172.0, None,52
0.0, None, 0.0,465.0,921.0, None, None,2022-12-29 19:00:00,-7.1, None,173.0, None,52
0.0, None, 0.0,466.0,921.0, None, None,2022-12-29 20:00:00,-6.9, None,172.0, None,52
0.0, None, 0.0,466.0,921.0, None, None,2022-12-29 21:00:00,-6.9, None,172.0, None,52
0.0, None, 0.0,466.0,921.0, None, None,2022-12-29 22:00:00,-6.6, None,172.0, None,52
None, None, 0.0,466.0,921.0, None, None,2022-12-29 23:00:00,-6.7, None,172.0, None,52
1.0, None, 1.0,466.0,922.0, None, None,2022-12-30 00:00:00,-7.1, None,171.0, None,52
0.0, None, 0.0,466.0,922.0, None, None,2022-12-30 01:00:00,-7.2, None,171.0, None,52
1.0, None, 0.0,466.0,922.0, None, None,2022-12-30 02:00:00,-7.2, None,171.0, None,52
1.0, None, 0.0,466.0,922.0, None, None,2022-12-30 03:00:00,-7.8, None,170.0, None,52
1.0, None, 0.0,466.0,922.0, None, None,2022-12-30 04:00:00,-7.6, None,170.0, None,52
0.0, None, None,466.0,921.0, None, None,2022-12-30 05:00:00,-7.2, None,170.0, None,52
1.0, None, 1.0,466.0,922.0, None, None,2022-12-30 06:00:00,-7.2, None,170.0, None,52
1.0, None, 0.0,467.0,922.0, None, None,2022-12-30 07:00:00,-7.5, None,170.0, None,52
1.0, None, None,467.0,921.0, None, None,2022-12-30 08:00:00,-7.6, None,169.0, None,52
3.0, None, 0.0,467.0,921.0, None, None,2022-12-30 09:00:00,-7.5, None,169.0, None,52
3.0, None, 0.0,467.0,921.0, None, None,2022-12-30 10:00:00,-7.0, None,169.0, None,52
1.0, None, 0.0,467.0,921.0, None, None,2022-12-30 11:00:00,-7.0, None,169.0, None,52
1.0, None, 0.0,467.0,921.0, None, None,2022-12-30 12:00:00,-6.7, None,168.0, None,52
1.0, None, 0.0,467.0,921.0, None, None,2022-12-30 13:00:00,-6.9, None,168.0, None,52
2.0, None, 1.0,467.0,922.0, None, None,2022-12-30 14:00:00,-6.9, None,168.0, None,52
2.0, None, 0.0,467.0,922.0, None, None,2022-12-30 15:00:00,-6.9, None,168.0, None,52
1.0, None, 0.0,467.0,922.0, None, None,2022-12-30 16:00:00,-7.0, None,168.0, None,52
0.0, None, None,467.0,921.0, None, None,2022-12-30 17:00:00,-7.3, None,168.0, None,52
1.0, None, 1.0,467.0,922.0, None, None,2022-12-30 18:00:00,-7.4, None,167.0, None,52
1.0, None, 0.0,468.0,922.0, None, None,2022-12-30 19:00:00,-7.4, None,167.0, None,52
1.0, None, 0.0,468.0,922.0, None, None,2022-12-30 20:00:00,-7.5, None,167.0, None,52
1.0, None, 0.0,468.0,922.0, None, None,2022-12-30 21:00:00,-7.8, None,167.0, None,52
1.0, None, 0.0,468.0,922.0, None, None,2022-12-30 22:00:00,-7.4, None,167.0, None,52
1.0, None, 0.0,468.0,922.0, None, None,2022-12-30 23:00:00,-7.5, None,166.0, None,52
