RELATIVE_HUMIDITY1,STANDARD_SNOW,MINIMUM_AIR_TEMPERATURE,max_wnd_spd_10m_pst1hr,MEASURED_WIND_SPEED1,MEASURED_WIND_DIRECTION1,dwpt_temp,min_air_temp_snc_last_reset,DEW_POINT,ATMOSPHERIC_PRESSURE,avg_wnd_dir_10m_pst10mts,ACTUAL_WIND_DIRECTION,MAXIMUM_AIR_TEMPERATURE,snw_dpth,MAXIMUM_MEASURED_WIND_SPEED1,HEIGHT_OF_SNOW,pcpn_amt_pst24hrs,CURRENT_AIR_TEMPERATURE2,CURRENT_AIR_TEMPERATURE1,PRECIPITATION_NEW,max_air_temp_snc_last_reset,PRECIP_DETECTOR_RATIO,ACTUAL_WIND_SPEED,WIND_DIRECTION_STD_DEVIATION1,avg_wnd_spd_10m_pst10mts,air_temp,mslp,pcpn_amt_pst1hr,snwfl_amt_pst1hr,rel_hum,time,stn_pres,week_of_year
63.47, None, None, None, 6.174, 1.337, None, None,4.0, 922.0, None, None, None, None, None, None, None, None, 10.31, None, None, None, None, 22.03, None, None, None, None, None, None,2017-07-23 00:00:00, None,30
75.16, None, None, None, 4.947, 10.88, None, None,4.0, 922.0, None, None, None, None, None, None, None, None, 8.59, None, None, None, None, 17.21, None, None, None, None, None, None,2017-07-23 01:00:00, None,30
82.7, None, None, None, 1.242, 260.0, None, None,5.0, 922.0, None, None, None, None, None, None, None, None, 7.515, None, None, None, None, 35.88, None, None, None, None, None, None,2017-07-23 02:00:00, None,30
88.7, None, None, None, 0.439, 125.8, None, None,4.0, 922.0, None, None, None, None, None, None, None, None, 6.173, None, None, None, None, 41.7, None, None, None, None, None, None,2017-07-23 03:00:00, None,30
91.9, None, None, None, 0.747, 104.6, None, None,4.0, 922.0, None, None, None, None, None, None, None, None, 4.871, None, None, None, None, 34.18, None, None, None, None, None, None,2017-07-23 04:00:00, None,30
93.5, None, None, None, 0.466, 89.5, None, None,3.0, 922.0, None, None, None, None, None, None, None, None, 4.354, None, None, None, None, 21.59, None, None, None, None, None, None,2017-07-23 05:00:00, None,30
93.3, None, None, None, 0.121, 123.5, None, None,4.0, 923.0, None, None, None, None, None, None, None, None, 5.098, None, None, None, None, 23.26, None, None, None, None, None, None,2017-07-23 06:00:00, None,30
89.5, None, None, None, 2.35, 317.4, None, None,6.0, 923.0, None, None, None, None, None, None, None, None, 7.456, None, None, None, None, 45.46, None, None, None, None, None, None,2017-07-23 07:00:00, None,30
86.7, None, None, None, 1.146, 321.7, None, None,6.0, 923.0, None, None, None, None, None, None, None, None, 8.07, None, None, None, None, 37.89, None, None, None, None, None, None,2017-07-23 08:00:00, None,30
75.87, None, None, None, 3.051, 20.58, None, None,5.0, 923.0, None, None, None, None, None, None, None, None, 9.16, None, None, None, None, 28.85, None, None, None, None, None, None,2017-07-23 09:00:00, None,30
72.22, None, None, None, 5.948, 5.641, None, None,5.0, 923.0, None, None, None, None, None, None, None, None, 10.08, None, None, None, None, 33.33, None, None, None, None, None, None,2017-07-23 10:00:00, None,30
67.18, None, None, None, 8.6, 0.89, None, None,6.0, 923.0, None, None, None, None, None, None, None, None, 11.64, None, None, None, None, 24.96, None, None, None, None, None, None,2017-07-23 11:00:00, None,30
60.44, None, None, None, 10.21, 3.357, None, None,5.0, 923.0, None, None, None, None, None, None, None, None, 12.77, None, None, None, None, 25.23, None, None, None, None, None, None,2017-07-23 12:00:00, None,30
56.95, None, None, None, 10.97, 3.865, None, None,5.0, 923.0, None, None, None, None, None, None, None, None, 13.41, None, None, None, None, 26.21, None, None, None, None, None, None,2017-07-23 13:00:00, None,30
52.57, None, None, None, 13.93, 8.87, None, None,5.0, 923.0, None, None, None, None, None, None, None, None, 14.27, None, None, None, None, 22.79, None, None, None, None, None, None,2017-07-23 14:00:00, None,30
56.94, None, None, None, 13.12, 359.1, None, None,5.0, 923.0, None, None, None, None, None, None, None, None, 13.11, None, None, None, None, 24.83, None, None, None, None, None, None,2017-07-23 15:00:00, None,30
57.97, None, None, None, 12.76, 357.9, None, None,5.0, 923.0, None, None, None, None, None, None, None, None, 13.0, None, None, None, None, 22.08, None, None, None, None, None, None,2017-07-23 16:00:00, None,30
59.94, None, None, None, 13.2, 3.231, None, None,6.0, 924.0, None, None, None, None, None, None, None, None, 13.34, None, None, None, None, 23.92, None, None, None, None, None, None,2017-07-23 17:00:00, None,30
60.21, None, None, None, 13.25, 356.4, None, None,5.0, 924.0, None, None, None, None, None, None, None, None, 12.91, None, None, None, None, 27.56, None, None, None, None, None, None,2017-07-23 18:00:00, None,30
62.55, None, None, None, 13.42, 358.4, None, None,6.0, 924.0, None, None, None, None, None, None, None, None, 12.44, None, None, None, None, 23.37, None, None, None, None, None, None,2017-07-23 19:00:00, None,30
64.27, None, None, None, 9.97, 358.8, None, None,6.0, 924.0, None, None, None, None, None, None, None, None, 12.28, None, None, None, None, 22.82, None, None, None, None, None, None,2017-07-23 20:00:00, None,30
67.25, None, None, None, 9.05, 16.01, None, None,6.0, 924.0, None, None, None, None, None, None, None, None, 11.91, None, None, None, None, 21.03, None, None, None, None, None, None,2017-07-23 21:00:00, None,30
72.11, None, None, None, 6.987, 12.15, None, None,6.0, 924.0, None, None, None, None, None, None, None, None, 10.61, None, None, None, None, 19.08, None, None, None, None, None, None,2017-07-23 22:00:00, None,30
77.75, None, None, None, 6.561, 12.25, None, None,6.0, 924.0, None, None, None, None, None, None, None, None, 9.66, None, None, None, None, 25.02, None, None, None, None, None, None,2017-07-23 23:00:00, None,30
81.8, None, None, None, 3.362, 0.171, None, None,5.0, 924.0, None, None, None, None, None, None, None, None, 8.33, None, None, None, None, 27.06, None, None, None, None, None, None,2017-07-24 00:00:00, None,30
84.1, None, None, None, 6.057, 359.5, None, None,6.0, 924.0, None, None, None, None, None, None, None, None, 8.06, None, None, None, None, 21.85, None, None, None, None, None, None,2017-07-24 01:00:00, None,30
85.4, None, None, None, 6.539, 6.473, None, None,6.0, 924.0, None, None, None, None, None, None, None, None, 7.876, None, None, None, None, 17.64, None, None, None, None, None, None,2017-07-24 02:00:00, None,30
90.8, None, None, None, 2.318, 284.5, None, None,5.0, 924.0, None, None, None, None, None, None, None, None, 6.169, None, None, None, None, 54.59, None, None, None, None, None, None,2017-07-24 03:00:00, None,30
93.9, None, None, None, 0.883, 224.5, None, None,3.0, 924.0, None, None, None, None, None, None, None, None, 3.974, None, None, None, None, 55.17, None, None, None, None, None, None,2017-07-24 04:00:00, None,30
96.3, None, None, None, 0.583, 225.1, None, None,3.0, 924.0, None, None, None, None, None, None, None, None, 3.858, None, None, None, None, 60.03, None, None, None, None, None, None,2017-07-24 05:00:00, None,30
96.3, None, None, None, 0.931, 313.6, None, None,3.0, 924.0, None, None, None, None, None, None, None, None, 3.755, None, None, None, None, 26.08, None, None, None, None, None, None,2017-07-24 06:00:00, None,30
96.9, None, None, None, 1.26, 339.8, None, None,6.0, 924.0, None, None, None, None, None, None, None, None, 5.979, None, None, None, None, 60.37, None, None, None, None, None, None,2017-07-24 07:00:00, None,30
86.8, None, None, None, 3.335, 327.7, None, None,7.0, 924.0, None, None, None, None, None, None, None, None, 8.95, None, None, None, None, 41.83, None, None, None, None, None, None,2017-07-24 08:00:00, None,30
79.72, None, None, None, 6.96, 349.3, None, None,7.0, 924.0, None, None, None, None, None, None, None, None, 10.23, None, None, None, None, 33.11, None, None, None, None, None, None,2017-07-24 09:00:00, None,30
73.35, None, None, None, 8.4, 349.9, None, None,7.0, 924.0, None, None, None, None, None, None, None, None, 11.59, None, None, None, None, 29.8, None, None, None, None, None, None,2017-07-24 10:00:00, None,30
66.01, None, None, None, 8.16, 351.3, None, None,7.0, 923.0, None, None, None, None, None, None, None, None, 13.11, None, None, None, None, 30.34, None, None, None, None, None, None,2017-07-24 11:00:00, None,30
58.13, None, None, None, 5.76, 332.7, None, None,8.0, 923.0, None, None, None, None, None, None, None, None, 15.5, None, None, None, None, 45.02, None, None, None, None, None, None,2017-07-24 12:00:00, None,30
51.02, None, None, None, 5.476, 19.76, None, None,8.0, 923.0, None, None, None, None, None, None, None, None, 18.2, None, None, None, None, 50.41, None, None, None, None, None, None,2017-07-24 13:00:00, None,30
44.17, None, None, None, 4.042, 15.28, None, None,7.0, 922.0, None, None, None, None, None, None, None, None, 19.86, None, None, None, None, 58.52, None, None, None, None, None, None,2017-07-24 14:00:00, None,30
31.24, None, None, None, 5.012, 2.011, None, None,4.0, 922.0, None, None, None, None, None, None, None, None, 21.82, None, None, None, None, 53.68, None, None, None, None, None, None,2017-07-24 15:00:00, None,30
32.33, None, None, None, 4.218, 320.9, None, None,5.0, 921.0, None, None, None, None, None, None, None, None, 22.75, None, None, None, None, 63.15, None, None, None, None, None, None,2017-07-24 16:00:00, None,30
30.19, None, None, None, 7.049, 2.482, None, None,4.0, 921.0, None, None, None, None, None, None, None, None, 22.16, None, None, None, None, 34.48, None, None, None, None, None, None,2017-07-24 17:00:00, None,30
31.44, None, None, None, 4.219, 42.86, None, None,5.0, 921.0, None, None, None, None, None, None, None, None, 23.26, None, None, None, None, 60.04, None, None, None, None, None, None,2017-07-24 18:00:00, None,30
31.4, None, None, None, 3.837, 2.521, None, None,5.0, 920.0, None, None, None, None, None, None, None, None, 23.22, None, None, None, None, 58.07, None, None, None, None, None, None,2017-07-24 19:00:00, None,30
33.46, None, None, None, 4.179, 4.835, None, None,6.0, 920.0, None, None, None, None, None, None, None, None, 23.16, None, None, None, None, 39.65, None, None, None, None, None, None,2017-07-24 20:00:00, None,30
41.4, None, None, None, 6.155, 8.97, None, None,7.0, 920.0, None, None, None, None, None, None, None, None, 20.33, None, None, None, None, 14.23, None, None, None, None, None, None,2017-07-24 21:00:00, None,30
64.08, None, None, None, 3.11, 15.08, None, None,9.0, 920.0, None, None, None, None, None, None, None, None, 15.45, None, None, None, None, 16.37, None, None, None, None, None, None,2017-07-24 22:00:00, None,30
65.94, None, None, None, 4.944, 24.17, None, None,9.0, 920.0, None, None, None, None, None, None, None, None, 15.14, None, None, None, None, 10.9, None, None, None, None, None, None,2017-07-24 23:00:00, None,30
76.6, None, None, None, 3.821, 49.74, None, None,8.0, 920.0, None, None, None, None, None, None, None, None, 12.34, None, None, None, None, 76.9, None, None, None, None, None, None,2017-07-25 00:00:00, None,30
87.3, None, None, None, 0.603, 127.6, None, None,7.0, 921.0, None, None, None, None, None, None, None, None, 9.33, None, None, None, None, 29.77, None, None, None, None, None, None,2017-07-25 01:00:00, None,30
89.9, None, None, None, 0.426, 108.1, None, None,6.0, 921.0, None, None, None, None, None, None, None, None, 7.758, None, None, None, None, 15.4, None, None, None, None, None, None,2017-07-25 02:00:00, None,30
90.9, None, None, None, 0.831, 107.1, None, None,6.0, 921.0, None, None, None, None, None, None, None, None, 6.894, None, None, None, None, 13.12, None, None, None, None, None, None,2017-07-25 03:00:00, None,30
92.6, None, None, None, 0.84, 106.1, None, None,5.0, 921.0, None, None, None, None, None, None, None, None, 6.294, None, None, None, None, 16.18, None, None, None, None, None, None,2017-07-25 04:00:00, None,30
94.0, None, None, None, 0.631, 99.6, None, None,5.0, 921.0, None, None, None, None, None, None, None, None, 5.864, None, None, None, None, 8.45, None, None, None, None, None, None,2017-07-25 05:00:00, None,30
94.5, None, None, None, 0.556, 106.6, None, None,5.0, 921.0, None, None, None, None, None, None, None, None, 5.577, None, None, None, None, 9.35, None, None, None, None, None, None,2017-07-25 06:00:00, None,30
93.4, None, None, None, 0.373, 101.8, None, None,7.0, 921.0, None, None, None, None, None, None, None, None, 7.912, None, None, None, None, 10.54, None, None, None, None, None, None,2017-07-25 07:00:00, None,30
72.21, None, None, None, 1.158, 105.6, None, None,8.0, 921.0, None, None, None, None, None, None, None, None, 13.2, None, None, None, None, 66.87, None, None, None, None, None, None,2017-07-25 08:00:00, None,30
65.63, None, None, None, 2.631, 15.77, None, None,8.0, 921.0, None, None, None, None, None, None, None, None, 14.69, None, None, None, None, 36.95, None, None, None, None, None, None,2017-07-25 09:00:00, None,30
60.34, None, None, None, 3.644, 17.73, None, None,9.0, 921.0, None, None, None, None, None, None, None, None, 16.46, None, None, None, None, 41.91, None, None, None, None, None, None,2017-07-25 10:00:00, None,30
49.21, None, None, None, 3.213, 12.79, None, None,8.0, 921.0, None, None, None, None, None, None, None, None, 19.15, None, None, None, None, 55.97, None, None, None, None, None, None,2017-07-25 11:00:00, None,30
36.76, None, None, None, 5.985, 207.4, None, None,6.0, 921.0, None, None, None, None, None, None, None, None, 21.25, None, None, None, None, 44.57, None, None, None, None, None, None,2017-07-25 12:00:00, None,30
29.06, None, None, None, 6.011, 206.2, None, None,4.0, 920.0, None, None, None, None, None, None, None, None, 22.82, None, None, None, None, 42.62, None, None, None, None, None, None,2017-07-25 13:00:00, None,30
27.65, None, None, None, 6.355, 192.3, None, None,3.0, 920.0, None, None, None, None, None, None, None, None, 23.31, None, None, None, None, 39.6, None, None, None, None, None, None,2017-07-25 14:00:00, None,30
22.78, None, None, None, 11.05, 199.8, None, None,2.0, 920.0, None, None, None, None, None, None, None, None, 25.84, None, None, None, None, 27.52, None, None, None, None, None, None,2017-07-25 15:00:00, None,30
23.66, None, None, None, 11.68, 189.3, None, None,4.0, 919.0, None, None, None, None, None, None, None, None, 25.44, None, None, None, None, 28.61, None, None, None, None, None, None,2017-07-25 16:00:00, None,30
24.56, None, None, None, 14.7, 198.8, None, None,5.0, 919.0, None, None, None, None, None, None, None, None, 25.87, None, None, None, None, 22.42, None, None, None, None, None, None,2017-07-25 17:00:00, None,30
27.88, None, None, None, 13.21, 205.7, None, None,4.0, 919.0, None, None, None, None, None, None, None, None, 24.21, None, None, None, None, 21.36, None, None, None, None, None, None,2017-07-25 18:00:00, None,30
29.11, None, None, None, 11.81, 210.6, None, None,5.0, 918.0, None, None, None, None, None, None, None, None, 23.97, None, None, None, None, 16.13, None, None, None, None, None, None,2017-07-25 19:00:00, None,30
39.07, None, None, None, 9.57, 214.5, None, None,8.0, 918.0, None, None, None, None, None, None, None, None, 22.5, None, None, None, None, 45.5, None, None, None, None, None, None,2017-07-25 20:00:00, None,30
50.5, None, None, None, 2.636, 352.5, None, None,10.0, 918.0, None, None, None, None, None, None, None, None, 20.12, None, None, None, None, 28.11, None, None, None, None, None, None,2017-07-25 21:00:00, None,30
69.35, None, None, None, 0.348, 47.52, None, None,10.0, 918.0, None, None, None, None, None, None, None, None, 15.34, None, None, None, None, 67.62, None, None, None, None, None, None,2017-07-25 22:00:00, None,30
64.22, None, None, None, 0.731, 135.9, None, None,9.0, 918.0, None, None, None, None, None, None, None, None, 14.96, None, None, None, None, 50.8, None, None, None, None, None, None,2017-07-25 23:00:00, None,30
72.85, None, None, None, 0.607, 124.1, None, None,9.0, 918.0, None, None, None, None, None, None, None, None, 13.45, None, None, None, None, 52.44, None, None, None, None, None, None,2017-07-26 00:00:00, None,30
69.42, None, None, None, 0.689, 103.7, None, None,8.0, 919.0, None, None, None, None, None, None, None, None, 13.95, None, None, None, None, 46.46, None, None, None, None, None, None,2017-07-26 01:00:00, None,30
64.29, None, None, None, 0.947, 157.4, None, None,8.0, 919.0, None, None, None, None, None, None, None, None, 15.12, None, None, None, None, 39.31, None, None, None, None, None, None,2017-07-26 02:00:00, None,30
59.43, None, None, None, 6.392, 184.4, None, None,8.0, 918.0, None, None, None, None, None, None, None, None, 16.07, None, None, None, None, 23.02, None, None, None, None, None, None,2017-07-26 03:00:00, None,30
67.17, None, None, None, 4.213, 186.8, None, None,9.0, 918.0, None, None, None, None, None, None, None, None, 14.96, None, None, None, None, 56.06, None, None, None, None, None, None,2017-07-26 04:00:00, None,30
76.09, None, None, None, 2.99, 26.17, None, None,10.0, 919.0, None, None, None, None, None, None, None, None, 13.76, None, None, None, None, 31.47, None, None, None, None, None, None,2017-07-26 05:00:00, None,30
91.2, None, None, None, 4.247, 12.59, None, None,11.0, 919.0, None, None, None, None, None, None, None, None, 12.3, None, None, None, None, 39.16, None, None, None, None, None, None,2017-07-26 06:00:00, None,30
93.0, None, None, None, 1.117, 170.1, None, None,11.0, 918.0, None, None, None, None, None, None, None, None, 12.32, None, None, None, None, 44.71, None, None, None, None, None, None,2017-07-26 07:00:00, None,30
91.4, None, None, None, 0.509, 173.1, None, None,12.0, 919.0, None, None, None, None, None, None, None, None, 12.99, None, None, None, None, 18.19, None, None, None, None, None, None,2017-07-26 08:00:00, None,30
88.3, None, None, None, 2.469, 178.2, None, None,12.0, 919.0, None, None, None, None, None, None, None, None, 13.99, None, None, None, None, 15.68, None, None, None, None, None, None,2017-07-26 09:00:00, None,30
78.74, None, None, None, 6.862, 189.5, None, None,11.0, 919.0, None, None, None, None, None, None, None, None, 15.01, None, None, None, None, 19.25, None, None, None, None, None, None,2017-07-26 10:00:00, None,30
59.88, None, None, None, 4.755, 177.2, None, None,10.0, 918.0, None, None, None, None, None, None, None, None, 18.94, None, None, None, None, 29.4, None, None, None, None, None, None,2017-07-26 11:00:00, None,30
51.88, None, None, None, 9.29, 184.6, None, None,9.0, 918.0, None, None, None, None, None, None, None, None, 19.03, None, None, None, None, 33.42, None, None, None, None, None, None,2017-07-26 12:00:00, None,30
48.15, None, None, None, 10.26, 200.2, None, None,8.0, 918.0, None, None, None, None, None, None, None, None, 19.74, None, None, None, None, 30.62, None, None, None, None, None, None,2017-07-26 13:00:00, None,30
38.92, None, None, None, 14.51, 208.0, None, None,6.0, 918.0, None, None, None, None, None, None, None, None, 20.59, None, None, None, None, 20.06, None, None, None, None, None, None,2017-07-26 14:00:00, None,30
35.41, None, None, None, 15.8, 217.5, None, None,4.0, 918.0, None, None, None, None, None, None, None, None, 20.26, None, None, None, None, 22.63, None, None, None, None, None, None,2017-07-26 15:00:00, None,30
37.72, None, None, None, 18.23, 220.4, None, None,5.0, 918.0, None, None, None, None, None, None, None, None, 19.95, None, None, None, None, 20.68, None, None, None, None, None, None,2017-07-26 16:00:00, None,30
33.62, None, None, None, 19.91, 218.1, None, None,4.0, 918.0, None, None, None, None, None, None, None, None, 20.48, None, None, None, None, 19.48, None, None, None, None, None, None,2017-07-26 17:00:00, None,30
36.52, None, None, None, 18.6, 222.7, None, None,5.0, 918.0, None, None, None, None, None, None, None, None, 19.96, None, None, None, None, 21.52, None, None, None, None, None, None,2017-07-26 18:00:00, None,30
44.87, None, None, None, 15.85, 218.6, None, None,6.0, 919.0, None, None, None, None, None, None, None, None, 17.94, None, None, None, None, 23.09, None, None, None, None, None, None,2017-07-26 19:00:00, None,30
47.73, None, None, None, 8.7, 248.1, None, None,6.0, 919.0, None, None, None, None, None, None, None, None, 16.66, None, None, None, None, 34.72, None, None, None, None, None, None,2017-07-26 20:00:00, None,30
53.74, None, None, None, 6.811, 227.9, None, None,6.0, 919.0, None, None, None, None, None, None, None, None, 15.1, None, None, None, None, 38.56, None, None, None, None, None, None,2017-07-26 21:00:00, None,30
59.14, None, None, None, 5.711, 208.2, None, None,6.0, 919.0, None, None, None, None, None, None, None, None, 14.06, None, None, None, None, 41.36, None, None, None, None, None, None,2017-07-26 22:00:00, None,30
61.33, None, None, None, 1.485, 294.1, None, None,6.0, 920.0, None, None, None, None, None, None, None, None, 13.26, None, None, None, None, 60.15, None, None, None, None, None, None,2017-07-26 23:00:00, None,30
65.19, None, None, None, 2.514, 272.7, None, None,6.0, 920.0, None, None, None, None, None, None, None, None, 12.26, None, None, None, None, 50.64, None, None, None, None, None, None,2017-07-27 00:00:00, None,30
70.09, None, None, None, 2.366, 328.5, None, None,6.0, 920.0, None, None, None, None, None, None, None, None, 11.74, None, None, None, None, 33.69, None, None, None, None, None, None,2017-07-27 01:00:00, None,30
79.03, None, None, None, 1.142, 203.0, None, None,6.0, 920.0, None, None, None, None, None, None, None, None, 9.61, None, None, None, None, 61.21, None, None, None, None, None, None,2017-07-27 02:00:00, None,30
86.9, None, None, None, 0.656, 108.9, None, None,5.0, 920.0, None, None, None, None, None, None, None, None, 6.838, None, None, None, None, 57.71, None, None, None, None, None, None,2017-07-27 03:00:00, None,30
86.8, None, None, None, 0.673, 95.2, None, None,5.0, 921.0, None, None, None, None, None, None, None, None, 6.755, None, None, None, None, 63.76, None, None, None, None, None, None,2017-07-27 04:00:00, None,30
90.8, None, None, None, 0.52, 178.4, None, None,5.0, 920.0, None, None, None, None, None, None, None, None, 6.019, None, None, None, None, 50.76, None, None, None, None, None, None,2017-07-27 05:00:00, None,30
90.0, None, None, None, 0.058, 155.7, None, None,5.0, 921.0, None, None, None, None, None, None, None, None, 6.821, None, None, None, None, 43.08, None, None, None, None, None, None,2017-07-27 06:00:00, None,30
89.5, None, None, None, 0.111, 142.6, None, None,7.0, 921.0, None, None, None, None, None, None, None, None, 8.52, None, None, None, None, 14.05, None, None, None, None, None, None,2017-07-27 07:00:00, None,30
72.82, None, None, None, 0.389, 160.7, None, None,6.0, 921.0, None, None, None, None, None, None, None, None, 11.0, None, None, None, None, 30.35, None, None, None, None, None, None,2017-07-27 08:00:00, None,30
66.9, None, None, None, 1.589, 189.2, None, None,6.0, 921.0, None, None, None, None, None, None, None, None, 11.81, None, None, None, None, 27.84, None, None, None, None, None, None,2017-07-27 09:00:00, None,30
60.68, None, None, None, 3.148, 277.0, None, None,6.0, 921.0, None, None, None, None, None, None, None, None, 12.98, None, None, None, None, 77.54, None, None, None, None, None, None,2017-07-27 10:00:00, None,30
50.79, None, None, None, 4.375, 187.9, None, None,5.0, 921.0, None, None, None, None, None, None, None, None, 15.4, None, None, None, None, 62.08, None, None, None, None, None, None,2017-07-27 11:00:00, None,30
48.37, None, None, None, 5.417, 237.6, None, None,6.0, 921.0, None, None, None, None, None, None, None, None, 16.41, None, None, None, None, 62.12, None, None, None, None, None, None,2017-07-27 12:00:00, None,30
77.29, None, None, None, 3.642, 280.3, None, None,10.0, 921.0, None, None, None, None, None, None, None, None, 13.81, None, None, None, None, 52.9, None, None, None, None, None, None,2017-07-27 13:00:00, None,30
62.41, None, None, None, 4.659, 2.005, None, None,8.0, 921.0, None, None, None, None, None, None, None, None, 15.19, None, None, None, None, 36.54, None, None, None, None, None, None,2017-07-27 14:00:00, None,30
62.81, None, None, None, 4.379, 274.0, None, None,8.0, 922.0, None, None, None, None, None, None, None, None, 15.48, None, None, None, None, 55.03, None, None, None, None, None, None,2017-07-27 15:00:00, None,30
58.29, None, None, None, 4.171, 348.9, None, None,8.0, 921.0, None, None, None, None, None, None, None, None, 16.01, None, None, None, None, 63.35, None, None, None, None, None, None,2017-07-27 16:00:00, None,30
50.58, None, None, None, 6.94, 350.2, None, None,7.0, 921.0, None, None, None, None, None, None, None, None, 17.05, None, None, None, None, 39.24, None, None, None, None, None, None,2017-07-27 17:00:00, None,30
50.32, None, None, None, 6.848, 353.6, None, None,6.0, 921.0, None, None, None, None, None, None, None, None, 16.76, None, None, None, None, 37.29, None, None, None, None, None, None,2017-07-27 18:00:00, None,30
59.5, None, None, None, 6.193, 9.21, None, None,7.0, 921.0, None, None, None, None, None, None, None, None, 15.21, None, None, None, None, 25.86, None, None, None, None, None, None,2017-07-27 19:00:00, None,30
60.97, None, None, None, 5.771, 15.85, None, None,7.0, 921.0, None, None, None, None, None, None, None, None, 14.88, None, None, None, None, 17.82, None, None, None, None, None, None,2017-07-27 20:00:00, None,30
65.75, None, None, None, 2.28, 357.7, None, None,8.0, 921.0, None, None, None, None, None, None, None, None, 14.22, None, None, None, None, 54.47, None, None, None, None, None, None,2017-07-27 21:00:00, None,30
68.62, None, None, None, 4.214, 3.265, None, None,8.0, 921.0, None, None, None, None, None, None, None, None, 13.55, None, None, None, None, 23.52, None, None, None, None, None, None,2017-07-27 22:00:00, None,30
77.16, None, None, None, 1.655, 296.2, None, None,9.0, 921.0, None, None, None, None, None, None, None, None, 12.5, None, None, None, None, 41.12, None, None, None, None, None, None,2017-07-27 23:00:00, None,30
85.0, None, None, None, 1.418, 263.3, None, None,8.0, 922.0, None, None, None, None, None, None, None, None, 10.49, None, None, None, None, 65.67, None, None, None, None, None, None,2017-07-28 00:00:00, None,30
91.3, None, None, None, 0.647, 109.6, None, None,7.0, 922.0, None, None, None, None, None, None, None, None, 8.05, None, None, None, None, 55.03, None, None, None, None, None, None,2017-07-28 01:00:00, None,30
93.1, None, None, None, 0.099, 80.6, None, None,5.0, 922.0, None, None, None, None, None, None, None, None, 5.886, None, None, None, None, 45.71, None, None, None, None, None, None,2017-07-28 02:00:00, None,30
95.2, None, None, None, 0.783, 104.2, None, None,4.0, 922.0, None, None, None, None, None, None, None, None, 5.095, None, None, None, None, 25.07, None, None, None, None, None, None,2017-07-28 03:00:00, None,30
95.1, None, None, None, 0.665, 94.5, None, None,5.0, 922.0, None, None, None, None, None, None, None, None, 5.293, None, None, None, None, 14.34, None, None, None, None, None, None,2017-07-28 04:00:00, None,30
95.7, None, None, None, 0.214, 107.9, None, None,4.0, 922.0, None, None, None, None, None, None, None, None, 4.806, None, None, None, None, 27.19, None, None, None, None, None, None,2017-07-28 05:00:00, None,30
96.4, None, None, None, 0.544, 97.6, None, None,3.0, 922.0, None, None, None, None, None, None, None, None, 3.864, None, None, None, None, 8.92, None, None, None, None, None, None,2017-07-28 06:00:00, None,30
96.8, None, None, None, 0.744, 128.8, None, None,5.0, 922.0, None, None, None, None, None, None, None, None, 5.807, None, None, None, None, 46.92, None, None, None, None, None, None,2017-07-28 07:00:00, None,30
87.0, None, None, None, 1.586, 59.48, None, None,8.0, 922.0, None, None, None, None, None, None, None, None, 10.08, None, None, None, None, 33.65, None, None, None, None, None, None,2017-07-28 08:00:00, None,30
71.0, None, None, None, 2.212, 46.51, None, None,7.0, 922.0, None, None, None, None, None, None, None, None, 11.67, None, None, None, None, 67.38, None, None, None, None, None, None,2017-07-28 09:00:00, None,30
64.29, None, None, None, 2.874, 147.4, None, None,7.0, 922.0, None, None, None, None, None, None, None, None, 13.48, None, None, None, None, 63.36, None, None, None, None, None, None,2017-07-28 10:00:00, None,30
56.57, None, None, None, 4.125, 206.1, None, None,6.0, 922.0, None, None, None, None, None, None, None, None, 15.15, None, None, None, None, 47.14, None, None, None, None, None, None,2017-07-28 11:00:00, None,30
49.86, None, None, None, 4.835, 209.2, None, None,6.0, 922.0, None, None, None, None, None, None, None, None, 16.89, None, None, None, None, 45.0, None, None, None, None, None, None,2017-07-28 12:00:00, None,30
49.51, None, None, None, 3.649, 235.9, None, None,6.0, 922.0, None, None, None, None, None, None, None, None, 16.62, None, None, None, None, 58.22, None, None, None, None, None, None,2017-07-28 13:00:00, None,30
44.68, None, None, None, 3.495, 169.0, None, None,6.0, 921.0, None, None, None, None, None, None, None, None, 18.27, None, None, None, None, 76.11, None, None, None, None, None, None,2017-07-28 14:00:00, None,30
49.7, None, None, None, 3.969, 14.11, None, None,7.0, 921.0, None, None, None, None, None, None, None, None, 18.03, None, None, None, None, 55.4, None, None, None, None, None, None,2017-07-28 15:00:00, None,30
47.73, None, None, None, 7.764, 2.72, None, None,7.0, 921.0, None, None, None, None, None, None, None, None, 18.41, None, None, None, None, 29.5, None, None, None, None, None, None,2017-07-28 16:00:00, None,30
53.5, None, None, None, 8.13, 348.0, None, None,8.0, 921.0, None, None, None, None, None, None, None, None, 17.69, None, None, None, None, 30.13, None, None, None, None, None, None,2017-07-28 17:00:00, None,30
55.24, None, None, None, 6.887, 6.08, None, None,8.0, 921.0, None, None, None, None, None, None, None, None, 16.96, None, None, None, None, 26.86, None, None, None, None, None, None,2017-07-28 18:00:00, None,30
48.28, None, None, None, 7.701, 356.1, None, None,7.0, 921.0, None, None, None, None, None, None, None, None, 18.34, None, None, None, None, 26.37, None, None, None, None, None, None,2017-07-28 19:00:00, None,30
58.78, None, None, None, 9.54, 6.293, None, None,8.0, 920.0, None, None, None, None, None, None, None, None, 16.64, None, None, None, None, 21.45, None, None, None, None, None, None,2017-07-28 20:00:00, None,30
66.08, None, None, None, 5.845, 4.753, None, None,9.0, 920.0, None, None, None, None, None, None, None, None, 15.0, None, None, None, None, 17.25, None, None, None, None, None, None,2017-07-28 21:00:00, None,30
78.84, None, None, None, 2.765, 28.89, None, None,8.0, 920.0, None, None, None, None, None, None, None, None, 11.97, None, None, None, None, 18.61, None, None, None, None, None, None,2017-07-28 22:00:00, None,30
87.7, None, None, None, 0.753, 67.07, None, None,8.0, 920.0, None, None, None, None, None, None, None, None, 9.5, None, None, None, None, 21.45, None, None, None, None, None, None,2017-07-28 23:00:00, None,30
88.9, None, None, None, 1.224, 89.3, None, None,7.0, 920.0, None, None, None, None, None, None, None, None, 9.21, None, None, None, None, 7.912, None, None, None, None, None, None,2017-07-29 00:00:00, None,30
90.1, None, None, None, 0.379, 98.4, None, None,7.0, 919.0, None, None, None, None, None, None, None, None, 8.68, None, None, None, None, 5.767, None, None, None, None, None, None,2017-07-29 01:00:00, None,30
88.6, None, None, None, 0.47, 149.4, None, None,7.0, 919.0, None, None, None, None, None, None, None, None, 9.14, None, None, None, None, 36.07, None, None, None, None, None, None,2017-07-29 02:00:00, None,30
86.3, None, None, None, 1.189, 174.9, None, None,8.0, 919.0, None, None, None, None, None, None, None, None, 9.84, None, None, None, None, 21.46, None, None, None, None, None, None,2017-07-29 03:00:00, None,30
85.3, None, None, None, 2.902, 180.0, None, None,8.0, 918.0, None, None, None, None, None, None, None, None, 10.72, None, None, None, None, 26.66, None, None, None, None, None, None,2017-07-29 04:00:00, None,30
90.2, None, None, None, 1.608, 191.6, None, None,9.0, 919.0, None, None, None, None, None, None, None, None, 10.09, None, None, None, None, 37.75, None, None, None, None, None, None,2017-07-29 05:00:00, None,30
92.4, None, None, None, 0.957, 191.2, None, None,9.0, 918.0, None, None, None, None, None, None, None, None, 9.89, None, None, None, None, 38.63, None, None, None, None, None, None,2017-07-29 06:00:00, None,30
90.8, None, None, None, 1.506, 185.6, None, None,9.0, 918.0, None, None, None, None, None, None, None, None, 10.42, None, None, None, None, 17.92, None, None, None, None, None, None,2017-07-29 07:00:00, None,30
77.71, None, None, None, 0.843, 157.2, None, None,9.0, 918.0, None, None, None, None, None, None, None, None, 12.53, None, None, None, None, 55.76, None, None, None, None, None, None,2017-07-29 08:00:00, None,30
86.5, None, None, None, 3.076, 185.0, None, None,9.0, 918.0, None, None, None, None, None, None, None, None, 11.58, None, None, None, None, 32.88, None, None, None, None, None, None,2017-07-29 09:00:00, None,30
76.79, None, None, None, 1.595, 195.5, None, None,10.0, 918.0, None, None, None, None, None, None, None, None, 14.15, None, None, None, None, 36.77, None, None, None, None, None, None,2017-07-29 10:00:00, None,30
67.87, None, None, None, 6.112, 205.3, None, None,10.0, 918.0, None, None, None, None, None, None, None, None, 15.28, None, None, None, None, 19.2, None, None, None, None, None, None,2017-07-29 11:00:00, None,30
65.63, None, None, None, 8.38, 200.5, None, None,10.0, 919.0, None, None, None, None, None, None, None, None, 16.43, None, None, None, None, 20.89, None, None, None, None, None, None,2017-07-29 12:00:00, None,30
59.85, None, None, None, 3.504, 175.1, None, None,10.0, 919.0, None, None, None, None, None, None, None, None, 18.18, None, None, None, None, 38.6, None, None, None, None, None, None,2017-07-29 13:00:00, None,30
73.25, None, None, None, 4.916, 182.2, None, None,13.0, 919.0, None, None, None, None, None, None, None, None, 17.41, None, None, None, None, 38.89, None, None, None, None, None, None,2017-07-29 14:00:00, None,30
51.16, None, None, None, 3.881, 166.3, None, None,9.0, 919.0, None, None, None, None, None, None, None, None, 19.9, None, None, None, None, 38.99, None, None, None, None, None, None,2017-07-29 15:00:00, None,30
48.77, None, None, None, 14.37, 202.8, None, None,7.0, 919.0, None, None, None, None, None, None, None, None, 18.36, None, None, None, None, 19.48, None, None, None, None, None, None,2017-07-29 16:00:00, None,30
40.4, None, None, None, 16.01, 209.6, None, None,5.0, 919.0, None, None, None, None, None, None, None, None, 18.93, None, None, None, None, 20.24, None, None, None, None, None, None,2017-07-29 17:00:00, None,30
38.49, None, None, None, 15.0, 202.4, None, None,4.0, 919.0, None, None, None, None, None, None, None, None, 18.49, None, None, None, None, 21.18, None, None, None, None, None, None,2017-07-29 18:00:00, None,30
29.15, None, None, None, 18.26, 221.4, None, None,0.0, 919.0, None, None, None, None, None, None, None, None, 18.07, None, None, None, None, 18.96, None, None, None, None, None, None,2017-07-29 19:00:00, None,30
31.35, None, None, None, 16.13, 219.8, None, None,-1.0, 920.0, None, None, None, None, None, None, None, None, 16.52, None, None, None, None, 20.73, None, None, None, None, None, None,2017-07-29 20:00:00, None,30
35.8, None, None, None, 17.86, 218.7, None, None,-1.0, 920.0, None, None, None, None, None, None, None, None, 14.23, None, None, None, None, 18.15, None, None, None, None, None, None,2017-07-29 21:00:00, None,30
45.4, None, None, None, 12.72, 215.1, None, None,1.0, 921.0, None, None, None, None, None, None, None, None, 12.47, None, None, None, None, 15.35, None, None, None, None, None, None,2017-07-29 22:00:00, None,30
53.9, None, None, None, 7.628, 198.2, None, None,2.0, 922.0, None, None, None, None, None, None, None, None, 10.63, None, None, None, None, 21.37, None, None, None, None, None, None,2017-07-29 23:00:00, None,30
