pcpn_amt_pst24hrs,ONE_DAY_PRECIPITATION,pcpn_amt_pst1hr,snw_dpth_wtr_equiv,cum_pcpn_amt,MIN_TEMP,ONE_DAY_SNOW,time,air_temp_1,SNOW_ON_THE_GROUND,snw_dpth,MAX_TEMP,week_of_year
0.0, None, 0.0,57.0,705.0, None, None,2021-09-17 00:00:00, None, None, None, None,38
0.0, None, 0.0,57.0,705.0, None, None,2021-09-17 01:00:00, None, None, None, None,38
0.0, None, 0.0,58.0,705.0, None, None,2021-09-17 02:00:00, None, None, None, None,38
0.0, None, 0.0,57.0,705.0, None, None,2021-09-17 03:00:00, None, None, None, None,38
0.0, None, 0.0,58.0,705.0, None, None,2021-09-17 04:00:00, None, None, None, None,38
0.0, None, 0.0,57.0,705.0, None, None,2021-09-17 05:00:00, None, None, None, None,38
0.0, None, 0.0,57.0,705.0, None, None,2021-09-17 06:00:00, None, None, None, None,38
0.0, None, 0.0,57.0,705.0, None, None,2021-09-17 07:00:00, None, None, None, None,38
0.0, None, 0.0,58.0,705.0, None, None,2021-09-17 08:00:00, None, None, None, None,38
None, None, None,58.0,704.0, None, None,2021-09-17 09:00:00, None, None, None, None,38
0.0, None, 1.0,58.0,705.0, None, None,2021-09-17 10:00:00, None, None, None, None,38
0.0, None, 0.0,58.0,705.0, None, None,2021-09-17 11:00:00, None, None, None, None,38
1.0, None, 1.0,58.0,706.0, None, None,2021-09-17 12:00:00, None, None, None, None,38
2.0, None, 1.0,58.0,707.0, None, None,2021-09-17 13:00:00, None, None, None, None,38
4.0, None, 2.0,58.0,709.0, None, None,2021-09-17 14:00:00, None, None, None, None,38
5.0, None, 1.0,58.0,710.0, None, None,2021-09-17 15:00:00, None, None, None, None,38
7.0, None, 1.0,58.0,711.0, None, None,2021-09-17 16:00:00, None, None, None, None,38
6.0, None, 0.0,58.0,711.0, None, None,2021-09-17 17:00:00, None, None, None, None,38
6.0, None, 0.0,58.0,711.0, None, None,2021-09-17 18:00:00, None, None, None, None,38
6.0, None, 0.0,58.0,711.0, None, None,2021-09-17 19:00:00, None, None, None, None,38
7.0, None, 1.0,58.0,712.0, None, None,2021-09-17 20:00:00, None, None, None, None,38
7.0, None, 0.0,58.0,712.0, None, None,2021-09-17 21:00:00, None, None, None, None,38
8.0, None, 1.0,58.0,713.0, None, None,2021-09-17 22:00:00, None, None, None, None,38
9.0, None, 1.0,58.0,714.0, None, None,2021-09-17 23:00:00, None, None, None, None,38
10.0, None, 1.0,59.0,715.0, None, None,2021-09-18 00:00:00, None, None, None, None,38
11.0, None, 1.0,58.0,716.0, None, None,2021-09-18 01:00:00, None, None, None, None,38
12.0, None, 1.0,58.0,717.0, None, None,2021-09-18 02:00:00, None, None, None, None,38
14.0, None, 2.0,58.0,719.0, None, None,2021-09-18 03:00:00, None, None, None, None,38
15.0, None, 1.0,58.0,720.0, None, None,2021-09-18 04:00:00, None, None, None, None,38
17.0, None, 2.0,58.0,722.0, None, None,2021-09-18 05:00:00, None, None, None, None,38
19.0, None, 2.0,58.0,724.0, None, None,2021-09-18 06:00:00, None, None, None, None,38
22.0, None, 3.0,58.0,727.0, None, None,2021-09-18 07:00:00, None, None, None, None,38
23.0, None, 1.0,58.0,728.0, None, None,2021-09-18 08:00:00, None, None, None, None,38
30.0, None, 6.0,58.0,734.0, None, None,2021-09-18 09:00:00, None, None, None, None,38
29.0, None, 0.0,58.0,734.0, None, None,2021-09-18 10:00:00, None, None, None, None,38
29.0, None, 0.0,58.0,734.0, None, None,2021-09-18 11:00:00, None, None, None, None,38
28.0, None, 0.0,59.0,734.0, None, None,2021-09-18 12:00:00, None, None, None, None,38
30.0, None, 3.0,59.0,737.0, None, None,2021-09-18 13:00:00, None, None, None, None,38
29.0, None, 1.0,59.0,738.0, None, None,2021-09-18 14:00:00, None, None, None, None,38
30.0, None, 2.0,59.0,740.0, None, None,2021-09-18 15:00:00, None, None, None, None,38
29.0, None, 0.0,59.0,740.0, None, None,2021-09-18 16:00:00, None, None, None, None,38
29.0, None, 0.0,59.0,740.0, None, None,2021-09-18 17:00:00, None, None, None, None,38
29.0, None, 0.0,59.0,740.0, None, None,2021-09-18 18:00:00, None, None, None, None,38
31.0, None, 2.0,58.0,742.0, None, None,2021-09-18 19:00:00, None, None, None, None,38
31.0, None, 1.0,59.0,743.0, None, None,2021-09-18 20:00:00, None, None, None, None,38
34.0, None, 3.0,58.0,746.0, None, None,2021-09-18 21:00:00, None, None, None, None,38
34.0, None, 1.0,58.0,747.0, None, None,2021-09-18 22:00:00, None, None, None, None,38
33.0, None, 0.0,58.0,747.0, None, None,2021-09-18 23:00:00, None, None, None, None,38
33.0, None, 1.0,58.0,748.0, None, None,2021-09-19 00:00:00, None, None, None, None,38
32.0, None, 0.0,58.0,748.0, None, None,2021-09-19 01:00:00, None, None, None, None,38
32.0, None, 1.0,57.0,749.0, None, None,2021-09-19 02:00:00, None, None, None, None,38
30.0, None, 0.0,58.0,749.0, None, None,2021-09-19 03:00:00, None, None, None, None,38
31.0, None, 2.0,57.0,751.0, None, None,2021-09-19 04:00:00, None, None, None, None,38
30.0, None, 1.0,57.0,752.0, None, None,2021-09-19 05:00:00, None, None, None, None,38
28.0, None, 0.0,57.0,752.0, None, None,2021-09-19 06:00:00, None, None, None, None,38
26.0, None, 1.0,57.0,753.0, None, None,2021-09-19 07:00:00, None, None, None, None,38
25.0, None, 0.0,57.0,753.0, None, None,2021-09-19 08:00:00, None, None, None, None,38
19.0, None, 0.0,57.0,753.0, None, None,2021-09-19 09:00:00, None, None, None, None,38
19.0, None, 0.0,57.0,753.0, None, None,2021-09-19 10:00:00, None, None, None, None,38
20.0, None, 1.0,58.0,754.0, None, None,2021-09-19 11:00:00, None, None, None, None,38
20.0, None, 0.0,57.0,754.0, None, None,2021-09-19 12:00:00, None, None, None, None,38
17.0, None, 0.0,58.0,754.0, None, None,2021-09-19 13:00:00, None, None, None, None,38
16.0, None, 0.0,58.0,754.0, None, None,2021-09-19 14:00:00, None, None, None, None,38
14.0, None, 0.0,59.0,754.0, None, None,2021-09-19 15:00:00, None, None, None, None,38
13.0, None, None,58.0,753.0, None, None,2021-09-19 16:00:00, None, None, None, None,38
13.0, None, 0.0,59.0,753.0, None, None,2021-09-19 17:00:00, None, None, None, None,38
13.0, None, 0.0,58.0,753.0, None, None,2021-09-19 18:00:00, None, None, None, None,38
12.0, None, 1.0,58.0,754.0, None, None,2021-09-19 19:00:00, None, None, None, None,38
15.0, None, 4.0,58.0,758.0, None, None,2021-09-19 20:00:00, None, None, None, None,38
13.0, None, 1.0,58.0,759.0, None, None,2021-09-19 21:00:00, None, None, None, None,38
14.0, None, 2.0,57.0,761.0, None, None,2021-09-19 22:00:00, None, None, None, None,38
15.0, None, 1.0,57.0,762.0, None, None,2021-09-19 23:00:00, None, None, None, None,38
15.0, None, 1.0,57.0,763.0, None, None,2021-09-20 00:00:00, None, None, None, None,38
17.0, None, 2.0,57.0,765.0, None, None,2021-09-20 01:00:00, None, None, None, None,38
17.0, None, 1.0,57.0,766.0, None, None,2021-09-20 02:00:00, None, None, None, None,38
18.0, None, 1.0,57.0,767.0, None, None,2021-09-20 03:00:00, None, None, None, None,38
17.0, None, 1.0,57.0,768.0, None, None,2021-09-20 04:00:00, None, None, None, None,38
17.0, None, 1.0,57.0,769.0, None, None,2021-09-20 05:00:00, None, None, None, None,38
17.0, None, 0.0,57.0,769.0, None, None,2021-09-20 06:00:00, None, None, None, None,38
17.0, None, 1.0,57.0,770.0, None, None,2021-09-20 07:00:00, None, None, None, None,38
18.0, None, 1.0,56.0,771.0, None, None,2021-09-20 08:00:00, None, None, None, None,38
18.0, None, 0.0,56.0,771.0, None, None,2021-09-20 09:00:00, None, None, None, None,38
18.0, None, 0.0,57.0,771.0, None, None,2021-09-20 10:00:00, None, None, None, None,38
17.0, None, 0.0,57.0,771.0, None, None,2021-09-20 11:00:00, None, None, None, None,38
17.0, None, 0.0,57.0,771.0, None, None,2021-09-20 12:00:00, None, None, None, None,38
17.0, None, 0.0,57.0,771.0, None, None,2021-09-20 13:00:00, None, None, None, None,38
17.0, None, 0.0,58.0,771.0, None, None,2021-09-20 14:00:00, None, None, None, None,38
17.0, None, 0.0,58.0,771.0, None, None,2021-09-20 15:00:00, None, None, None, None,38
18.0, None, 0.0,58.0,771.0, None, None,2021-09-20 16:00:00, None, None, None, None,38
18.0, None, 0.0,58.0,771.0, None, None,2021-09-20 17:00:00, None, None, None, None,38
18.0, None, 0.0,58.0,771.0, None, None,2021-09-20 18:00:00, None, None, None, None,38
18.0, None, 1.0,58.0,772.0, None, None,2021-09-20 19:00:00, None, None, None, None,38
15.0, None, 1.0,58.0,773.0, None, None,2021-09-20 20:00:00, None, None, None, None,38
16.0, None, 2.0,57.0,775.0, None, None,2021-09-20 21:00:00, None, None, None, None,38
15.0, None, 1.0,57.0,776.0, None, None,2021-09-20 22:00:00, None, None, None, None,38
14.0, None, 0.0,57.0,776.0, None, None,2021-09-20 23:00:00, None, None, None, None,38
13.0, None, 0.0,57.0,776.0, None, None,2021-09-21 00:00:00, None, None, None, None,38
11.0, None, 0.0,57.0,776.0, None, None,2021-09-21 01:00:00, None, None, None, None,38
10.0, None, 0.0,58.0,776.0, None, None,2021-09-21 02:00:00, None, None, None, None,38
9.0, None, 0.0,57.0,776.0, None, None,2021-09-21 03:00:00, None, None, None, None,38
8.0, None, 0.0,57.0,776.0, None, None,2021-09-21 04:00:00, None, None, None, None,38
7.0, None, 0.0,57.0,776.0, None, None,2021-09-21 05:00:00, None, None, None, None,38
7.0, None, 0.0,57.0,776.0, None, None,2021-09-21 06:00:00, None, None, None, None,38
6.0, None, 0.0,57.0,776.0, None, None,2021-09-21 07:00:00, None, None, None, None,38
5.0, None, 0.0,57.0,776.0, None, None,2021-09-21 08:00:00, None, None, None, None,38
5.0, None, 0.0,58.0,776.0, None, None,2021-09-21 09:00:00, None, None, None, None,38
6.0, None, 1.0,57.0,777.0, None, None,2021-09-21 10:00:00, None, None, None, None,38
6.0, None, 0.0,58.0,777.0, None, None,2021-09-21 11:00:00, None, None, None, None,38
7.0, None, 1.0,58.0,778.0, None, None,2021-09-21 12:00:00, None, None, None, None,38
7.0, None, 0.0,58.0,778.0, None, None,2021-09-21 13:00:00, None, None, None, None,38
7.0, None, 0.0,59.0,778.0, None, None,2021-09-21 14:00:00, None, None, None, None,38
8.0, None, 1.0,59.0,779.0, None, None,2021-09-21 15:00:00, None, None, None, None,38
8.0, None, 0.0,59.0,779.0, None, None,2021-09-21 16:00:00, None, None, None, None,38
9.0, None, 1.0,59.0,780.0, None, None,2021-09-21 17:00:00, None, None, None, None,38
9.0, None, 0.0,59.0,780.0, None, None,2021-09-21 18:00:00, None, None, None, None,38
10.0, None, 2.0,59.0,782.0, None, None,2021-09-21 19:00:00, None, None, None, None,38
15.0, None, 6.0,59.0,788.0, None, None,2021-09-21 20:00:00, None, None, None, None,38
17.0, None, 4.0,59.0,792.0, None, None,2021-09-21 21:00:00, None, None, None, None,38
22.0, None, 6.0,59.0,798.0, None, None,2021-09-21 22:00:00, None, None, None, None,38
30.0, None, 8.0,59.0,806.0, None, None,2021-09-21 23:00:00, None, None, None, None,38
35.0, None, 5.0,59.0,811.0, None, None,2021-09-22 00:00:00, None, None, None, None,38
41.0, None, 6.0,59.0,817.0, None, None,2021-09-22 01:00:00, None, None, None, None,38
45.0, None, 4.0,59.0,821.0, None, None,2021-09-22 02:00:00, None, None, None, None,38
50.0, None, 5.0,59.0,826.0, None, None,2021-09-22 03:00:00, None, None, None, None,38
56.0, None, 6.0,59.0,832.0, None, None,2021-09-22 04:00:00, None, None, None, None,38
59.0, None, 3.0,59.0,835.0, None, None,2021-09-22 05:00:00, None, None, None, None,38
63.0, None, 4.0,59.0,839.0, None, None,2021-09-22 06:00:00, None, None, None, None,38
63.0, None, 0.0,59.0,839.0, None, None,2021-09-22 07:00:00, None, None, None, None,38
63.0, None, 0.0,59.0,839.0, None, None,2021-09-22 08:00:00, None, None, None, None,38
65.0, None, 2.0,59.0,841.0, None, None,2021-09-22 09:00:00, None, None, None, None,38
65.0, None, 1.0,59.0,842.0, None, None,2021-09-22 10:00:00, None, None, None, None,38
66.0, None, 1.0,59.0,843.0, None, None,2021-09-22 11:00:00, None, None, None, None,38
65.0, None, 0.0,59.0,843.0, None, None,2021-09-22 12:00:00, None, None, None, None,38
65.0, None, 0.0,59.0,843.0, None, None,2021-09-22 13:00:00, None, None, None, None,38
65.0, None, 0.0,59.0,843.0, None, None,2021-09-22 14:00:00, None, None, None, None,38
65.0, None, 1.0,58.0,844.0, None, None,2021-09-22 15:00:00, None, None, None, None,38
65.0, None, 0.0,59.0,844.0, None, None,2021-09-22 16:00:00, None, None, None, None,38
64.0, None, 0.0,59.0,844.0, None, None,2021-09-22 17:00:00, None, None, None, None,38
64.0, None, 0.0,59.0,844.0, None, None,2021-09-22 18:00:00, None, None, None, None,38
62.0, None, 0.0,59.0,844.0, None, None,2021-09-22 19:00:00, None, None, None, None,38
56.0, None, 0.0,59.0,844.0, None, None,2021-09-22 20:00:00, None, None, None, None,38
52.0, None, 0.0,58.0,844.0, None, None,2021-09-22 21:00:00, None, None, None, None,38
46.0, None, 0.0,58.0,844.0, None, None,2021-09-22 22:00:00, None, None, None, None,38
38.0, None, 0.0,58.0,844.0, None, None,2021-09-22 23:00:00, None, None, None, None,38
33.0, None, 0.0,57.0,844.0, None, None,2021-09-23 00:00:00, None, None, None, None,38
27.0, None, 0.0,58.0,844.0, None, None,2021-09-23 01:00:00, None, None, None, None,38
24.0, None, 1.0,57.0,845.0, None, None,2021-09-23 02:00:00, None, None, None, None,38
19.0, None, 0.0,57.0,845.0, None, None,2021-09-23 03:00:00, None, None, None, None,38
13.0, None, 0.0,57.0,845.0, None, None,2021-09-23 04:00:00, None, None, None, None,38
10.0, None, 0.0,56.0,845.0, None, None,2021-09-23 05:00:00, None, None, None, None,38
6.0, None, 0.0,56.0,845.0, None, None,2021-09-23 06:00:00, None, None, None, None,38
6.0, None, 0.0,56.0,845.0, None, None,2021-09-23 07:00:00, None, None, None, None,38
6.0, None, 0.0,56.0,845.0, None, None,2021-09-23 08:00:00, None, None, None, None,38
4.0, None, 0.0,55.0,845.0, None, None,2021-09-23 09:00:00, None, None, None, None,38
3.0, None, 0.0,56.0,845.0, None, None,2021-09-23 10:00:00, None, None, None, None,38
1.0, None, None,56.0,844.0, None, None,2021-09-23 11:00:00, None, None, None, None,38
1.0, None, 0.0,56.0,844.0, None, None,2021-09-23 12:00:00, None, None, None, None,38
1.0, None, 0.0,57.0,844.0, None, None,2021-09-23 13:00:00, None, None, None, None,38
1.0, None, 0.0,57.0,844.0, None, None,2021-09-23 14:00:00, None, None, None, None,38
0.0, None, 0.0,57.0,844.0, None, None,2021-09-23 15:00:00, None, None, None, None,38
0.0, None, 0.0,57.0,844.0, None, None,2021-09-23 16:00:00, None, None, None, None,38
0.0, None, 0.0,57.0,844.0, None, None,2021-09-23 17:00:00, None, None, None, None,38
0.0, None, 0.0,58.0,844.0, None, None,2021-09-23 18:00:00, None, None, None, None,38
0.0, None, 0.0,58.0,844.0, None, None,2021-09-23 19:00:00, None, None, None, None,38
0.0, None, 0.0,57.0,844.0, None, None,2021-09-23 20:00:00, None, None, None, None,38
0.0, None, 0.0,57.0,844.0, None, None,2021-09-23 21:00:00, None, None, None, None,38
0.0, None, 0.0,57.0,844.0, None, None,2021-09-23 22:00:00, None, None, None, None,38
0.0, None, 0.0,57.0,844.0, None, None,2021-09-23 23:00:00, None, None, None, None,38
