pcpn_amt_pst24hrs,SWE,cum_pcpn_amt,ONE_DAY_SNOW,air_temp_2,air_temp_1,snw_dpth,MAX_TEMP,ONE_DAY_PRECIPITATION,pcpn_amt_pst1hr,snw_dpth_wtr_equiv,MIN_TEMP,time,SNOW_ON_THE_GROUND,week_of_year
None, None,375.0, None,3.3,3.1,1.0, None, None, 0.0,3.0, None,2021-09-17 00:00:00, None,38
0.0, None,376.0, None,1.7,1.5,1.0, None, None, 1.0,3.0, None,2021-09-17 01:00:00, None,38
0.0, None,377.0, None,1.7,1.6,0.0, None, None, 1.0,2.0, None,2021-09-17 02:00:00, None,38
1.0, None,378.0, None,1.6,1.3,1.0, None, None, 1.0,2.0, None,2021-09-17 03:00:00, None,38
3.0, None,380.0, None,1.3,1.0,-4.0, None, None, 2.0,2.0, None,2021-09-17 04:00:00, None,38
5.0, None,382.0, None,1.4,0.9,-4.0, None, None, 2.0,2.0, None,2021-09-17 05:00:00, None,38
5.0, None,382.0, None,2.0,1.8,-3.0, None, None, 0.0,2.0, None,2021-09-17 06:00:00, None,38
5.0, None,382.0, None,2.2,2.1,-4.0, None, None, 0.0,2.0, None,2021-09-17 07:00:00, None,38
6.0, None,383.0, None,2.8,2.5,327.0, None, None, 1.0,2.0, None,2021-09-17 08:00:00, None,38
5.0, None,382.0, None,3.3,3.0,2.0, None, None, None,2.0, None,2021-09-17 09:00:00, None,38
7.0, None,382.0, None,3.1,2.9,2.0, None, None, 0.0,2.0, None,2021-09-17 10:00:00, None,38
10.0, None,385.0, None,2.3,2.1,0.0, None, None, 3.0,2.0, None,2021-09-17 11:00:00, None,38
12.0, None,386.0, None,2.4,2.2,44.0, None, None, 1.0,2.0, None,2021-09-17 12:00:00, None,38
14.0, None,388.0, None,2.7,2.5,3.0, None, None, 2.0,2.0, None,2021-09-17 13:00:00, None,38
15.0, None,389.0, None,2.8,2.5,2.0, None, None, 1.0,2.0, None,2021-09-17 14:00:00, None,38
17.0, None,391.0, None,2.3,2.1,2.0, None, None, 2.0,2.0, None,2021-09-17 15:00:00, None,38
21.0, None,395.0, None,1.3,1.0,66.0, None, None, 4.0,2.0, None,2021-09-17 16:00:00, None,38
22.0, None,397.0, None,1.2,0.8,-1.0, None, None, 2.0,2.0, None,2021-09-17 17:00:00, None,38
26.0, None,401.0, None,1.0,0.7,-5.0, None, None, 4.0,2.0, None,2021-09-17 18:00:00, None,38
29.0, None,404.0, None,1.8,1.6,-4.0, None, None, 3.0,2.0, None,2021-09-17 19:00:00, None,38
30.0, None,405.0, None,2.4,2.2,-4.0, None, None, 1.0,2.0, None,2021-09-17 20:00:00, None,38
31.0, None,406.0, None,2.7,2.5,-3.0, None, None, 1.0,2.0, None,2021-09-17 21:00:00, None,38
33.0, None,408.0, None,2.8,2.6,-3.0, None, None, 2.0,2.0, None,2021-09-17 22:00:00, None,38
34.0, None,409.0, None,3.3,3.1,-3.0, None, None, 1.0,2.0, None,2021-09-17 23:00:00, None,38
35.0, None,410.0, None,3.6,3.4,-1.0, None, None, 1.0,2.0, None,2021-09-18 00:00:00, None,38
37.0, None,413.0, None,3.4,3.2,-1.0, None, None, 3.0,3.0, None,2021-09-18 01:00:00, None,38
38.0, None,415.0, None,3.9,3.5,-1.0, None, None, 2.0,3.0, None,2021-09-18 02:00:00, None,38
42.0, None,420.0, None,3.3,3.2,0.0, None, None, 5.0,3.0, None,2021-09-18 03:00:00, None,38
44.0, None,424.0, None,2.5,2.5,0.0, None, None, 4.0,3.0, None,2021-09-18 04:00:00, None,38
46.0, None,428.0, None,1.4,1.0,1.0, None, None, 4.0,3.0, None,2021-09-18 05:00:00, None,38
50.0, None,432.0, None,1.6,1.3,0.0, None, None, 4.0,3.0, None,2021-09-18 06:00:00, None,38
52.0, None,434.0, None,2.0,1.6,1.0, None, None, 2.0,3.0, None,2021-09-18 07:00:00, None,38
52.0, None,435.0, None,2.5,2.3,1.0, None, None, 1.0,2.0, None,2021-09-18 08:00:00, None,38
53.0, None,435.0, None,3.5,3.0,1.0, None, None, 0.0,2.0, None,2021-09-18 09:00:00, None,38
53.0, None,435.0, None,3.9,3.5,1.0, None, None, 0.0,2.0, None,2021-09-18 10:00:00, None,38
51.0, None,436.0, None,3.0,2.7,1.0, None, None, 1.0,2.0, None,2021-09-18 11:00:00, None,38
52.0, None,438.0, None,3.4,3.1,1.0, None, None, 2.0,3.0, None,2021-09-18 12:00:00, None,38
48.0, None,436.0, None,4.7,4.0,1.0, None, None, None,3.0, None,2021-09-18 13:00:00, None,38
49.0, None,438.0, None,3.8,3.5,1.0, None, None, 2.0,3.0, None,2021-09-18 14:00:00, None,38
47.0, None,438.0, None,4.8,4.3,1.0, None, None, 0.0,3.0, None,2021-09-18 15:00:00, None,38
44.0, None,439.0, None,4.9,4.5,1.0, None, None, 1.0,3.0, None,2021-09-18 16:00:00, None,38
42.0, None,439.0, None,4.5,4.2,1.0, None, None, 0.0,3.0, None,2021-09-18 17:00:00, None,38
38.0, None,439.0, None,3.9,3.4,1.0, None, None, 0.0,3.0, None,2021-09-18 18:00:00, None,38
35.0, None,439.0, None,3.6,3.2,1.0, None, None, 0.0,3.0, None,2021-09-18 19:00:00, None,38
35.0, None,440.0, None,3.4,2.8,1.0, None, None, 1.0,3.0, None,2021-09-18 20:00:00, None,38
34.0, None,440.0, None,3.4,2.7,1.0, None, None, 0.0,3.0, None,2021-09-18 21:00:00, None,38
32.0, None,440.0, None,2.8,2.6,1.0, None, None, 0.0,3.0, None,2021-09-18 22:00:00, None,38
31.0, None,440.0, None,2.6,2.3,1.0, None, None, 0.0,3.0, None,2021-09-18 23:00:00, None,38
30.0, None,440.0, None,2.7,2.3,0.0, None, None, 0.0,3.0, None,2021-09-19 00:00:00, None,38
27.0, None,440.0, None,2.2,1.6,0.0, None, None, 0.0,3.0, None,2021-09-19 01:00:00, None,38
25.0, None,440.0, None,1.8,1.7,-2.0, None, None, 0.0,2.0, None,2021-09-19 02:00:00, None,38
20.0, None,440.0, None,2.2,2.0,-3.0, None, None, 0.0,2.0, None,2021-09-19 03:00:00, None,38
16.0, None,440.0, None,2.3,2.0,-3.0, None, None, 0.0,2.0, None,2021-09-19 04:00:00, None,38
12.0, None,440.0, None,2.7,2.3,-1.0, None, None, 0.0,2.0, None,2021-09-19 05:00:00, None,38
8.0, None,440.0, None,2.8,2.3,-1.0, None, None, 0.0,2.0, None,2021-09-19 06:00:00, None,38
6.0, None,440.0, None,2.8,2.4,-1.0, None, None, 0.0,2.0, None,2021-09-19 07:00:00, None,38
5.0, None,440.0, None,3.2,3.0,0.0, None, None, 0.0,2.0, None,2021-09-19 08:00:00, None,38
5.0, None,440.0, None,4.0,3.8,1.0, None, None, 0.0,2.0, None,2021-09-19 09:00:00, None,38
6.0, None,441.0, None,4.0,3.7,1.0, None, None, 1.0,2.0, None,2021-09-19 10:00:00, None,38
5.0, None,441.0, None,4.8,4.6,0.0, None, None, 0.0,2.0, None,2021-09-19 11:00:00, None,38
2.0, None,440.0, None,6.2,5.8,0.0, None, None, None,3.0, None,2021-09-19 12:00:00, None,38
4.0, None,440.0, None,7.2,7.2,0.0, None, None, 0.0,3.0, None,2021-09-19 13:00:00, None,38
2.0, None,440.0, None,7.4,6.7,0.0, None, None, 0.0,4.0, None,2021-09-19 14:00:00, None,38
2.0, None,440.0, None,7.4,6.8,0.0, None, None, 0.0,4.0, None,2021-09-19 15:00:00, None,38
2.0, None,441.0, None,7.0,6.7,0.0, None, None, 1.0,4.0, None,2021-09-19 16:00:00, None,38
2.0, None,441.0, None,7.3,6.8,1.0, None, None, 0.0,4.0, None,2021-09-19 17:00:00, None,38
2.0, None,441.0, None,6.4,5.7,0.0, None, None, 0.0,4.0, None,2021-09-19 18:00:00, None,38
2.0, None,441.0, None,4.6,4.2,1.0, None, None, 0.0,4.0, None,2021-09-19 19:00:00, None,38
2.0, None,442.0, None,3.8,3.4,0.0, None, None, 1.0,4.0, None,2021-09-19 20:00:00, None,38
2.0, None,442.0, None,3.3,2.9,0.0, None, None, 0.0,3.0, None,2021-09-19 21:00:00, None,38
2.0, None,442.0, None,2.6,2.1,1.0, None, None, 0.0,3.0, None,2021-09-19 22:00:00, None,38
2.0, None,442.0, None,2.2,1.7,0.0, None, None, 0.0,3.0, None,2021-09-19 23:00:00, None,38
2.0, None,442.0, None,2.5,1.9,-2.0, None, None, 0.0,2.0, None,2021-09-20 00:00:00, None,38
2.0, None,442.0, None,2.8,2.3,0.0, None, None, 0.0,2.0, None,2021-09-20 01:00:00, None,38
2.0, None,442.0, None,2.4,1.7,0.0, None, None, 0.0,2.0, None,2021-09-20 02:00:00, None,38
3.0, None,443.0, None,1.2,0.8,0.0, None, None, 1.0,2.0, None,2021-09-20 03:00:00, None,38
3.0, None,443.0, None,1.0,0.5,0.0, None, None, 0.0,2.0, None,2021-09-20 04:00:00, None,38
3.0, None,443.0, None,2.3,1.4,-1.0, None, None, 0.0,1.0, None,2021-09-20 05:00:00, None,38
3.0, None,443.0, None,2.5,2.0,0.0, None, None, 0.0,1.0, None,2021-09-20 06:00:00, None,38
3.0, None,443.0, None,2.4,2.0,0.0, None, None, 0.0,1.0, None,2021-09-20 07:00:00, None,38
2.0, None,442.0, None,3.6,3.2,1.0, None, None, None,1.0, None,2021-09-20 08:00:00, None,38
2.0, None,442.0, None,4.5,4.2,1.0, None, None, 0.0,1.0, None,2021-09-20 09:00:00, None,38
1.0, None,442.0, None,6.0,5.6,1.0, None, None, 0.0,2.0, None,2021-09-20 10:00:00, None,38
1.0, None,442.0, None,5.2,4.7,1.0, None, None, 0.0,2.0, None,2021-09-20 11:00:00, None,38
2.0, None,442.0, None,5.6,5.4,1.0, None, None, 0.0,2.0, None,2021-09-20 12:00:00, None,38
1.0, None,441.0, None,10.1,8.7,0.0, None, None, None,3.0, None,2021-09-20 13:00:00, None,38
1.0, None,441.0, None,11.5,9.5,0.0, None, None, 0.0,5.0, None,2021-09-20 14:00:00, None,38
1.0, None,441.0, None,9.6,8.6,0.0, None, None, 0.0,6.0, None,2021-09-20 15:00:00, None,38
0.0, None,441.0, None,8.7,8.3,1.0, None, None, 0.0,6.0, None,2021-09-20 16:00:00, None,38
1.0, None,442.0, None,7.6,7.2,0.0, None, None, 1.0,5.0, None,2021-09-20 17:00:00, None,38
1.0, None,442.0, None,7.2,6.9,0.0, None, None, 0.0,5.0, None,2021-09-20 18:00:00, None,38
1.0, None,442.0, None,6.9,6.6,1.0, None, None, 0.0,5.0, None,2021-09-20 19:00:00, None,38
0.0, None,442.0, None,6.6,6.4,1.0, None, None, 0.0,4.0, None,2021-09-20 20:00:00, None,38
0.0, None,442.0, None,7.2,6.8,1.0, None, None, 0.0,4.0, None,2021-09-20 21:00:00, None,38
0.0, None,442.0, None,6.9,6.6,1.0, None, None, 0.0,4.0, None,2021-09-20 22:00:00, None,38
0.0, None,442.0, None,7.9,7.5,1.0, None, None, 0.0,4.0, None,2021-09-20 23:00:00, None,38
None, None,440.0, None,7.4,7.0,0.0, None, None, None,4.0, None,2021-09-21 00:00:00, None,38
None, None,441.0, None,7.7,7.3,0.0, None, None, 1.0,4.0, None,2021-09-21 01:00:00, None,38
None, None,440.0, None,7.3,7.0,0.0, None, None, None,4.0, None,2021-09-21 02:00:00, None,38
None, None,439.0, None,7.6,7.5,0.0, None, None, None,4.0, None,2021-09-21 03:00:00, None,38
None, None,442.0, None,7.3,7.1,0.0, None, None, 3.0,4.0, None,2021-09-21 04:00:00, None,38
None, None,442.0, None,7.7,7.6,0.0, None, None, 0.0,4.0, None,2021-09-21 05:00:00, None,38
None, None,441.0, None,7.8,7.5,0.0, None, None, None,4.0, None,2021-09-21 06:00:00, None,38
None, None,441.0, None,7.9,7.8,0.0, None, None, 0.0,4.0, None,2021-09-21 07:00:00, None,38
None, None,441.0, None,8.2,7.8,0.0, None, None, 0.0,4.0, None,2021-09-21 08:00:00, None,38
0.0, None,442.0, None,8.3,7.7,0.0, None, None, 1.0,4.0, None,2021-09-21 09:00:00, None,38
None, None,441.0, None,9.0,8.8,0.0, None, None, None,4.0, None,2021-09-21 10:00:00, None,38
None, None,441.0, None,9.8,9.5,0.0, None, None, 0.0,4.0, None,2021-09-21 11:00:00, None,38
None, None,441.0, None,10.1,9.9,0.0, None, None, 0.0,4.0, None,2021-09-21 12:00:00, None,38
None, None,439.0, None,10.4,10.1,0.0, None, None, None,5.0, None,2021-09-21 13:00:00, None,38
None, None,439.0, None,10.2,9.9,0.0, None, None, 0.0,5.0, None,2021-09-21 14:00:00, None,38
None, None,440.0, None,11.9,11.5,0.0, None, None, 1.0,5.0, None,2021-09-21 15:00:00, None,38
0.0, None,441.0, None,11.5,11.1,0.0, None, None, 1.0,6.0, None,2021-09-21 16:00:00, None,38
None, None,441.0, None,11.4,11.0,0.0, None, None, 0.0,6.0, None,2021-09-21 17:00:00, None,38
None, None,439.0, None,11.2,10.9,0.0, None, None, None,6.0, None,2021-09-21 18:00:00, None,38
None, None,441.0, None,10.6,10.2,0.0, None, None, 2.0,6.0, None,2021-09-21 19:00:00, None,38
0.0, None,442.0, None,9.8,9.4,-1.0, None, None, 1.0,5.0, None,2021-09-21 20:00:00, None,38
1.0, None,443.0, None,8.9,8.3,0.0, None, None, 1.0,5.0, None,2021-09-21 21:00:00, None,38
1.0, None,443.0, None,8.8,8.2,0.0, None, None, 0.0,5.0, None,2021-09-21 22:00:00, None,38
2.0, None,444.0, None,8.3,7.8,0.0, None, None, 1.0,5.0, None,2021-09-21 23:00:00, None,38
7.0, None,447.0, None,7.7,7.3,0.0, None, None, 3.0,4.0, None,2021-09-22 00:00:00, None,38
9.0, None,450.0, None,7.5,7.1,0.0, None, None, 3.0,4.0, None,2021-09-22 01:00:00, None,38
12.0, None,452.0, None,7.0,6.8,0.0, None, None, 2.0,4.0, None,2021-09-22 02:00:00, None,38
15.0, None,454.0, None,6.9,6.6,-1.0, None, None, 2.0,4.0, None,2021-09-22 03:00:00, None,38
14.0, None,456.0, None,6.8,6.4,0.0, None, None, 2.0,4.0, None,2021-09-22 04:00:00, None,38
14.0, None,456.0, None,6.4,6.0,-1.0, None, None, 0.0,4.0, None,2021-09-22 05:00:00, None,38
15.0, None,456.0, None,6.5,6.0,-1.0, None, None, 0.0,4.0, None,2021-09-22 06:00:00, None,38
15.0, None,456.0, None,6.2,5.8,-1.0, None, None, 0.0,4.0, None,2021-09-22 07:00:00, None,38
15.0, None,456.0, None,5.7,5.2,-2.0, None, None, 0.0,4.0, None,2021-09-22 08:00:00, None,38
14.0, None,456.0, None,6.3,5.6,-1.0, None, None, 0.0,3.0, None,2021-09-22 09:00:00, None,38
15.0, None,456.0, None,8.8,8.2,0.0, None, None, 0.0,3.0, None,2021-09-22 10:00:00, None,38
14.0, None,455.0, None,12.0,10.2,-1.0, None, None, None,4.0, None,2021-09-22 11:00:00, None,38
14.0, None,455.0, None,12.2,10.3,0.0, None, None, 0.0,6.0, None,2021-09-22 12:00:00, None,38
16.0, None,455.0, None,13.5,11.1,-1.0, None, None, 0.0,7.0, None,2021-09-22 13:00:00, None,38
15.0, None,454.0, None,14.0,10.6,-1.0, None, None, None,7.0, None,2021-09-22 14:00:00, None,38
14.0, None,454.0, None,14.3,11.3,0.0, None, None, 0.0,7.0, None,2021-09-22 15:00:00, None,38
13.0, None,454.0, None,13.4,9.8,0.0, None, None, 0.0,7.0, None,2021-09-22 16:00:00, None,38
14.0, None,455.0, None,9.7,8.9,-1.0, None, None, 1.0,7.0, None,2021-09-22 17:00:00, None,38
16.0, None,455.0, None,9.1,8.3,0.0, None, None, 0.0,6.0, None,2021-09-22 18:00:00, None,38
15.0, None,456.0, None,8.5,8.1,-1.0, None, None, 1.0,6.0, None,2021-09-22 19:00:00, None,38
14.0, None,456.0, None,7.5,6.5,0.0, None, None, 0.0,5.0, None,2021-09-22 20:00:00, None,38
13.0, None,456.0, None,6.9,6.0,0.0, None, None, 0.0,5.0, None,2021-09-22 21:00:00, None,38
13.0, None,456.0, None,6.9,6.3,1.0, None, None, 0.0,4.0, None,2021-09-22 22:00:00, None,38
12.0, None,456.0, None,7.1,6.5,0.0, None, None, 0.0,4.0, None,2021-09-22 23:00:00, None,38
9.0, None,456.0, None,7.0,6.2,0.0, None, None, 0.0,4.0, None,2021-09-23 00:00:00, None,38
6.0, None,456.0, None,7.5,6.5,0.0, None, None, 0.0,4.0, None,2021-09-23 01:00:00, None,38
4.0, None,456.0, None,7.7,7.1,1.0, None, None, 0.0,4.0, None,2021-09-23 02:00:00, None,38
2.0, None,456.0, None,7.6,6.9,1.0, None, None, 0.0,4.0, None,2021-09-23 03:00:00, None,38
0.0, None,456.0, None,7.3,6.7,0.0, None, None, 0.0,4.0, None,2021-09-23 04:00:00, None,38
0.0, None,456.0, None,6.6,5.5,1.0, None, None, 0.0,4.0, None,2021-09-23 05:00:00, None,38
0.0, None,456.0, None,7.0,6.4,1.0, None, None, 0.0,4.0, None,2021-09-23 06:00:00, None,38
0.0, None,456.0, None,6.3,5.7,0.0, None, None, 0.0,4.0, None,2021-09-23 07:00:00, None,38
0.0, None,456.0, None,6.9,6.7,1.0, None, None, 0.0,3.0, None,2021-09-23 08:00:00, None,38
None, None,455.0, None,7.7,7.3,1.0, None, None, None,4.0, None,2021-09-23 09:00:00, None,38
None, None,455.0, None,9.8,8.9,0.0, None, None, 0.0,4.0, None,2021-09-23 10:00:00, None,38
0.0, None,455.0, None,10.3,9.7,0.0, None, None, 0.0,5.0, None,2021-09-23 11:00:00, None,38
0.0, None,455.0, None,11.5,10.5,-1.0, None, None, 0.0,5.0, None,2021-09-23 12:00:00, None,38
None, None,454.0, None,12.8,11.6,1.0, None, None, None,7.0, None,2021-09-23 13:00:00, None,38
0.0, None,454.0, None,13.2,11.7,0.0, None, None, 0.0,7.0, None,2021-09-23 14:00:00, None,38
0.0, None,454.0, None,13.2,11.8,0.0, None, None, 0.0,7.0, None,2021-09-23 15:00:00, None,38
0.0, None,454.0, None,13.7,11.9,0.0, None, None, 0.0,7.0, None,2021-09-23 16:00:00, None,38
None, None,454.0, None,11.7,11.2,0.0, None, None, 0.0,7.0, None,2021-09-23 17:00:00, None,38
None, None,453.0, None,10.7,10.3,0.0, None, None, None,7.0, None,2021-09-23 18:00:00, None,38
None, None,454.0, None,9.5,8.9,0.0, None, None, 1.0,7.0, None,2021-09-23 19:00:00, None,38
None, None,455.0, None,9.0,8.3,0.0, None, None, 1.0,6.0, None,2021-09-23 20:00:00, None,38
None, None,455.0, None,8.6,7.9,0.0, None, None, 0.0,5.0, None,2021-09-23 21:00:00, None,38
None, None,455.0, None,8.7,8.2,0.0, None, None, 0.0,5.0, None,2021-09-23 22:00:00, None,38
None, None,455.0, None,9.4,8.9,0.0, None, None, 0.0,5.0, None,2021-09-23 23:00:00, None,38
