station_observations
wind_direction, rel_hum, avg_wnd_spd_10m_pst10mts, precipitation, dwpt_temp, wind_speed, air_temp, temperature, avg_wnd_dir_10m_pst10mts, rnfl_amt_pst1hr, rnfl_amt_pst24hrs, relative_humidity, time, snw_dpth
110.0, None, None, 0.0, None, 6.1, None, -5.2, None, None, None, 92.0, 2020-01-01 00:00:00, None
96.0, None, None, 0.0, None, 4.5, None, -5.1, None, None, None, 91.0, 2020-01-01 01:00:00, None
99.0, None, None, 0.0, None, 4.9, None, -5.0, None, None, None, 92.0, 2020-01-01 02:00:00, None
76.0, None, None, 0.0, None, 3.7, None, -5.0, None, None, None, 92.0, 2020-01-01 03:00:00, None
120.0, None, None, 0.0, None, 2.6, None, -4.9, None, None, None, 92.0, 2020-01-01 04:00:00, None
93.0, None, None, 0.0, None, 3.0, None, -4.9, None, None, None, 92.0, 2020-01-01 05:00:00, None
36.0, None, None, 0.0, None, 3.5, None, -4.8, None, None, None, 92.0, 2020-01-01 06:00:00, None
8.0, None, None, 0.0, None, 1.9, None, -4.8, None, None, None, 92.0, 2020-01-01 07:00:00, None
9.0, None, None, 0.0, None, 1.8, None, -4.6, None, None, None, 92.0, 2020-01-01 08:00:00, None
9.0, None, None, 0.0, None, 2.2, None, -3.8, None, None, None, 92.0, 2020-01-01 09:00:00, None
9.0, None, None, 0.0, None, 1.7, None, -3.2, None, None, None, 92.0, 2020-01-01 10:00:00, None
9.0, None, None, 0.0, None, 2.3, None, -2.2, None, None, None, 89.0, 2020-01-01 11:00:00, None
117.0, None, None, 0.0, None, 2.6, None, -1.1, None, None, None, 88.0, 2020-01-01 12:00:00, None
163.0, None, None, 0.0, None, 3.5, None, -1.8, None, None, None, 90.0, 2020-01-01 13:00:00, None
328.0, None, None, 0.0, None, 2.2, None, -2.3, None, None, None, 92.0, 2020-01-01 14:00:00, None
158.0, None, None, 0.0, None, 2.0, None, -2.7, None, None, None, 93.0, 2020-01-01 15:00:00, None
147.0, None, None, 0.0, None, 2.7, None, -3.1, None, None, None, 93.0, 2020-01-01 16:00:00, None
172.0, None, None, 0.0, None, 2.4, None, -3.1, None, None, None, 94.0, 2020-01-01 17:00:00, None
118.0, None, None, 0.0, None, 4.4, None, -3.0, None, None, None, 94.0, 2020-01-01 18:00:00, None
108.0, None, None, 0.0, None, 4.0, None, -3.2, None, None, None, 94.0, 2020-01-01 19:00:00, None
110.0, None, None, 0.0, None, 5.1, None, -3.3, None, None, None, 94.0, 2020-01-01 20:00:00, None
139.0, None, None, 0.0, None, 3.8, None, -3.3, None, None, None, 93.0, 2020-01-01 21:00:00, None
54.0, None, None, 0.0, None, 5.7, None, -3.1, None, None, None, 93.0, 2020-01-01 22:00:00, None
299.0, None, None, 0.0, None, 6.7, None, -2.8, None, None, None, 94.0, 2020-01-01 23:00:00, None
312.0, None, None, 0.0, None, 8.1, None, -2.2, None, None, None, 93.0, 2020-01-02 00:00:00, None
348.0, None, None, 0.0, None, 6.7, None, -2.6, None, None, None, 92.0, 2020-01-02 01:00:00, None
9.0, None, None, 0.0, None, 8.1, None, -2.9, None, None, None, 91.0, 2020-01-02 02:00:00, None
352.0, None, None, 0.0, None, 10.3, None, -3.8, None, None, None, 89.0, 2020-01-02 03:00:00, None
8.0, None, None, 0.0, None, 11.0, None, -4.8, None, None, None, 89.0, 2020-01-02 04:00:00, None
352.0, None, None, 0.0, None, 12.5, None, -5.4, None, None, None, 87.0, 2020-01-02 05:00:00, None
6.0, None, None, 0.0, None, 11.1, None, -5.8, None, None, None, 88.0, 2020-01-02 06:00:00, None
354.0, None, None, 0.0, None, 10.9, None, -6.0, None, None, None, 88.0, 2020-01-02 07:00:00, None
356.0, None, None, 0.0, None, 11.4, None, -5.8, None, None, None, 85.0, 2020-01-02 08:00:00, None
224.0, None, None, 0.0, None, 3.6, None, -4.6, None, None, None, 83.0, 2020-01-02 09:00:00, None
326.0, None, None, 0.0, None, 5.1, None, -3.7, None, None, None, 83.0, 2020-01-02 10:00:00, None
312.0, None, None, 0.0, None, 5.1, None, -2.8, None, None, None, 78.0, 2020-01-02 11:00:00, None
359.0, None, None, 0.0, None, 7.5, None, -2.7, None, None, None, 82.0, 2020-01-02 12:00:00, None
10.0, None, None, 0.0, None, 8.8, None, -4.8, None, None, None, 88.0, 2020-01-02 13:00:00, None
13.0, None, None, 0.0, None, 9.3, None, -5.6, None, None, None, 88.0, 2020-01-02 14:00:00, None
10.0, None, None, 0.0, None, 8.4, None, -6.2, None, None, None, 89.0, 2020-01-02 15:00:00, None
12.0, None, None, 0.0, None, 6.8, None, -6.6, None, None, None, 88.0, 2020-01-02 16:00:00, None
23.0, None, None, 0.0, None, 6.2, None, -6.7, None, None, None, 89.0, 2020-01-02 17:00:00, None
25.0, None, None, 0.0, None, 6.5, None, -6.9, None, None, None, 89.0, 2020-01-02 18:00:00, None
26.0, None, None, 0.0, None, 6.4, None, -6.9, None, None, None, 89.0, 2020-01-02 19:00:00, None
81.0, None, None, 0.0, None, 7.9, None, -6.7, None, None, None, 90.0, 2020-01-02 20:00:00, None
95.0, None, None, 0.0, None, 6.2, None, -6.2, None, None, None, 89.0, 2020-01-02 21:00:00, None
117.0, None, None, 0.0, None, 9.7, None, -6.4, None, None, None, 90.0, 2020-01-02 22:00:00, None
122.0, None, None, 0.0, None, 7.7, None, -6.3, None, None, None, 91.0, 2020-01-02 23:00:00, None
126.0, None, None, 0.0, None, 11.6, None, -6.3, None, None, None, 91.0, 2020-01-03 00:00:00, None
129.0, None, None, 0.0, None, 11.8, None, -6.2, None, None, None, 91.0, 2020-01-03 01:00:00, None
146.0, None, None, 0.0, None, 9.9, None, -6.0, None, None, None, 91.0, 2020-01-03 02:00:00, None
133.0, None, None, 0.0, None, 11.2, None, -6.0, None, None, None, 91.0, 2020-01-03 03:00:00, None
122.0, None, None, 0.0, None, 14.1, None, -5.9, None, None, None, 91.0, 2020-01-03 04:00:00, None
127.0, None, None, 0.0, None, 11.4, None, -5.9, None, None, None, 91.0, 2020-01-03 05:00:00, None
143.0, None, None, 0.0, None, 13.1, None, -5.7, None, None, None, 91.0, 2020-01-03 06:00:00, None
132.0, None, None, 0.0, None, 15.8, None, -5.5, None, None, None, 91.0, 2020-01-03 07:00:00, None
133.0, None, None, 0.0, None, 12.4, None, -5.4, None, None, None, 91.0, 2020-01-03 08:00:00, None
132.0, None, None, 0.0, None, 10.9, None, -5.3, None, None, None, 91.0, 2020-01-03 09:00:00, None
120.0, None, None, 0.0, None, 8.2, None, -5.0, None, None, None, 92.0, 2020-01-03 10:00:00, None
127.0, None, None, 0.0, None, 10.8, None, -4.9, None, None, None, 92.0, 2020-01-03 11:00:00, None
113.0, None, None, 0.0, None, 10.8, None, -4.8, None, None, None, 92.0, 2020-01-03 12:00:00, None
100.0, None, None, 0.0, None, 11.6, None, -4.7, None, None, None, 92.0, 2020-01-03 13:00:00, None
84.0, None, None, 0.0, None, 13.6, None, -4.7, None, None, None, 92.0, 2020-01-03 14:00:00, None
90.0, None, None, 0.0, None, 8.4, None, -4.5, None, None, None, 92.0, 2020-01-03 15:00:00, None
102.0, None, None, 0.0, None, 7.5, None, -4.4, None, None, None, 92.0, 2020-01-03 16:00:00, None
101.0, None, None, 0.0, None, 10.9, None, -4.0, None, None, None, 93.0, 2020-01-03 17:00:00, None
82.0, None, None, 0.0, None, 9.0, None, -3.6, None, None, None, 93.0, 2020-01-03 18:00:00, None
93.0, None, None, 0.0, None, 10.8, None, -3.1, None, None, None, 94.0, 2020-01-03 19:00:00, None
115.0, None, None, 0.0, None, 11.4, None, -2.7, None, None, None, 94.0, 2020-01-03 20:00:00, None
114.0, None, None, 0.0, None, 10.5, None, -2.2, None, None, None, 94.0, 2020-01-03 21:00:00, None
58.0, None, None, 0.0, None, 11.1, None, -2.2, None, None, None, 94.0, 2020-01-03 22:00:00, None
137.0, None, None, 0.0, None, 9.6, None, -1.3, None, None, None, 95.0, 2020-01-03 23:00:00, None
100.0, None, None, 0.0, None, 11.4, None, -1.0, None, None, None, 96.0, 2020-01-04 00:00:00, None
99.0, None, None, 0.0, None, 9.7, None, -0.8, None, None, None, 96.0, 2020-01-04 01:00:00, None
117.0, None, None, 0.0, None, 5.9, None, -0.6, None, None, None, 96.0, 2020-01-04 02:00:00, None
145.0, None, None, 0.0, None, 6.5, None, -0.3, None, None, None, 96.0, 2020-01-04 03:00:00, None
100.0, None, None, 0.0, None, 8.9, None, -0.3, None, None, None, 96.0, 2020-01-04 04:00:00, None
93.0, None, None, 0.0, None, 7.4, None, -0.3, None, None, None, 96.0, 2020-01-04 05:00:00, None
331.0, None, None, 0.0, None, 5.1, None, -0.3, None, None, None, 96.0, 2020-01-04 06:00:00, None
305.0, None, None, 0.0, None, 6.5, None, -0.9, None, None, None, 96.0, 2020-01-04 07:00:00, None
298.0, None, None, 0.0, None, 5.1, None, -1.3, None, None, None, 96.0, 2020-01-04 08:00:00, None
313.0, None, None, 0.0, None, 6.3, None, -1.6, None, None, None, 94.0, 2020-01-04 09:00:00, None
353.0, None, None, 0.0, None, 9.2, None, -1.6, None, None, None, 93.0, 2020-01-04 10:00:00, None
338.0, None, None, 0.0, None, 11.0, None, -1.7, None, None, None, 90.0, 2020-01-04 11:00:00, None
343.0, None, None, 0.0, None, 9.6, None, -2.2, None, None, None, 88.0, 2020-01-04 12:00:00, None
5.0, None, None, 0.0, None, 10.8, None, -2.3, None, None, None, 90.0, 2020-01-04 13:00:00, None
353.0, None, None, 0.0, None, 8.1, None, -2.8, None, None, None, 91.0, 2020-01-04 14:00:00, None
2.0, None, None, 0.0, None, 9.1, None, -3.2, None, None, None, 92.0, 2020-01-04 15:00:00, None
346.0, None, None, 0.0, None, 10.2, None, -3.3, None, None, None, 92.0, 2020-01-04 16:00:00, None
50.0, None, None, 0.0, None, 7.1, None, -3.5, None, None, None, 92.0, 2020-01-04 17:00:00, None
80.0, None, None, 0.0, None, 5.3, None, -3.3, None, None, None, 92.0, 2020-01-04 18:00:00, None
102.0, None, None, 0.0, None, 4.7, None, -3.3, None, None, None, 93.0, 2020-01-04 19:00:00, None
109.0, None, None, 0.0, None, 4.0, None, -3.1, None, None, None, 94.0, 2020-01-04 20:00:00, None
127.0, None, None, 0.0, None, 2.9, None, -3.1, None, None, None, 94.0, 2020-01-04 21:00:00, None
114.0, None, None, 0.0, None, 2.6, None, -3.2, None, None, None, 93.0, 2020-01-04 22:00:00, None
89.0, None, None, 0.0, None, 4.9, None, -3.2, None, None, None, 93.0, 2020-01-04 23:00:00, None
85.0, None, None, 0.0, None, 4.7, None, -3.1, None, None, None, 93.0, 2020-01-05 00:00:00, None
101.0, None, None, 0.0, None, 4.2, None, -3.1, None, None, None, 93.0, 2020-01-05 01:00:00, None
110.0, None, None, 0.0, None, 6.8, None, -3.2, None, None, None, 93.0, 2020-01-05 02:00:00, None
116.0, None, None, 0.0, None, 5.1, None, -3.3, None, None, None, 93.0, 2020-01-05 03:00:00, None
118.0, None, None, 0.0, None, 6.8, None, -3.3, None, None, None, 93.0, 2020-01-05 04:00:00, None
104.0, None, None, 0.0, None, 5.1, None, -3.3, None, None, None, 93.0, 2020-01-05 05:00:00, None
118.0, None, None, 0.0, None, 4.7, None, -3.4, None, None, None, 92.0, 2020-01-05 06:00:00, None
124.0, None, None, 0.0, None, 7.1, None, -3.4, None, None, None, 91.0, 2020-01-05 07:00:00, None
126.0, None, None, 0.0, None, 8.5, None, -3.3, None, None, None, 91.0, 2020-01-05 08:00:00, None
131.0, None, None, 0.0, None, 14.1, None, -3.0, None, None, None, 89.0, 2020-01-05 09:00:00, None
140.0, None, None, 0.0, None, 13.5, None, -3.0, None, None, None, 90.0, 2020-01-05 10:00:00, None
131.0, None, None, 0.0, None, 9.7, None, -2.8, None, None, None, 89.0, 2020-01-05 11:00:00, None
151.0, None, None, 0.0, None, 12.5, None, -2.7, None, None, None, 88.0, 2020-01-05 12:00:00, None
164.0, None, None, 0.0, None, 17.0, None, -2.8, None, None, None, 90.0, 2020-01-05 13:00:00, None
154.0, None, None, 0.0, None, 13.9, None, -2.8, None, None, None, 91.0, 2020-01-05 14:00:00, None
152.0, None, None, 0.0, None, 12.2, None, -2.8, None, None, None, 94.0, 2020-01-05 15:00:00, None
154.0, None, None, 0.0, None, 9.9, None, -2.7, None, None, None, 95.0, 2020-01-05 16:00:00, None
122.0, None, None, 0.0, None, 12.1, None, -2.6, None, None, None, 94.0, 2020-01-05 17:00:00, None
144.0, None, None, 0.0, None, 13.9, None, -2.5, None, None, None, 94.0, 2020-01-05 18:00:00, None
67.0, None, None, 0.0, None, 4.2, None, -2.5, None, None, None, 94.0, 2020-01-05 19:00:00, None
35.0, None, None, 0.0, None, 3.4, None, -2.7, None, None, None, 94.0, 2020-01-05 20:00:00, None
347.0, None, None, 0.0, None, 8.4, None, -2.9, None, None, None, 92.0, 2020-01-05 21:00:00, None
359.0, None, None, 0.0, None, 9.6, None, -3.3, None, None, None, 91.0, 2020-01-05 22:00:00, None
357.0, None, None, 0.0, None, 10.8, None, -3.8, None, None, None, 89.0, 2020-01-05 23:00:00, None
10.0, None, None, 0.0, None, 9.4, None, -4.1, None, None, None, 89.0, 2020-01-06 00:00:00, None
6.0, None, None, 0.0, None, 10.7, None, -4.6, None, None, None, 89.0, 2020-01-06 01:00:00, None
1.0, None, None, 0.0, None, 9.9, None, -4.8, None, None, None, 91.0, 2020-01-06 02:00:00, None
9.0, None, None, 0.0, None, 7.8, None, -4.9, None, None, None, 91.0, 2020-01-06 03:00:00, None
11.0, None, None, 0.0, None, 7.5, None, -4.9, None, None, None, 90.0, 2020-01-06 04:00:00, None
1.0, None, None, 0.0, None, 6.7, None, -5.6, None, None, None, 89.0, 2020-01-06 05:00:00, None
19.0, None, None, 0.0, None, 7.4, None, -5.8, None, None, None, 89.0, 2020-01-06 06:00:00, None
23.0, None, None, 0.0, None, 8.1, None, -6.6, None, None, None, 88.0, 2020-01-06 07:00:00, None
23.0, None, None, 0.0, None, 7.2, None, -6.1, None, None, None, 89.0, 2020-01-06 08:00:00, None
35.0, None, None, 0.0, None, 3.5, None, -5.2, None, None, None, 90.0, 2020-01-06 09:00:00, None
136.0, None, None, 0.0, None, 5.1, None, -3.9, None, None, None, 90.0, 2020-01-06 10:00:00, None
111.0, None, None, 0.0, None, 8.2, None, -3.8, None, None, None, 89.0, 2020-01-06 11:00:00, None
60.0, None, None, 0.0, None, 7.7, None, -3.3, None, None, None, 88.0, 2020-01-06 12:00:00, None
83.0, None, None, 0.0, None, 6.3, None, -3.4, None, None, None, 86.0, 2020-01-06 13:00:00, None
52.0, None, None, 0.0, None, 6.3, None, -3.9, None, None, None, 88.0, 2020-01-06 14:00:00, None
53.0, None, None, 0.0, None, 7.0, None, -4.5, None, None, None, 90.0, 2020-01-06 15:00:00, None
72.0, None, None, 0.0, None, 7.0, None, -4.7, None, None, None, 91.0, 2020-01-06 16:00:00, None
90.0, None, None, 0.0, None, 5.9, None, -4.7, None, None, None, 91.0, 2020-01-06 17:00:00, None
99.0, None, None, 0.0, None, 5.3, None, -4.6, None, None, None, 91.0, 2020-01-06 18:00:00, None
93.0, None, None, 0.0, None, 5.0, None, -4.5, None, None, None, 92.0, 2020-01-06 19:00:00, None
95.0, None, None, 0.0, None, 6.5, None, -4.5, None, None, None, 92.0, 2020-01-06 20:00:00, None
57.0, None, None, 0.0, None, 5.5, None, -4.5, None, None, None, 91.0, 2020-01-06 21:00:00, None
87.0, None, None, 0.0, None, 6.0, None, -4.8, None, None, None, 90.0, 2020-01-06 22:00:00, None
98.0, None, None, 0.0, None, 5.1, None, -4.9, None, None, None, 91.0, 2020-01-06 23:00:00, None
12.0, None, None, 0.0, None, 3.4, None, -4.9, None, None, None, 91.0, 2020-01-07 00:00:00, None
350.0, None, None, 0.0, None, 2.9, None, -5.0, None, None, None, 90.0, 2020-01-07 01:00:00, None
99.0, None, None, 0.0, None, 4.4, None, -5.0, None, None, None, 91.0, 2020-01-07 02:00:00, None
97.0, None, None, 0.0, None, 5.7, None, -5.0, None, None, None, 91.0, 2020-01-07 03:00:00, None
113.0, None, None, 0.0, None, 4.8, None, -5.1, None, None, None, 91.0, 2020-01-07 04:00:00, None
110.0, None, None, 0.0, None, 7.7, None, -5.1, None, None, None, 91.0, 2020-01-07 05:00:00, None
144.0, None, None, 0.0, None, 5.0, None, -5.2, None, None, None, 91.0, 2020-01-07 06:00:00, None
117.0, None, None, 0.0, None, 4.4, None, -5.4, None, None, None, 90.0, 2020-01-07 07:00:00, None
76.0, None, None, 0.0, None, 3.6, None, -5.3, None, None, None, 90.0, 2020-01-07 08:00:00, None
110.0, None, None, 0.0, None, 5.3, None, -5.1, None, None, None, 91.0, 2020-01-07 09:00:00, None
121.0, None, None, 0.0, None, 7.5, None, -5.0, None, None, None, 90.0, 2020-01-07 10:00:00, None
137.0, None, None, 0.0, None, 9.6, None, -5.1, None, None, None, 92.0, 2020-01-07 11:00:00, None
111.0, None, None, 0.0, None, 9.5, None, -5.0, None, None, None, 92.0, 2020-01-07 12:00:00, None
111.0, None, None, 0.0, None, 12.7, None, -4.9, None, None, None, 92.0, 2020-01-07 13:00:00, None
135.0, None, None, 0.0, None, 11.5, None, -4.7, None, None, None, 92.0, 2020-01-07 14:00:00, None
136.0, None, None, 0.0, None, 11.4, None, -4.5, None, None, None, 92.0, 2020-01-07 15:00:00, None
118.0, None, None, 0.0, None, 7.8, None, -4.4, None, None, None, 92.0, 2020-01-07 16:00:00, None
130.0, None, None, 0.0, None, 7.2, None, -4.3, None, None, None, 93.0, 2020-01-07 17:00:00, None
106.0, None, None, 0.0, None, 8.7, None, -4.4, None, None, None, 92.0, 2020-01-07 18:00:00, None
110.0, None, None, 0.0, None, 9.8, None, -4.4, None, None, None, 92.0, 2020-01-07 19:00:00, None
113.0, None, None, 0.0, None, 9.8, None, -4.4, None, None, None, 92.0, 2020-01-07 20:00:00, None
108.0, None, None, 0.0, None, 9.3, None, -4.5, None, None, None, 92.0, 2020-01-07 21:00:00, None
116.0, None, None, 0.0, None, 9.0, None, -4.4, None, None, None, 92.0, 2020-01-07 22:00:00, None
104.0, None, None, 0.0, None, 7.8, None, -4.4, None, None, None, 92.0, 2020-01-07 23:00:00, None
93.0, None, None, 0.0, None, 9.2, None, -4.2, None, None, None, 92.0, 2020-01-08 00:00:00, None
91.0, None, None, 0.0, None, 9.8, None, -4.0, None, None, None, 93.0, 2020-01-08 01:00:00, None
101.0, None, None, 0.0, None, 7.5, None, -3.8, None, None, None, 93.0, 2020-01-08 02:00:00, None
126.0, None, None, 0.0, None, 3.4, None, -3.9, None, None, None, 93.0, 2020-01-08 03:00:00, None
43.0, None, None, 0.0, None, 3.6, None, -3.5, None, None, None, 93.0, 2020-01-08 05:00:00, None
23.0, None, None, 0.0, None, 6.9, None, -3.6, None, None, None, 93.0, 2020-01-08 06:00:00, None
65.0, None, None, 0.0, None, 4.9, None, -3.8, None, None, None, 93.0, 2020-01-08 07:00:00, None
319.0, None, None, 0.0, None, 9.7, None, -3.9, None, None, None, 93.0, 2020-01-08 08:00:00, None
64.0, None, None, 0.0, None, 4.5, None, -4.1, None, None, None, 92.0, 2020-01-08 09:00:00, None
322.0, None, None, 0.0, None, 13.7, None, -4.4, None, None, None, 92.0, 2020-01-08 10:00:00, None
299.0, None, None, 0.0, None, 13.5, None, -3.9, None, None, None, 92.0, 2020-01-08 11:00:00, None
265.0, None, None, 0.0, None, 8.8, None, -4.4, None, None, None, 91.0, 2020-01-08 12:00:00, None
311.0, None, None, 0.0, None, 8.1, None, -4.7, None, None, None, 91.0, 2020-01-08 13:00:00, None
274.0, None, None, 0.0, None, 5.0, None, -5.1, None, None, None, 90.0, 2020-01-08 14:00:00, None
307.0, None, None, 0.0, None, 8.4, None, -5.5, None, None, None, 89.0, 2020-01-08 15:00:00, None
311.0, None, None, 0.0, None, 7.5, None, -6.1, None, None, None, 89.0, 2020-01-08 16:00:00, None
352.0, None, None, 0.0, None, 4.2, None, -6.5, None, None, None, 89.0, 2020-01-08 17:00:00, None
354.0, None, None, 0.0, None, 6.2, None, -7.2, None, None, None, 87.0, 2020-01-08 18:00:00, None
6.0, None, None, 0.0, None, 7.4, None, -8.2, None, None, None, 86.0, 2020-01-08 19:00:00, None
347.0, None, None, 0.0, None, 7.1, None, -9.0, None, None, None, 83.0, 2020-01-08 20:00:00, None
322.0, None, None, 0.0, None, 14.1, None, -9.4, None, None, None, 86.0, 2020-01-08 21:00:00, None
315.0, None, None, 0.0, None, 11.0, None, -8.9, None, None, None, 85.0, 2020-01-08 22:00:00, None
331.0, None, None, 0.0, None, 12.2, None, -8.8, None, None, None, 85.0, 2020-01-08 23:00:00, None
330.0, None, None, 0.0, None, 11.2, None, -8.9, None, None, None, 84.0, 2020-01-09 00:00:00, None
316.0, None, None, 0.0, None, 11.8, None, -9.2, None, None, None, 84.0, 2020-01-09 01:00:00, None
326.0, None, None, 0.0, None, 11.4, None, -9.3, None, None, None, 85.0, 2020-01-09 02:00:00, None
324.0, None, None, 0.0, None, 7.1, None, -9.5, None, None, None, 85.0, 2020-01-09 03:00:00, None
307.0, None, None, 0.0, None, 6.8, None, -9.4, None, None, None, 85.0, 2020-01-09 04:00:00, None
332.0, None, None, 0.0, None, 7.0, None, -9.3, None, None, None, 85.0, 2020-01-09 05:00:00, None
333.0, None, None, 0.0, None, 7.2, None, -9.5, None, None, None, 84.0, 2020-01-09 06:00:00, None
329.0, None, None, 0.0, None, 8.1, None, -10.0, None, None, None, 83.0, 2020-01-09 07:00:00, None
326.0, None, None, 0.0, None, 6.4, None, -10.3, None, None, None, 83.0, 2020-01-09 08:00:00, None
267.0, None, None, 0.0, None, 8.5, None, -9.1, None, None, None, 86.0, 2020-01-09 09:00:00, None
289.0, None, None, 0.0, None, 8.1, None, -8.6, None, None, None, 84.0, 2020-01-09 10:00:00, None
289.0, None, None, 0.0, None, 11.4, None, -8.4, None, None, None, 86.0, 2020-01-09 11:00:00, None
268.0, None, None, 0.0, None, 11.5, None, -7.2, None, None, None, 86.0, 2020-01-09 12:00:00, None
299.0, None, None, 0.0, None, 12.7, None, -8.1, None, None, None, 84.0, 2020-01-09 13:00:00, None
301.0, None, None, 0.0, None, 9.0, None, -8.5, None, None, None, 84.0, 2020-01-09 14:00:00, None
331.0, None, None, 0.0, None, 7.9, None, -9.1, None, None, None, 82.0, 2020-01-09 15:00:00, None
34.0, None, None, 0.0, None, 4.3, None, -10.5, None, None, None, 80.0, 2020-01-09 16:00:00, None
23.0, None, None, 0.0, None, 6.2, None, -11.7, None, None, None, 80.0, 2020-01-09 17:00:00, None
21.0, None, None, 0.0, None, 5.8, None, -11.9, None, None, None, 81.0, 2020-01-09 18:00:00, None
31.0, None, None, 0.0, None, 6.6, None, -12.2, None, None, None, 83.0, 2020-01-09 19:00:00, None
32.0, None, None, 0.0, None, 6.0, None, -11.4, None, None, None, 84.0, 2020-01-09 20:00:00, None
26.0, None, None, 0.0, None, 3.7, None, -10.8, None, None, None, 85.0, 2020-01-09 21:00:00, None
104.0, None, None, 0.0, None, 7.6, None, -10.2, None, None, None, 88.0, 2020-01-09 22:00:00, None
120.0, None, None, 0.0, None, 7.6, None, -9.8, None, None, None, 86.0, 2020-01-09 23:00:00, None
129.0, None, None, 0.0, None, 5.8, None, -9.7, None, None, None, 86.0, 2020-01-10 00:00:00, None
121.0, None, None, 0.0, None, 7.9, None, -9.8, None, None, None, 85.0, 2020-01-10 01:00:00, None
98.0, None, None, 0.0, None, 6.8, None, -9.8, None, None, None, 85.0, 2020-01-10 02:00:00, None
122.0, None, None, 0.0, None, 10.2, None, -9.8, None, None, None, 86.0, 2020-01-10 03:00:00, None
118.0, None, None, 0.0, None, 12.0, None, -9.8, None, None, None, 86.0, 2020-01-10 04:00:00, None
154.0, None, None, 0.0, None, 11.3, None, -9.7, None, None, None, 86.0, 2020-01-10 05:00:00, None
121.0, None, None, 0.0, None, 14.3, None, -9.8, None, None, None, 86.0, 2020-01-10 06:00:00, None
155.0, None, None, 0.0, None, 15.0, None, -9.8, None, None, None, 87.0, 2020-01-10 07:00:00, None
154.0, None, None, 0.0, None, 17.9, None, -10.0, None, None, None, 86.0, 2020-01-10 08:00:00, None
160.0, None, None, 0.0, None, 19.4, None, -9.9, None, None, None, 85.0, 2020-01-10 09:00:00, None
154.0, None, None, 0.0, None, 16.9, None, -9.9, None, None, None, 85.0, 2020-01-10 10:00:00, None
156.0, None, None, 0.0, None, 15.5, None, -9.8, None, None, None, 86.0, 2020-01-10 11:00:00, None
154.0, None, None, 0.0, None, 15.8, None, -9.5, None, None, None, 85.0, 2020-01-10 12:00:00, None
150.0, None, None, 0.0, None, 17.3, None, -9.5, None, None, None, 85.0, 2020-01-10 13:00:00, None
135.0, None, None, 0.0, None, 14.2, None, -9.4, None, None, None, 86.0, 2020-01-10 14:00:00, None
150.0, None, None, 0.0, None, 11.3, None, -9.3, None, None, None, 86.0, 2020-01-10 15:00:00, None
114.0, None, None, 0.0, None, 10.3, None, -9.3, None, None, None, 87.0, 2020-01-10 16:00:00, None
116.0, None, None, 0.0, None, 9.8, None, -9.2, None, None, None, 87.0, 2020-01-10 17:00:00, None
92.0, None, None, 0.0, None, 6.3, None, -9.1, None, None, None, 87.0, 2020-01-10 18:00:00, None
109.0, None, None, 0.0, None, 9.1, None, -9.1, None, None, None, 87.0, 2020-01-10 19:00:00, None
82.0, None, None, 0.0, None, 9.1, None, -9.0, None, None, None, 87.0, 2020-01-10 20:00:00, None
94.0, None, None, 0.0, None, 8.3, None, -8.9, None, None, None, 87.0, 2020-01-10 21:00:00, None
102.0, None, None, 0.0, None, 7.8, None, -8.8, None, None, None, 87.0, 2020-01-10 22:00:00, None
80.0, None, None, 0.0, None, 6.2, None, -8.8, None, None, None, 87.0, 2020-01-10 23:00:00, None
99.0, None, None, 0.0, None, 6.1, None, -8.7, None, None, None, 88.0, 2020-01-11 00:00:00, None
120.0, None, None, 0.0, None, 6.6, None, -8.7, None, None, None, 87.0, 2020-01-11 01:00:00, None
111.0, None, None, 0.0, None, 5.2, None, -8.8, None, None, None, 87.0, 2020-01-11 02:00:00, None
103.0, None, None, 0.0, None, 8.7, None, -8.9, None, None, None, 87.0, 2020-01-11 03:00:00, None
97.0, None, None, 0.0, None, 5.4, None, -8.8, None, None, None, 88.0, 2020-01-11 04:00:00, None
119.0, None, None, 0.0, None, 6.2, None, -8.8, None, None, None, 88.0, 2020-01-11 05:00:00, None
134.0, None, None, 0.0, None, 4.9, None, -8.7, None, None, None, 87.0, 2020-01-11 06:00:00, None
121.0, None, None, 0.0, None, 6.0, None, -8.8, None, None, None, 87.0, 2020-01-11 07:00:00, None
141.0, None, None, 0.0, None, 8.1, None, -8.7, None, None, None, 87.0, 2020-01-11 08:00:00, None
66.0, None, None, 0.0, None, 5.4, None, -8.2, None, None, None, 87.0, 2020-01-11 09:00:00, None
127.0, None, None, 0.0, None, 8.2, None, -8.0, None, None, None, 88.0, 2020-01-11 10:00:00, None
131.0, None, None, 0.0, None, 5.8, None, -7.7, None, None, None, 88.0, 2020-01-11 11:00:00, None
123.0, None, None, 0.0, None, 7.2, None, -7.4, None, None, None, 88.0, 2020-01-11 12:00:00, None
137.0, None, None, 0.0, None, 5.2, None, -7.1, None, None, None, 88.0, 2020-01-11 13:00:00, None
130.0, None, None, 0.0, None, 7.2, None, -7.2, None, None, None, 89.0, 2020-01-11 14:00:00, None
208.0, None, None, 0.0, None, 2.0, None, -7.3, None, None, None, 89.0, 2020-01-11 15:00:00, None
105.0, None, None, 0.0, None, 7.9, None, -7.2, None, None, None, 89.0, 2020-01-11 16:00:00, None
107.0, None, None, 0.0, None, 6.3, None, -7.3, None, None, None, 89.0, 2020-01-11 17:00:00, None
88.0, None, None, 0.0, None, 4.1, None, -7.1, None, None, None, 89.0, 2020-01-11 18:00:00, None
84.0, None, None, 0.0, None, 4.3, None, -7.8, None, None, None, 85.0, 2020-01-11 19:00:00, None
101.0, None, None, 0.0, None, 7.3, None, -8.2, None, None, None, 87.0, 2020-01-11 20:00:00, None
310.0, None, None, 0.4, None, 3.3, None, -7.7, None, None, None, 88.0, 2020-01-11 21:00:00, None
319.0, None, None, 0.0, None, 4.5, None, -7.8, None, None, None, 88.0, 2020-01-11 22:00:00, None
283.0, None, None, 0.0, None, 7.6, None, -7.8, None, None, None, 87.0, 2020-01-11 23:00:00, None
338.0, None, None, 0.0, None, 4.8, None, -8.4, None, None, None, 87.0, 2020-01-12 00:00:00, None
280.0, None, None, 0.0, None, 6.4, None, -9.5, None, None, None, 84.0, 2020-01-12 01:00:00, None
286.0, None, None, 0.0, None, 10.0, None, -10.6, None, None, None, 83.0, 2020-01-12 02:00:00, None
279.0, None, None, 0.0, None, 8.5, None, -11.5, None, None, None, 82.0, 2020-01-12 03:00:00, None
281.0, None, None, 0.0, None, 7.7, None, -12.0, None, None, None, 82.0, 2020-01-12 04:00:00, None
299.0, None, None, 0.0, None, 8.9, None, -12.4, None, None, None, 80.0, 2020-01-12 05:00:00, None
288.0, None, None, 0.0, None, 8.8, None, -13.1, None, None, None, 79.0, 2020-01-12 06:00:00, None
291.0, None, None, 0.0, None, 7.8, None, -13.9, None, None, None, 78.0, 2020-01-12 07:00:00, None
286.0, None, None, 0.0, None, 7.9, None, -14.4, None, None, None, 78.0, 2020-01-12 08:00:00, None
283.0, None, None, 0.0, None, 8.5, None, -14.7, None, None, None, 77.0, 2020-01-12 09:00:00, None
284.0, None, None, 0.0, None, 9.7, None, -15.1, None, None, None, 77.0, 2020-01-12 10:00:00, None
298.0, None, None, 0.0, None, 10.1, None, -15.2, None, None, None, 76.0, 2020-01-12 11:00:00, None
290.0, None, None, 0.0, None, 10.1, None, -15.5, None, None, None, 76.0, 2020-01-12 12:00:00, None
299.0, None, None, 0.0, None, 10.0, None, -15.6, None, None, None, 77.0, 2020-01-12 13:00:00, None
325.0, None, None, 0.0, None, 10.3, None, -15.6, None, None, None, 75.0, 2020-01-12 14:00:00, None
309.0, None, None, 0.0, None, 10.7, None, -15.9, None, None, None, 76.0, 2020-01-12 15:00:00, None
303.0, None, None, 0.0, None, 9.4, None, -16.1, None, None, None, 75.0, 2020-01-12 16:00:00, None
308.0, None, None, 0.0, None, 8.6, None, -16.4, None, None, None, 76.0, 2020-01-12 17:00:00, None
309.0, None, None, 0.0, None, 10.8, None, -16.9, None, None, None, 74.0, 2020-01-12 18:00:00, None
307.0, None, None, 0.0, None, 11.4, None, -17.0, None, None, None, 74.0, 2020-01-12 19:00:00, None
296.0, None, None, 0.0, None, 9.4, None, -17.2, None, None, None, 74.0, 2020-01-12 20:00:00, None
302.0, None, None, 0.0, None, 13.5, None, -17.6, None, None, None, 74.0, 2020-01-12 21:00:00, None
289.0, None, None, 0.0, None, 11.8, None, -17.5, None, None, None, 74.0, 2020-01-12 22:00:00, None
277.0, None, None, 0.0, None, 12.6, None, -17.6, None, None, None, 73.0, 2020-01-12 23:00:00, None
301.0, None, None, 0.0, None, 14.4, None, -18.0, None, None, None, 71.0, 2020-01-13 00:00:00, None
298.0, None, None, 0.0, None, 13.2, None, -18.7, None, None, None, 71.0, 2020-01-13 01:00:00, None
303.0, None, None, 0.0, None, 16.8, None, -19.2, None, None, None, 71.0, 2020-01-13 02:00:00, None
299.0, None, None, 0.0, None, 12.7, None, -19.5, None, None, None, 71.0, 2020-01-13 03:00:00, None
298.0, None, None, 0.0, None, 13.9, None, -20.5, None, None, None, 71.0, 2020-01-13 04:00:00, None
319.0, None, None, 0.0, None, 16.2, None, -20.8, None, None, None, 69.0, 2020-01-13 05:00:00, None
308.0, None, None, 0.0, None, 13.6, None, -21.2, None, None, None, 70.0, 2020-01-13 06:00:00, None
322.0, None, None, 0.0, None, 14.8, None, -21.5, None, None, None, 69.0, 2020-01-13 07:00:00, None
323.0, None, None, 0.0, None, 10.8, None, -21.6, None, None, None, 69.0, 2020-01-13 08:00:00, None
298.0, None, None, 0.0, None, 11.9, None, -20.9, None, None, None, 70.0, 2020-01-13 09:00:00, None
284.0, None, None, 0.0, None, 13.5, None, -20.4, None, None, None, 70.0, 2020-01-13 10:00:00, None
276.0, None, None, 0.0, None, 13.5, None, -20.0, None, None, None, 69.0, 2020-01-13 11:00:00, None
273.0, None, None, 0.0, None, 16.1, None, -19.8, None, None, None, 69.0, 2020-01-13 12:00:00, None
292.0, None, None, 0.0, None, 13.6, None, -20.1, None, None, None, 70.0, 2020-01-13 13:00:00, None
321.0, None, None, 0.0, None, 11.2, None, -21.1, None, None, None, 69.0, 2020-01-13 14:00:00, None
324.0, None, None, 0.0, None, 9.3, None, -21.7, None, None, None, 68.0, 2020-01-13 15:00:00, None
333.0, None, None, 0.0, None, 10.8, None, -22.1, None, None, None, 68.0, 2020-01-13 16:00:00, None
343.0, None, None, 0.0, None, 8.8, None, -22.4, None, None, None, 67.0, 2020-01-13 17:00:00, None
329.0, None, None, 0.0, None, 8.8, None, -22.7, None, None, None, 65.0, 2020-01-13 18:00:00, None
340.0, None, None, 0.0, None, 8.6, None, -23.1, None, None, None, 66.0, 2020-01-13 19:00:00, None
334.0, None, None, 0.0, None, 10.0, None, -23.3, None, None, None, 66.0, 2020-01-13 20:00:00, None
333.0, None, None, 0.0, None, 8.7, None, -23.7, None, None, None, 65.0, 2020-01-13 21:00:00, None
338.0, None, None, 0.0, None, 8.9, None, -24.0, None, None, None, 65.0, 2020-01-13 22:00:00, None
327.0, None, None, 0.0, None, 8.3, None, -24.2, None, None, None, 65.0, 2020-01-13 23:00:00, None
340.0, None, None, 0.0, None, 8.3, None, -24.5, None, None, None, 64.0, 2020-01-14 00:00:00, None
325.0, None, None, 0.0, None, 8.7, None, -24.7, None, None, None, 64.0, 2020-01-14 01:00:00, None
317.0, None, None, 0.0, None, 8.7, None, -25.0, None, None, None, 64.0, 2020-01-14 02:00:00, None
322.0, None, None, 0.0, None, 10.6, None, -25.2, None, None, None, 64.0, 2020-01-14 03:00:00, None
331.0, None, None, 0.0, None, 8.2, None, -25.3, None, None, None, 64.0, 2020-01-14 04:00:00, None
323.0, None, None, 0.0, None, 8.6, None, -25.2, None, None, None, 64.0, 2020-01-14 05:00:00, None
322.0, None, None, 0.0, None, 8.0, None, -25.3, None, None, None, 64.0, 2020-01-14 06:00:00, None
317.0, None, None, 0.0, None, 8.7, None, -25.1, None, None, None, 64.0, 2020-01-14 07:00:00, None
300.0, None, None, 0.0, None, 8.7, None, -24.9, None, None, None, 64.0, 2020-01-14 08:00:00, None
316.0, None, None, 0.0, None, 7.3, None, -24.7, None, None, None, 63.0, 2020-01-14 09:00:00, None
296.0, None, None, 0.0, None, 8.8, None, -24.0, None, None, None, 64.0, 2020-01-14 10:00:00, None
287.0, None, None, 0.0, None, 10.1, None, -23.4, None, None, None, 65.0, 2020-01-14 11:00:00, None
280.0, None, None, 0.0, None, 10.4, None, -23.1, None, None, None, 66.0, 2020-01-14 12:00:00, None
307.0, None, None, 0.0, None, 10.2, None, -23.0, None, None, None, 65.0, 2020-01-14 13:00:00, None
293.0, None, None, 0.0, None, 8.5, None, -23.0, None, None, None, 66.0, 2020-01-14 14:00:00, None
311.0, None, None, 0.0, None, 6.4, None, -23.3, None, None, None, 66.0, 2020-01-14 15:00:00, None
319.0, None, None, 0.0, None, 8.4, None, -23.3, None, None, None, 66.0, 2020-01-14 16:00:00, None
310.0, None, None, 0.0, None, 7.5, None, -23.3, None, None, None, 67.0, 2020-01-14 17:00:00, None
327.0, None, None, 0.0, None, 7.3, None, -23.5, None, None, None, 66.0, 2020-01-14 18:00:00, None
309.0, None, None, 0.0, None, 7.0, None, -23.4, None, None, None, 65.0, 2020-01-14 19:00:00, None
332.0, None, None, 0.0, None, 8.9, None, -23.6, None, None, None, 65.0, 2020-01-14 20:00:00, None
312.0, None, None, 0.0, None, 7.0, None, -23.6, None, None, None, 66.0, 2020-01-14 21:00:00, None
316.0, None, None, 0.0, None, 8.3, None, -23.6, None, None, None, 66.0, 2020-01-14 22:00:00, None
323.0, None, None, 0.0, None, 8.3, None, -23.6, None, None, None, 66.0, 2020-01-14 23:00:00, None
308.0, None, None, 0.0, None, 8.0, None, -23.7, None, None, None, 66.0, 2020-01-15 00:00:00, None
315.0, None, None, 0.0, None, 8.2, None, -23.7, None, None, None, 66.0, 2020-01-15 01:00:00, None
317.0, None, None, 0.0, None, 6.4, None, -23.6, None, None, None, 67.0, 2020-01-15 02:00:00, None
350.0, None, None, 0.0, None, 6.1, None, -23.6, None, None, None, 66.0, 2020-01-15 03:00:00, None
303.0, None, None, 0.0, None, 3.1, None, -23.4, None, None, None, 68.0, 2020-01-15 04:00:00, None
247.0, None, None, 0.0, None, 1.9, None, -23.3, None, None, None, 70.0, 2020-01-15 05:00:00, None
177.0, None, None, 0.0, None, 1.8, None, -23.1, None, None, None, 70.0, 2020-01-15 06:00:00, None
332.0, None, None, 0.0, None, 2.1, None, -23.1, None, None, None, 70.0, 2020-01-15 07:00:00, None
276.0, None, None, 0.0, None, 2.8, None, -22.6, None, None, None, 71.0, 2020-01-15 08:00:00, None
266.0, None, None, 0.0, None, 1.9, None, -22.1, None, None, None, 71.0, 2020-01-15 09:00:00, None
97.0, None, None, 0.0, None, 3.7, None, -21.0, None, None, None, 73.0, 2020-01-15 10:00:00, None
108.0, None, None, 0.0, None, 6.6, None, -20.1, None, None, None, 73.0, 2020-01-15 11:00:00, None
86.0, None, None, 0.0, None, 7.5, None, -19.7, None, None, None, 73.0, 2020-01-15 12:00:00, None
95.0, None, None, 0.0, None, 6.2, None, -19.5, None, None, None, 73.0, 2020-01-15 13:00:00, None
78.0, None, None, 0.0, None, 6.0, None, -19.6, None, None, None, 73.0, 2020-01-15 14:00:00, None
100.0, None, None, 0.0, None, 9.1, None, -19.6, None, None, None, 73.0, 2020-01-15 15:00:00, None
84.0, None, None, 0.0, None, 6.1, None, -19.9, None, None, None, 73.0, 2020-01-15 16:00:00, None
12.0, None, None, 0.0, None, 4.3, None, -19.6, None, None, None, 73.0, 2020-01-15 17:00:00, None
110.0, None, None, 0.0, None, 11.2, None, -19.5, None, None, None, 75.0, 2020-01-15 18:00:00, None
131.0, None, None, 0.0, None, 10.5, None, -19.3, None, None, None, 75.0, 2020-01-15 19:00:00, None
73.0, None, None, 0.0, None, 11.0, None, -18.9, None, None, None, 76.0, 2020-01-15 20:00:00, None
85.0, None, None, 0.0, None, 12.6, None, -18.6, None, None, None, 77.0, 2020-01-15 21:00:00, None
95.0, None, None, 0.0, None, 8.8, None, -18.2, None, None, None, 76.0, 2020-01-15 22:00:00, None
76.0, None, None, 0.0, None, 9.4, None, -17.7, None, None, None, 78.0, 2020-01-15 23:00:00, None
99.0, None, None, 0.0, None, 9.3, None, -17.4, None, None, None, 78.0, 2020-01-16 00:00:00, None
90.0, None, None, 0.0, None, 12.1, None, -17.0, None, None, None, 79.0, 2020-01-16 01:00:00, None
98.0, None, None, 0.0, None, 8.4, None, -16.9, None, None, None, 78.0, 2020-01-16 02:00:00, None
120.0, None, None, 0.0, None, 7.0, None, -16.9, None, None, None, 78.0, 2020-01-16 03:00:00, None
103.0, None, None, 0.0, None, 8.1, None, -16.7, None, None, None, 79.0, 2020-01-16 04:00:00, None
90.0, None, None, 0.0, None, 10.7, None, -16.3, None, None, None, 80.0, 2020-01-16 05:00:00, None
120.0, None, None, 0.0, None, 7.5, None, -16.1, None, None, None, 79.0, 2020-01-16 06:00:00, None
122.0, None, None, 0.0, None, 8.1, None, -16.0, None, None, None, 79.0, 2020-01-16 07:00:00, None
108.0, None, None, 0.0, None, 9.9, None, -15.7, None, None, None, 80.0, 2020-01-16 08:00:00, None
128.0, None, None, 0.0, None, 6.7, None, -15.2, None, None, None, 80.0, 2020-01-16 09:00:00, None
94.0, None, None, 0.0, None, 8.1, None, -14.9, None, None, None, 82.0, 2020-01-16 10:00:00, None
95.0, None, None, 0.0, None, 6.7, None, -14.3, None, None, None, 81.0, 2020-01-16 11:00:00, None
124.0, None, None, 0.0, None, 7.1, None, -13.8, None, None, None, 81.0, 2020-01-16 12:00:00, None
121.0, None, None, 0.0, None, 4.2, None, -13.7, None, None, None, 82.0, 2020-01-16 13:00:00, None
135.0, None, None, 0.0, None, 6.6, None, -13.5, None, None, None, 82.0, 2020-01-16 14:00:00, None
110.0, None, None, 0.0, None, 6.9, None, -13.4, None, None, None, 83.0, 2020-01-16 15:00:00, None
102.0, None, None, 0.0, None, 7.7, None, -13.3, None, None, None, 83.0, 2020-01-16 16:00:00, None
111.0, None, None, 0.0, None, 5.2, None, -13.2, None, None, None, 82.0, 2020-01-16 17:00:00, None
83.0, None, None, 0.0, None, 4.1, None, -13.1, None, None, None, 82.0, 2020-01-16 18:00:00, None
32.0, None, None, 0.0, None, 2.5, None, -12.9, None, None, None, 82.0, 2020-01-16 19:00:00, None
25.0, None, None, 0.0, None, 2.9, None, -12.8, None, None, None, 83.0, 2020-01-16 20:00:00, None
20.0, None, None, 0.0, None, 3.7, None, -12.8, None, None, None, 82.0, 2020-01-16 21:00:00, None
322.0, None, None, 0.0, None, 2.7, None, -12.6, None, None, None, 82.0, 2020-01-16 22:00:00, None
349.0, None, None, 0.0, None, 2.5, None, -12.5, None, None, None, 83.0, 2020-01-16 23:00:00, None
20.0, None, None, 0.0, None, 3.2, None, -13.6, None, None, None, 80.0, 2020-01-17 00:00:00, None
39.0, None, None, 0.0, None, 3.4, None, -14.9, None, None, None, 79.0, 2020-01-17 01:00:00, None
18.0, None, None, 0.0, None, 4.4, None, -15.6, None, None, None, 80.0, 2020-01-17 02:00:00, None
323.0, None, None, 0.0, None, 5.9, None, -15.0, None, None, None, 80.0, 2020-01-17 03:00:00, None
37.0, None, None, 0.0, None, 3.5, None, -15.3, None, None, None, 80.0, 2020-01-17 04:00:00, None
6.0, None, None, 0.0, None, 3.0, None, -16.0, None, None, None, 79.0, 2020-01-17 05:00:00, None
328.0, None, None, 0.0, None, 5.3, None, -15.6, None, None, None, 79.0, 2020-01-17 06:00:00, None
293.0, None, None, 0.0, None, 7.2, None, -16.0, None, None, None, 78.0, 2020-01-17 07:00:00, None
281.0, None, None, 0.0, None, 11.6, None, -15.7, None, None, None, 78.0, 2020-01-17 08:00:00, None
282.0, None, None, 0.0, None, 11.8, None, -16.1, None, None, None, 78.0, 2020-01-17 09:00:00, None
284.0, None, None, 0.0, None, 9.2, None, -15.9, None, None, None, 78.0, 2020-01-17 10:00:00, None
281.0, None, None, 0.0, None, 9.6, None, -15.3, None, None, None, 79.0, 2020-01-17 11:00:00, None
272.0, None, None, 0.0, None, 6.8, None, -14.8, None, None, None, 79.0, 2020-01-17 12:00:00, None
281.0, None, None, 0.0, None, 8.1, None, -14.7, None, None, None, 79.0, 2020-01-17 13:00:00, None
282.0, None, None, 0.0, None, 6.1, None, -15.0, None, None, None, 78.0, 2020-01-17 14:00:00, None
40.0, None, None, 0.0, None, 4.7, None, -15.9, None, None, None, 77.0, 2020-01-17 15:00:00, None
19.0, None, None, 0.0, None, 2.5, None, -16.5, None, None, None, 77.0, 2020-01-17 16:00:00, None
329.0, None, None, 0.0, None, 2.8, None, -16.5, None, None, None, 78.0, 2020-01-17 17:00:00, None
57.0, None, None, 0.0, None, 3.6, None, -16.6, None, None, None, 78.0, 2020-01-17 18:00:00, None
67.0, None, None, 0.0, None, 3.2, None, -16.6, None, None, None, 78.0, 2020-01-17 19:00:00, None
316.0, None, None, 0.0, None, 4.5, None, -15.9, None, None, None, 80.0, 2020-01-17 20:00:00, None
11.0, None, None, 0.0, None, 2.4, None, -16.0, None, None, None, 79.0, 2020-01-17 21:00:00, None
34.0, None, None, 0.0, None, 3.3, None, -17.2, None, None, None, 75.0, 2020-01-17 22:00:00, None
73.0, None, None, 0.0, None, 6.4, None, -17.0, None, None, None, 79.0, 2020-01-17 23:00:00, None
77.0, None, None, 0.0, None, 4.7, None, -15.9, None, None, None, 80.0, 2020-01-18 00:00:00, None
87.0, None, None, 0.0, None, 9.1, None, -14.1, None, None, None, 82.0, 2020-01-18 01:00:00, None
95.0, None, None, 0.0, None, 8.1, None, -13.4, None, None, None, 83.0, 2020-01-18 02:00:00, None
126.0, None, None, 0.0, None, 7.2, None, -13.5, None, None, None, 82.0, 2020-01-18 03:00:00, None
83.0, None, None, 0.0, None, 8.7, None, -10.1, None, None, None, 86.0, 2020-01-18 17:00:00, None
110.0, None, None, 0.0, None, 6.5, None, -9.9, None, None, None, 86.0, 2020-01-18 18:00:00, None
132.0, None, None, 0.0, None, 5.9, None, -9.9, None, None, None, 87.0, 2020-01-18 19:00:00, None
137.0, None, None, 0.0, None, 5.8, None, -9.7, None, None, None, 87.0, 2020-01-18 20:00:00, None
80.0, None, None, 0.0, None, 3.5, None, -9.7, None, None, None, 86.0, 2020-01-18 21:00:00, None
80.0, None, None, 0.0, None, 4.5, None, -9.6, None, None, None, 86.0, 2020-01-18 22:00:00, None
122.0, None, None, 0.0, None, 5.3, None, -9.6, None, None, None, 87.0, 2020-01-18 23:00:00, None
116.0, None, None, 0.0, None, 4.0, None, -9.5, None, None, None, 86.0, 2020-01-19 00:00:00, None
82.0, None, None, 0.0, None, 6.6, None, -9.3, None, None, None, 87.0, 2020-01-19 01:00:00, None
122.0, None, None, 0.0, None, 7.1, None, -9.1, None, None, None, 87.0, 2020-01-19 02:00:00, None
77.0, None, None, 0.0, None, 5.3, None, -9.0, None, None, None, 87.0, 2020-01-19 03:00:00, None
125.0, None, None, 0.0, None, 3.0, None, -9.1, None, None, None, 87.0, 2020-01-19 04:00:00, None
130.0, None, None, 0.0, None, 5.6, None, -9.0, None, None, None, 87.0, 2020-01-19 05:00:00, None
100.0, None, None, 0.0, None, 10.4, None, -8.9, None, None, None, 88.0, 2020-01-19 06:00:00, None
95.0, None, None, 0.0, None, 7.2, None, -8.6, None, None, None, 88.0, 2020-01-19 07:00:00, None
96.0, None, None, 0.0, None, 6.2, None, -8.3, None, None, None, 88.0, 2020-01-19 08:00:00, None
84.0, None, None, 0.0, None, 9.9, None, -8.2, None, None, None, 88.0, 2020-01-19 09:00:00, None
83.0, None, None, 0.0, None, 10.5, None, -7.8, None, None, None, 88.0, 2020-01-19 10:00:00, None
89.0, None, None, 0.0, None, 9.4, None, -7.7, None, None, None, 89.0, 2020-01-19 11:00:00, None
112.0, None, None, 0.0, None, 7.2, None, -7.5, None, None, None, 89.0, 2020-01-19 12:00:00, None
148.0, None, None, 0.0, None, 7.4, None, -7.2, None, None, None, 89.0, 2020-01-19 13:00:00, None
116.0, None, None, 0.0, None, 8.5, None, -7.2, None, None, None, 89.0, 2020-01-19 14:00:00, None
79.0, None, None, 0.0, None, 9.2, None, -1.6, None, None, None, 95.0, 2020-01-22 17:00:00, None
93.0, None, None, 0.0, None, 6.1, None, -1.6, None, None, None, 95.0, 2020-01-22 18:00:00, None
51.0, None, None, 0.0, None, 7.6, None, -1.7, None, None, None, 95.0, 2020-01-22 19:00:00, None
109.0, None, None, 0.0, None, 4.2, None, -1.7, None, None, None, 95.0, 2020-01-22 20:00:00, None
91.0, None, None, 0.0, None, 7.7, None, -1.8, None, None, None, 95.0, 2020-01-22 21:00:00, None
83.0, None, None, 0.0, None, 7.7, None, -1.8, None, None, None, 95.0, 2020-01-22 22:00:00, None
79.0, None, None, 0.0, None, 7.9, None, -1.8, None, None, None, 95.0, 2020-01-22 23:00:00, None
81.0, None, None, 0.0, None, 6.8, None, -1.8, None, None, None, 95.0, 2020-01-23 00:00:00, None
103.0, None, None, 0.0, None, 8.9, None, -1.8, None, None, None, 95.0, 2020-01-23 01:00:00, None
126.0, None, None, 0.0, None, 8.9, None, -1.8, None, None, None, 95.0, 2020-01-23 02:00:00, None
111.0, None, None, 0.0, None, 8.5, None, -1.9, None, None, None, 95.0, 2020-01-23 03:00:00, None
119.0, None, None, 0.0, None, 9.7, None, -1.8, None, None, None, 95.0, 2020-01-23 04:00:00, None
135.0, None, None, 0.0, None, 9.2, None, -1.7, None, None, None, 95.0, 2020-01-23 05:00:00, None
142.0, None, None, 0.0, None, 9.7, None, -1.7, None, None, None, 95.0, 2020-01-23 06:00:00, None
133.0, None, None, 0.0, None, 9.7, None, -1.6, None, None, None, 96.0, 2020-01-23 07:00:00, None
123.0, None, None, 0.0, None, 8.9, None, -1.6, None, None, None, 95.0, 2020-01-23 08:00:00, None
118.0, None, None, 0.0, None, 10.5, None, -1.6, None, None, None, 95.0, 2020-01-23 09:00:00, None
124.0, None, None, 0.0, None, 10.1, None, -1.5, None, None, None, 95.0, 2020-01-23 10:00:00, None
127.0, None, None, 0.0, None, 9.6, None, -1.4, None, None, None, 96.0, 2020-01-23 11:00:00, None
127.0, None, None, 0.0, None, 9.4, None, -1.3, None, None, None, 96.0, 2020-01-23 12:00:00, None
110.0, None, None, 0.0, None, 9.4, None, -1.3, None, None, None, 96.0, 2020-01-23 13:00:00, None
96.0, None, None, 0.0, None, 7.3, None, -1.2, None, None, None, 96.0, 2020-01-23 14:00:00, None
96.0, None, None, 0.0, None, 9.7, None, -1.3, None, None, None, 96.0, 2020-01-23 15:00:00, None
109.0, None, None, 0.0, None, 6.8, None, -1.3, None, None, None, 96.0, 2020-01-23 16:00:00, None
92.0, None, None, 0.0, None, 8.6, None, -1.3, None, None, None, 96.0, 2020-01-23 17:00:00, None
84.0, None, None, 0.0, None, 5.6, None, -1.4, None, None, None, 96.0, 2020-01-23 18:00:00, None
98.0, 96.0, 5.6, 0.0, -2.0, 7.3, -1.4, -1.3, 84.0, 0.0, 0.0, 96.0, 2020-01-23 19:00:00, None
83.0, 96.0, 7.3, 0.0, -1.9, 8.4, -1.3, -1.3, 98.0, 0.0, 0.0, 96.0, 2020-01-23 20:00:00, None
89.0, 96.0, 8.4, 0.0, -1.9, 6.9, -1.3, -1.3, 83.0, 0.0, 0.0, 95.0, 2020-01-23 21:00:00, None
96.0, 95.0, 6.9, 0.0, -2.0, 7.7, -1.3, -1.3, 89.0, 0.0, 0.0, 96.0, 2020-01-23 22:00:00, None
96.0, 96.0, 7.7, 0.0, -1.9, 7.0, -1.3, -1.4, 96.0, 0.0, 0.0, 95.0, 2020-01-23 23:00:00, None
86.0, 95.0, 7.0, 0.0, -2.1, 7.1, -1.4, -1.3, 96.0, 0.0, 0.0, 95.0, 2020-01-24 00:00:00, None
78.0, 95.0, 7.1, 0.0, -2.0, 10.0, -1.3, -1.3, 86.0, 0.0, 0.0, 96.0, 2020-01-24 01:00:00, None
83.0, 96.0, 10.0, 0.0, -1.9, 8.3, -1.3, -1.3, 78.0, 0.0, 0.0, 96.0, 2020-01-24 02:00:00, None
62.0, 96.0, 8.3, 0.0, -1.9, 7.2, -1.3, -1.1, 83.0, 0.0, 0.0, 96.0, 2020-01-24 03:00:00, None
77.0, 96.0, 7.2, 0.0, -1.7, 6.3, -1.1, -1.1, 62.0, 0.0, 0.0, 96.0, 2020-01-24 04:00:00, None
87.0, 96.0, 6.3, 0.0, -1.7, 5.2, -1.1, -1.1, 77.0, 0.0, 0.0, 95.0, 2020-01-24 05:00:00, None
80.0, 95.0, 5.2, 0.0, -1.8, 4.5, -1.1, -1.1, 87.0, 0.0, 0.0, 96.0, 2020-01-24 06:00:00, None
64.0, 96.0, 4.5, 0.0, -1.7, 6.0, -1.1, -1.1, 80.0, 0.0, 0.0, 96.0, 2020-01-24 07:00:00, None
97.0, 96.0, 6.0, 0.0, -1.7, 6.0, -1.1, -1.0, 64.0, 0.0, 0.0, 96.0, 2020-01-24 08:00:00, None
81.0, 96.0, 6.0, 0.0, -1.6, 6.2, -1.0, -1.1, 97.0, 0.0, 0.0, 95.0, 2020-01-24 09:00:00, None
56.0, 95.0, 6.2, 0.0, -1.8, 4.2, -1.1, -1.0, 81.0, 0.0, 0.0, 95.0, 2020-01-24 10:00:00, None
101.0, None, None, 0.0, None, 4.9, None, -1.0, None, None, None, 95.0, 2020-01-24 11:00:00, None
95.0, None, None, 0.0, None, 4.2, None, -0.8, None, None, None, 96.0, 2020-01-24 12:00:00, None
119.0, None, None, 0.0, None, 0.0, None, -0.8, None, None, None, 96.0, 2020-01-24 13:00:00, None
141.0, None, None, 0.0, None, 0.0, None, -0.8, None, None, None, 96.0, 2020-01-24 14:00:00, None
82.0, None, None, 0.0, None, 3.7, None, -0.9, None, None, None, 96.0, 2020-01-24 15:00:00, None
50.0, None, None, 0.0, None, 1.6, None, -0.7, None, None, None, 96.0, 2020-01-24 16:00:00, None
59.0, None, None, 0.0, None, 1.7, None, -0.7, None, None, None, 96.0, 2020-01-24 17:00:00, None
30.0, None, None, 0.0, None, 3.7, None, -0.6, None, None, None, 96.0, 2020-01-24 18:00:00, None
313.0, None, None, 0.0, None, 3.4, None, -0.6, None, None, None, 96.0, 2020-01-24 19:00:00, None
130.0, None, None, 0.0, None, 0.0, None, -0.7, None, None, None, 96.0, 2020-01-24 20:00:00, None
56.0, None, None, 0.0, None, 2.0, None, -0.7, None, None, None, 96.0, 2020-01-24 21:00:00, None
19.0, None, None, 0.0, None, 2.3, None, -0.7, None, None, None, 96.0, 2020-01-24 22:00:00, None
98.0, None, None, 0.0, None, 2.7, None, -0.7, None, None, None, 96.0, 2020-01-24 23:00:00, None
282.0, None, None, 0.0, None, 2.8, None, -0.7, None, None, None, 96.0, 2020-01-25 00:00:00, None
128.0, None, None, 0.0, None, 1.7, None, -0.7, None, None, None, 96.0, 2020-01-25 01:00:00, None
57.0, None, None, 0.0, None, 1.6, None, -0.8, None, None, None, 96.0, 2020-01-25 02:00:00, None
98.0, None, None, 0.0, None, 2.9, None, -0.8, None, None, None, 96.0, 2020-01-25 03:00:00, None
86.0, None, None, 0.0, None, 3.3, None, -0.8, None, None, None, 96.0, 2020-01-25 04:00:00, None
102.0, None, None, 0.0, None, 3.5, None, -0.7, None, None, None, 96.0, 2020-01-25 05:00:00, None
108.0, None, None, 0.0, None, 3.3, None, -0.7, None, None, None, 96.0, 2020-01-25 06:00:00, None
125.0, 96.0, 3.3, 0.0, -1.3, 3.2, -0.7, -0.7, 108.0, 0.0, 0.0, 96.0, 2020-01-25 07:00:00, None
136.0, 96.0, 3.2, 0.0, -1.3, 3.9, -0.7, -0.6, 125.0, 0.0, 0.0, 96.0, 2020-01-25 08:00:00, None
84.0, 96.0, 3.9, 0.0, -1.2, 5.4, -0.6, -0.6, 136.0, 0.0, 0.0, 96.0, 2020-01-25 09:00:00, None
64.0, 96.0, 5.4, 0.0, -1.2, 7.5, -0.6, -0.2, 84.0, 0.0, 0.0, 96.0, 2020-01-25 10:00:00, None
135.0, 96.0, 7.5, 0.0, -0.8, 5.2, -0.2, -0.2, 64.0, 0.0, 0.0, 96.0, 2020-01-25 11:00:00, None
149.0, 96.0, 5.2, 0.0, -0.8, 7.1, -0.2, -0.1, 135.0, 0.0, 0.0, 96.0, 2020-01-25 12:00:00, None
357.0, None, None, 0.0, None, 11.9, None, -0.2, None, None, None, 97.0, 2020-02-01 17:00:00, None
341.0, None, None, 0.0, None, 7.6, None, -0.5, None, None, None, 97.0, 2020-02-01 18:00:00, None
345.0, None, None, 0.0, None, 10.9, None, -1.0, None, None, None, 96.0, 2020-02-01 19:00:00, None
356.0, None, None, 0.0, None, 9.6, None, -1.4, None, None, None, 93.0, 2020-02-01 20:00:00, None
5.0, None, None, 0.0, None, 11.3, None, -1.7, None, None, None, 91.0, 2020-02-01 21:00:00, None
1.0, None, None, 0.0, None, 10.4, None, -1.9, None, None, None, 91.0, 2020-02-01 22:00:00, None
331.0, None, None, 0.0, None, 8.3, None, -2.1, None, None, None, 91.0, 2020-02-01 23:00:00, None
350.0, None, None, 0.0, None, 9.7, None, -2.4, None, None, None, 91.0, 2020-02-02 00:00:00, None
357.0, None, None, 0.0, None, 8.9, None, -2.6, None, None, None, 90.0, 2020-02-02 01:00:00, None
10.0, None, None, 0.0, None, 9.6, None, -2.8, None, None, None, 89.0, 2020-02-02 02:00:00, None
21.0, None, None, 0.0, None, 10.7, None, -3.1, None, None, None, 88.0, 2020-02-02 03:00:00, None
13.0, None, None, 0.0, None, 8.7, None, -3.4, None, None, None, 87.0, 2020-02-02 04:00:00, None
11.0, None, None, 0.0, None, 8.6, None, -3.7, None, None, None, 86.0, 2020-02-02 05:00:00, None
20.0, None, None, 0.0, None, 10.3, None, -3.8, None, None, None, 86.0, 2020-02-02 06:00:00, None
40.0, None, None, 0.0, None, 9.1, None, -3.9, None, None, None, 85.0, 2020-02-02 07:00:00, None
38.0, None, None, 0.0, None, 3.5, None, -3.4, None, None, None, 91.0, 2020-02-02 08:00:00, None
96.0, None, None, 0.0, None, 5.6, None, -3.3, None, None, None, 93.0, 2020-02-02 09:00:00, None
152.0, None, None, 0.0, None, 6.7, None, -3.4, None, None, None, 94.0, 2020-02-02 10:00:00, None
168.0, 94.0, 6.7, 0.0, -4.2, 10.1, -3.4, -3.3, 152.0, 0.0, 0.0, 94.0, 2020-02-02 11:00:00, None
156.0, 94.0, 10.1, 0.0, -4.1, 6.8, -3.3, -3.0, 168.0, 0.0, 0.0, 94.0, 2020-02-02 12:00:00, None
123.0, 94.0, 6.8, 0.0, -3.8, 5.9, -3.0, -2.8, 156.0, 0.0, 0.0, 94.0, 2020-02-02 13:00:00, None
170.0, 94.0, 5.9, 0.0, -3.6, 5.3, -2.8, -2.7, 123.0, 0.0, 0.0, 95.0, 2020-02-02 14:00:00, None
55.0, 95.0, 5.3, 0.0, -3.4, 2.2, -2.7, -2.6, 170.0, 0.0, 0.0, 95.0, 2020-02-02 15:00:00, None
None, 95.0, 2.2, None, -3.3, None, -2.6, None, 55.0, 0.0, 0.0, None, 2020-02-02 16:00:00, None
345.0, None, None, 0.0, None, 3.9, None, -2.8, None, None, None, 91.0, 2020-02-02 17:00:00, None
15.0, None, None, 0.0, None, 4.0, None, -3.0, None, None, None, 90.0, 2020-02-02 18:00:00, None
27.0, None, None, 0.0, None, 4.0, None, -3.2, None, None, None, 89.0, 2020-02-02 19:00:00, None
43.0, None, None, 0.0, None, 3.7, None, -3.1, None, None, None, 91.0, 2020-02-02 20:00:00, None
71.0, None, None, 0.0, None, 3.0, None, -3.1, None, None, None, 92.0, 2020-02-02 21:00:00, None
90.0, None, None, 0.0, None, 5.2, None, -3.2, None, None, None, 92.0, 2020-02-02 22:00:00, None
89.0, None, None, 0.0, None, 5.1, None, -3.2, None, None, None, 94.0, 2020-02-02 23:00:00, None
51.0, None, None, 0.0, None, 2.8, None, -3.3, None, None, None, 93.0, 2020-02-03 00:00:00, None
48.0, None, None, 0.0, None, 5.9, None, -3.5, None, None, None, 89.0, 2020-02-03 01:00:00, None
329.0, None, None, 0.0, None, 6.2, None, -3.8, None, None, None, 89.0, 2020-02-03 02:00:00, None
293.0, None, None, 0.0, None, 5.9, None, -3.9, None, None, None, 90.0, 2020-02-03 03:00:00, None
312.0, None, None, 0.0, None, 7.9, None, -4.5, None, None, None, 88.0, 2020-02-03 04:00:00, None
329.0, None, None, 0.0, None, 12.9, None, -5.3, None, None, None, 84.0, 2020-02-03 05:00:00, None
343.0, None, None, 0.0, None, 7.7, None, -5.5, None, None, None, 84.0, 2020-02-03 06:00:00, None
354.0, None, None, 0.0, None, 10.0, None, -6.0, None, None, None, 83.0, 2020-02-03 07:00:00, None
266.0, 83.0, 10.0, 0.0, -8.4, 6.6, -6.0, -5.9, 354.0, 0.0, 0.0, 88.0, 2020-02-03 08:00:00, None
227.0, 88.0, 6.6, 0.0, -7.6, 12.5, -5.9, -5.9, 266.0, 0.0, 0.0, 89.0, 2020-02-03 09:00:00, None
233.0, 89.0, 12.5, 0.0, -7.4, 14.9, -5.9, -5.6, 227.0, 0.0, 0.0, 89.0, 2020-02-03 10:00:00, None
226.0, 89.0, 14.9, 0.0, -7.1, 17.8, -5.6, -5.5, 233.0, 0.0, 0.0, 90.0, 2020-02-03 11:00:00, None
247.0, 90.0, 17.8, 0.0, -6.9, 13.0, -5.5, -5.0, 226.0, 0.0, 0.0, 90.0, 2020-02-03 12:00:00, None
240.0, 90.0, 13.0, 0.0, -6.4, 15.8, -5.0, -4.9, 247.0, 0.0, 0.0, 90.0, 2020-02-03 13:00:00, None
244.0, 90.0, 15.8, 0.0, -6.3, 8.9, -4.9, -4.7, 240.0, 0.0, 0.0, 90.0, 2020-02-03 14:00:00, None
307.0, 90.0, 8.9, 0.0, -6.1, 4.4, -4.7, -4.9, 244.0, 0.0, 0.0, 87.0, 2020-02-03 15:00:00, None
7.0, 87.0, 4.4, 0.0, -6.7, 5.9, -4.9, -5.4, 307.0, 0.0, 0.0, 85.0, 2020-02-03 16:00:00, None
4.0, 85.0, 5.9, 0.0, -7.5, 8.6, -5.4, -6.0, 7.0, 0.0, 0.0, 83.0, 2020-02-03 17:00:00, None
3.0, 83.0, 8.6, 0.0, -8.4, 8.7, -6.0, -6.5, 4.0, 0.0, 0.0, 83.0, 2020-02-03 18:00:00, None
11.0, 83.0, 8.7, 0.0, -8.9, 8.0, -6.5, -6.9, 3.0, 0.0, 0.0, 81.0, 2020-02-03 19:00:00, None
5.0, 81.0, 8.0, 0.0, -9.6, 7.3, -6.9, -7.3, 11.0, 0.0, 0.0, 81.0, 2020-02-03 20:00:00, None
1.0, 81.0, 7.3, 0.0, -10.0, 8.4, -7.3, -7.7, 5.0, 0.0, 0.0, 80.0, 2020-02-03 21:00:00, None
18.0, 80.0, 8.4, 0.0, -10.5, 7.3, -7.7, -8.0, 1.0, 0.0, 0.0, 80.0, 2020-02-03 22:00:00, None
19.0, 80.0, 7.3, 0.0, -10.8, 8.0, -8.0, -7.9, 18.0, 0.0, 0.0, 79.0, 2020-02-03 23:00:00, None
12.0, 79.0, 8.0, 0.0, -10.9, 6.9, -7.9, -8.1, 19.0, 0.0, 0.0, 78.0, 2020-02-04 00:00:00, None
28.0, 78.0, 6.9, 0.0, -11.3, 7.5, -8.1, -8.3, 12.0, 0.0, 0.0, 78.0, 2020-02-04 01:00:00, None
29.0, 78.0, 7.5, 0.0, -11.4, 7.4, -8.3, -8.5, 28.0, 0.0, 0.0, 78.0, 2020-02-04 02:00:00, None
23.0, 78.0, 7.4, 0.0, -11.6, 7.2, -8.5, -8.7, 29.0, 0.0, 0.0, 77.0, 2020-02-04 03:00:00, None
27.0, 77.0, 7.2, 0.0, -12.0, 5.8, -8.7, -8.7, 23.0, 0.0, 0.0, 79.0, 2020-02-04 04:00:00, None
101.0, 79.0, 5.8, 0.0, -11.7, 4.8, -8.7, -7.8, 27.0, 0.0, 0.0, 89.0, 2020-02-04 05:00:00, None
101.0, 89.0, 4.8, 0.0, -9.3, 3.0, -7.8, -7.9, 101.0, 0.0, 0.0, 90.0, 2020-02-04 06:00:00, None
101.0, 90.0, 3.0, 0.0, -9.3, 6.4, -7.9, -8.0, 101.0, 0.0, 0.0, 90.0, 2020-02-04 07:00:00, None
157.0, 90.0, 6.4, 0.0, -9.3, 7.9, -8.0, -8.1, 101.0, 0.0, 0.0, 89.0, 2020-02-04 08:00:00, None
137.0, 89.0, 7.9, 0.0, -9.6, 6.7, -8.1, -8.0, 157.0, 0.0, 0.0, 89.0, 2020-02-04 09:00:00, None
147.0, 89.0, 6.7, 0.0, -9.5, 6.3, -8.0, -7.9, 137.0, 0.0, 0.0, 89.0, 2020-02-04 10:00:00, None
150.0, 89.0, 6.3, 0.0, -9.4, 7.1, -7.9, -7.8, 147.0, 0.0, 0.0, 89.0, 2020-02-04 11:00:00, None
167.0, 89.0, 7.1, 0.0, -9.3, 5.7, -7.8, -7.6, 150.0, 0.0, 0.0, 89.0, 2020-02-04 12:00:00, None
159.0, 89.0, 5.7, 0.0, -9.1, 5.3, -7.6, -7.3, 167.0, 0.0, 0.0, 89.0, 2020-02-04 13:00:00, None
None, 89.0, 5.3, None, -8.8, None, -7.3, None, 159.0, 0.0, 0.0, None, 2020-02-04 14:00:00, None
32.0, None, None, 0.0, None, 1.6, None, -5.3, None, None, None, 89.0, 2020-02-05 17:00:00, None
44.0, None, None, 0.0, None, 1.7, None, -5.4, None, None, None, 88.0, 2020-02-05 18:00:00, None
55.0, None, None, 0.0, None, 2.1, None, -5.6, None, None, None, 87.0, 2020-02-05 19:00:00, None
58.0, None, None, 0.0, None, 2.8, None, -5.8, None, None, None, 87.0, 2020-02-05 20:00:00, None
47.0, None, None, 0.0, None, 3.0, None, -6.0, None, None, None, 85.0, 2020-02-05 21:00:00, None
15.0, None, None, 0.0, None, 2.4, None, -6.2, None, None, None, 85.0, 2020-02-05 22:00:00, None
34.0, None, None, 0.0, None, 2.7, None, -6.4, None, None, None, 85.0, 2020-02-05 23:00:00, None
36.0, None, None, 0.0, None, 2.7, None, -6.5, None, None, None, 86.0, 2020-02-06 00:00:00, None
34.0, None, None, 0.0, None, 2.5, None, -6.6, None, None, None, 87.0, 2020-02-06 01:00:00, None
13.0, None, None, 0.0, None, 2.0, None, -6.6, None, None, None, 86.0, 2020-02-06 02:00:00, None
45.0, None, None, 0.0, None, 2.1, None, -6.7, None, None, None, 87.0, 2020-02-06 03:00:00, None
45.0, None, None, 0.0, None, 2.8, None, -6.8, None, None, None, 86.0, 2020-02-06 04:00:00, None
20.0, None, None, 0.0, None, 1.6, None, -6.8, None, None, None, 86.0, 2020-02-06 05:00:00, None
305.0, None, None, 0.0, None, 1.7, None, -6.9, None, None, None, 87.0, 2020-02-06 06:00:00, None
354.0, None, None, 0.0, None, 0.0, None, -6.8, None, None, None, 88.0, 2020-02-06 07:00:00, None
203.0, None, None, 0.0, None, 0.0, None, -6.7, None, None, None, 88.0, 2020-02-06 08:00:00, None
168.0, None, None, 0.0, None, 1.9, None, -6.5, None, None, None, 88.0, 2020-02-06 09:00:00, None
186.0, 88.0, 1.9, 0.0, -8.2, 2.7, -6.5, -6.3, 168.0, 0.0, None, 89.0, 2020-02-06 10:00:00, None
197.0, 89.0, 2.7, 0.0, -7.8, 2.9, -6.3, -6.0, 186.0, 0.0, 0.0, 90.0, 2020-02-06 11:00:00, None
189.0, 90.0, 2.9, 0.0, -7.4, 2.0, -6.0, -5.7, 197.0, 0.0, 0.0, 90.0, 2020-02-06 12:00:00, None
183.0, 90.0, 2.0, 0.0, -7.1, 1.8, -5.7, -5.4, 189.0, 0.0, 0.0, 90.0, 2020-02-06 13:00:00, None
167.0, 90.0, 1.8, 0.0, -6.8, 1.7, -5.4, -5.3, 183.0, 0.0, 0.0, 90.0, 2020-02-06 14:00:00, None
100.0, 90.0, 1.7, 0.0, -6.7, 0.0, -5.3, -5.2, 167.0, 0.0, 0.0, 90.0, 2020-02-06 15:00:00, None
8.0, 90.0, 0.0, 0.0, -6.6, 0.0, -5.2, -5.2, 100.0, 0.0, 0.0, 90.0, 2020-02-06 16:00:00, None
334.0, 90.0, 0.0, 0.0, -6.6, 0.0, -5.2, -5.2, 8.0, 0.0, 0.0, 90.0, 2020-02-06 17:00:00, None
78.0, 90.0, 0.0, 0.0, -6.6, 1.7, -5.2, -5.2, 334.0, 0.0, 0.0, 90.0, 2020-02-06 18:00:00, None
337.0, 90.0, 1.7, 0.0, -6.6, 1.6, -5.2, -5.3, 78.0, 0.0, 0.0, 89.0, 2020-02-06 19:00:00, None
29.0, 89.0, 1.6, 0.0, -6.8, 0.0, -5.3, -5.4, 337.0, 0.0, 0.0, 88.0, 2020-02-06 20:00:00, None
106.0, 88.0, 0.0, 0.0, -7.1, 0.0, -5.4, -5.4, 29.0, 0.0, 0.0, 89.0, 2020-02-06 21:00:00, None
85.0, None, None, 0.0, None, 0.0, None, -5.3, None, None, None, 89.0, 2020-02-06 22:00:00, None
16.0, None, None, 0.0, None, 1.8, None, -5.4, None, None, None, 89.0, 2020-02-06 23:00:00, None
77.0, None, None, 0.0, None, 1.8, None, -5.4, None, None, None, 89.0, 2020-02-07 00:00:00, None
17.0, None, None, 0.0, None, 2.0, None, -5.5, None, None, None, 88.0, 2020-02-07 01:00:00, None
295.0, None, None, 0.0, None, 2.7, None, -5.6, None, None, None, 89.0, 2020-02-07 02:00:00, None
24.0, None, None, 0.0, None, 2.4, None, -5.5, None, None, None, 89.0, 2020-02-07 03:00:00, None
92.0, None, None, 0.0, None, 4.6, None, -5.4, None, None, None, 90.0, 2020-02-07 04:00:00, None
4.0, None, None, 0.0, None, 2.3, None, -5.5, None, None, None, 89.0, 2020-02-07 05:00:00, None
21.0, None, None, 0.0, None, 1.9, None, -5.5, None, None, None, 88.0, 2020-02-07 06:00:00, None
6.0, None, None, 0.0, None, 2.2, None, -5.5, None, None, None, 89.0, 2020-02-07 07:00:00, None
77.0, 89.0, 2.2, 0.0, -7.0, 2.4, -5.5, -5.4, 6.0, 0.0, 0.0, 90.0, 2020-02-07 08:00:00, None
149.0, 90.0, 2.4, 0.0, -6.8, 3.0, -5.4, -5.2, 77.0, 0.0, 0.0, 91.0, 2020-02-07 09:00:00, None
164.0, 91.0, 3.0, 0.0, -6.4, 2.7, -5.2, -5.0, 149.0, 0.0, 0.0, 91.0, 2020-02-07 10:00:00, None
152.0, 91.0, 2.7, 0.0, -6.2, 3.4, -5.0, -4.7, 164.0, 0.0, 0.0, 92.0, 2020-02-07 11:00:00, None
164.0, 92.0, 3.4, 0.0, -5.8, 2.3, -4.7, -4.5, 152.0, 0.0, 0.0, 92.0, 2020-02-07 12:00:00, None
142.0, 92.0, 2.3, 0.0, -5.6, 2.9, -4.5, -4.4, 164.0, 0.0, 0.0, 92.0, 2020-02-07 13:00:00, None
131.0, 92.0, 2.9, 0.0, -5.5, 4.6, -4.4, -4.2, 142.0, 0.0, 0.0, 92.0, 2020-02-07 14:00:00, None
135.0, 92.0, 4.6, 0.0, -5.3, 2.3, -4.2, -4.2, 131.0, 0.0, 0.0, 92.0, 2020-02-07 15:00:00, None
125.0, 92.0, 2.3, 0.0, -5.3, 2.9, -4.2, -4.2, 135.0, 0.0, 0.0, 91.0, 2020-02-07 16:00:00, None
120.0, 91.0, 2.9, 0.0, -5.4, 2.4, -4.2, -4.3, 125.0, 0.0, 0.0, 91.0, 2020-02-07 17:00:00, None
91.0, 91.0, 2.4, 0.0, -5.5, 3.0, -4.3, -4.3, 120.0, 0.0, 0.0, 91.0, 2020-02-07 18:00:00, None
131.0, 91.0, 3.0, 0.0, -5.5, 3.6, -4.3, -4.2, 91.0, 0.0, 0.0, 92.0, 2020-02-07 19:00:00, None
92.0, 92.0, 3.6, 0.0, -5.3, 5.0, -4.2, -4.2, 131.0, 0.0, 0.0, 92.0, 2020-02-07 20:00:00, None
112.0, 92.0, 5.0, 0.0, -5.3, 3.9, -4.2, -4.1, 92.0, 0.0, 0.0, 92.0, 2020-02-07 21:00:00, None
99.0, 92.0, 3.9, 0.0, -5.2, 3.6, -4.1, -4.1, 112.0, 0.0, 0.0, 91.0, 2020-02-07 22:00:00, None
69.0, 91.0, 3.6, 0.0, -5.3, 2.2, -4.1, -4.1, 99.0, 0.0, 0.0, 91.0, 2020-02-07 23:00:00, None
60.0, 91.0, 2.2, 0.0, -5.3, 0.0, -4.1, -4.1, 69.0, 0.0, 0.0, 91.0, 2020-02-08 00:00:00, None
1.0, 91.0, 0.0, 0.0, -5.3, 0.0, -4.1, -4.0, 60.0, 0.0, 0.0, 92.0, 2020-02-08 01:00:00, None
16.0, None, None, 0.0, None, 0.0, None, -4.0, None, None, None, 92.0, 2020-02-08 02:00:00, None
316.0, None, None, 0.0, None, 1.6, None, -4.0, None, None, None, 92.0, 2020-02-08 03:00:00, None
35.0, None, None, 0.0, None, 2.0, None, -3.9, None, None, None, 92.0, 2020-02-08 04:00:00, None
306.0, None, None, 0.0, None, 4.3, None, -4.0, None, None, None, 92.0, 2020-02-08 05:00:00, None
73.0, None, None, 0.0, None, 3.8, None, -4.0, None, None, None, 92.0, 2020-02-08 06:00:00, None
338.0, None, None, 0.0, None, 3.2, None, -4.0, None, None, None, 92.0, 2020-02-08 07:00:00, None
283.0, None, None, 0.0, None, 2.0, None, -4.0, None, None, None, 92.0, 2020-02-08 08:00:00, None
92.0, None, None, 0.0, None, 2.7, None, -3.9, None, None, None, 92.0, 2020-02-08 09:00:00, None
302.0, 92.0, 2.7, 0.0, -5.0, 4.5, -3.9, -3.8, 92.0, 0.0, 0.0, 92.0, 2020-02-08 10:00:00, None
288.0, 92.0, 4.5, 0.0, -4.9, 6.4, -3.8, -3.7, 302.0, 0.0, 0.0, 93.0, 2020-02-08 11:00:00, None
303.0, 93.0, 6.4, 0.0, -4.7, 6.1, -3.7, -3.4, 288.0, 0.0, 0.0, 93.0, 2020-02-08 12:00:00, None
256.0, 93.0, 6.1, 0.0, -4.4, 12.0, -3.4, -3.3, 303.0, 0.0, 0.0, 94.0, 2020-02-08 13:00:00, None
269.0, 94.0, 12.0, 0.0, -4.1, 8.4, -3.3, -3.1, 256.0, 0.0, 0.0, 94.0, 2020-02-08 14:00:00, None
316.0, 94.0, 8.4, 0.0, -3.9, 11.1, -3.1, -3.0, 269.0, 0.0, 0.0, 94.0, 2020-02-08 15:00:00, None
332.0, 94.0, 11.1, 0.0, -3.8, 9.2, -3.0, -3.3, 316.0, 0.0, 0.0, 93.0, 2020-02-08 16:00:00, None
352.0, 93.0, 9.2, 0.0, -4.3, 8.2, -3.3, -3.6, 332.0, 0.0, 0.0, 92.0, 2020-02-08 17:00:00, None
341.0, 92.0, 8.2, 0.0, -4.7, 7.9, -3.6, -3.9, 352.0, 0.0, 0.0, 91.0, 2020-02-08 18:00:00, None
345.0, None, None, 0.0, None, 8.8, None, -4.2, None, None, None, 89.0, 2020-02-08 19:00:00, None
359.0, None, None, 0.0, None, 6.9, None, -4.5, None, None, None, 89.0, 2020-02-08 20:00:00, None
3.0, None, None, 0.0, None, 5.1, None, -4.6, None, None, None, 89.0, 2020-02-08 21:00:00, None
44.0, None, None, 0.0, None, 5.9, None, -4.8, None, None, None, 89.0, 2020-02-08 22:00:00, None
33.0, None, None, 0.0, None, 7.5, None, -5.0, None, None, None, 89.0, 2020-02-08 23:00:00, None
28.0, None, None, 0.0, None, 5.4, None, -5.2, None, None, None, 90.0, 2020-02-09 00:00:00, None
32.0, None, None, 0.0, None, 3.9, None, -5.4, None, None, None, 90.0, 2020-02-09 01:00:00, None
66.0, None, None, 0.0, None, 3.8, None, -5.4, None, None, None, 91.0, 2020-02-09 02:00:00, None
91.0, None, None, 0.0, None, 3.0, None, -5.4, None, None, None, 92.0, 2020-02-09 03:00:00, None
78.0, None, None, 0.0, None, 2.7, None, -5.4, None, None, None, 91.0, 2020-02-09 04:00:00, None
94.0, None, None, 0.0, None, 3.5, None, -5.4, None, None, None, 91.0, 2020-02-09 05:00:00, None
301.0, None, None, 0.0, None, 3.8, None, -5.3, None, None, None, 91.0, 2020-02-09 06:00:00, None
103.0, None, None, 0.0, None, 2.0, None, -5.2, None, None, None, 91.0, 2020-02-09 07:00:00, None
103.0, None, None, 0.0, None, 1.9, None, -5.1, None, None, None, 91.0, 2020-02-09 08:00:00, None
162.0, None, None, 0.0, None, 3.5, None, -5.0, None, None, None, 91.0, 2020-02-09 09:00:00, None
249.0, None, None, 0.0, None, 5.5, None, -4.8, None, None, None, 91.0, 2020-02-09 10:00:00, None
249.0, 91.0, 5.5, 0.0, -6.0, 5.2, -4.8, -4.7, 249.0, 0.0, None, 91.0, 2020-02-09 11:00:00, None
280.0, 91.0, 5.2, 0.0, -5.9, 8.3, -4.7, -4.6, 249.0, 0.0, 0.0, 92.0, 2020-02-09 12:00:00, None
292.0, 92.0, 8.3, 0.0, -5.7, 10.2, -4.6, -4.3, 280.0, 0.0, 0.0, 93.0, 2020-02-09 13:00:00, None
315.0, 93.0, 10.2, 0.0, -5.3, 8.6, -4.3, -4.1, 292.0, 0.0, 0.0, 93.0, 2020-02-09 14:00:00, None
299.0, 93.0, 8.6, 0.0, -5.1, 6.2, -4.1, -4.0, 315.0, 0.0, 0.0, 93.0, 2020-02-09 15:00:00, None
324.0, 93.0, 6.2, 0.0, -5.0, 7.6, -4.0, -3.9, 299.0, 0.0, 0.0, 93.0, 2020-02-09 16:00:00, None
262.0, 93.0, 7.6, 0.0, -4.9, 5.4, -3.9, -3.9, 324.0, 0.0, 0.0, 93.0, 2020-02-09 17:00:00, None
281.0, 93.0, 5.4, 0.0, -4.9, 7.6, -3.9, -3.9, 262.0, 0.0, 0.0, 93.0, 2020-02-09 18:00:00, None
304.0, 93.0, 7.6, 0.0, -4.9, 4.7, -3.9, -3.9, 281.0, 0.0, 0.0, 93.0, 2020-02-09 19:00:00, None
306.0, 93.0, 4.7, 0.0, -4.9, 6.6, -3.9, -3.9, 304.0, 0.0, 0.0, 93.0, 2020-02-09 20:00:00, None
261.0, 93.0, 6.6, 0.0, -4.9, 5.2, -3.9, -3.9, 306.0, 0.0, 0.0, 93.0, 2020-02-09 21:00:00, None
279.0, 93.0, 5.2, 0.0, -4.9, 4.2, -3.9, -4.0, 261.0, 0.0, 0.0, 93.0, 2020-02-09 22:00:00, None
303.0, 93.0, 4.2, 0.0, -5.0, 6.7, -4.0, -4.0, 279.0, 0.0, 0.0, 93.0, 2020-02-09 23:00:00, None
340.0, None, None, 0.0, None, 5.0, None, -4.0, None, None, None, 93.0, 2020-02-10 00:00:00, None
30.0, None, None, 0.0, None, 3.6, None, -4.0, None, None, None, 92.0, 2020-02-10 01:00:00, None
294.0, None, None, 0.0, None, 8.9, None, -4.1, None, None, None, 92.0, 2020-02-10 02:00:00, None
284.0, None, None, 0.0, None, 5.7, None, -4.1, None, None, None, 92.0, 2020-02-10 03:00:00, None
307.0, None, None, 0.0, None, 8.7, None, -4.0, None, None, None, 93.0, 2020-02-10 04:00:00, None
298.0, None, None, 0.0, None, 7.5, None, -4.0, None, None, None, 93.0, 2020-02-10 05:00:00, None
292.0, None, None, 0.0, None, 7.6, None, -3.9, None, None, None, 93.0, 2020-02-10 06:00:00, None
51.0, None, None, 0.0, None, 3.4, None, -3.9, None, None, None, 93.0, 2020-02-10 07:00:00, None
100.0, None, None, 0.0, None, 3.8, None, -3.9, None, None, None, 92.0, 2020-02-10 08:00:00, None
150.0, 92.0, 3.8, 0.0, -5.0, 6.1, -3.9, -3.8, 100.0, 0.0, 0.0, 93.0, 2020-02-10 09:00:00, None
221.0, 93.0, 6.1, 0.0, -4.8, 6.7, -3.8, -3.7, 150.0, 0.0, 0.0, 93.0, 2020-02-10 10:00:00, None
181.0, 93.0, 6.7, 0.0, -4.7, 3.2, -3.7, -3.6, 221.0, 0.0, 0.0, 93.0, 2020-02-10 11:00:00, None
195.0, 93.0, 3.2, 0.0, -4.6, 4.7, -3.6, -3.5, 181.0, 0.0, 0.0, 93.0, 2020-02-10 12:00:00, None
150.0, 93.0, 4.7, 0.0, -4.5, 4.5, -3.5, -3.3, 195.0, 0.0, 0.0, 93.0, 2020-02-10 13:00:00, None
241.0, 93.0, 4.5, 0.0, -4.3, 6.2, -3.3, -3.1, 150.0, 0.0, 0.0, 93.0, 2020-02-10 14:00:00, None
335.0, 93.0, 6.2, 0.0, -4.1, 4.3, -3.1, -3.1, 241.0, 0.0, 0.0, 94.0, 2020-02-10 15:00:00, None
85.0, 94.0, 4.3, 0.0, -3.9, 5.1, -3.1, -3.0, 335.0, 0.0, 0.0, 94.0, 2020-02-10 16:00:00, None
358.0, 94.0, 5.1, 0.0, -3.8, 3.9, -3.0, -3.0, 85.0, 0.0, 0.0, 94.0, 2020-02-10 17:00:00, None
21.0, 94.0, 3.9, 0.0, -3.8, 3.3, -3.0, -3.0, 358.0, 0.0, 0.0, 94.0, 2020-02-10 18:00:00, None
310.0, 94.0, 3.3, 0.0, -3.8, 1.9, -3.0, -3.1, 21.0, 0.0, 0.0, 93.0, 2020-02-10 19:00:00, None
303.0, 93.0, 1.9, 0.0, -4.1, 0.0, -3.1, -3.1, 310.0, 0.0, 0.0, 93.0, 2020-02-10 20:00:00, None
53.0, 93.0, 0.0, 0.0, -4.1, 3.7, -3.1, -3.1, 303.0, 0.0, 0.0, 93.0, 2020-02-10 21:00:00, None
122.0, 93.0, 3.7, 0.0, -4.1, 3.3, -3.1, -3.1, 53.0, 0.0, 0.0, 93.0, 2020-02-10 22:00:00, None
101.0, 93.0, 3.3, 0.0, -4.1, 2.7, -3.1, -3.1, 122.0, 0.0, 0.0, 93.0, 2020-02-10 23:00:00, None
101.0, 93.0, 2.7, 0.0, -4.1, 4.7, -3.1, -3.1, 101.0, 0.0, 0.0, 93.0, 2020-02-11 00:00:00, None
116.0, 93.0, 4.7, 0.0, -4.1, 5.5, -3.1, -3.0, 101.0, 0.0, 0.0, 94.0, 2020-02-11 01:00:00, None
131.0, 94.0, 5.5, 0.0, -3.8, 5.4, -3.0, -3.0, 116.0, 0.0, 0.0, 94.0, 2020-02-11 02:00:00, None
143.0, 94.0, 5.4, 0.0, -3.8, 7.9, -3.0, -2.9, 131.0, 0.0, 0.0, 94.0, 2020-02-11 03:00:00, None
119.0, 94.0, 7.9, 0.0, -3.7, 8.8, -2.9, -2.9, 143.0, 0.0, 0.0, 94.0, 2020-02-11 04:00:00, None
139.0, 94.0, 8.8, 0.0, -3.7, 5.9, -2.9, -2.8, 119.0, 0.0, 0.0, 94.0, 2020-02-11 05:00:00, None
119.0, 94.0, 5.9, 0.0, -3.6, 3.5, -2.8, -2.8, 139.0, 0.0, 0.0, 94.0, 2020-02-11 06:00:00, None
77.0, 94.0, 3.5, 0.0, -3.6, 6.6, -2.8, -2.8, 119.0, 0.0, 0.0, 93.0, 2020-02-11 07:00:00, None
83.0, 93.0, 6.6, 0.0, -3.8, 5.6, -2.8, -2.8, 77.0, 0.0, 0.0, 93.0, 2020-02-11 08:00:00, None
117.0, 93.0, 5.6, 0.0, -3.8, 5.5, -2.8, -2.8, 83.0, 0.0, 0.0, 93.0, 2020-02-11 09:00:00, None
118.0, 93.0, 5.5, 0.0, -3.8, 4.4, -2.8, -2.7, 117.0, 0.0, 0.0, 94.0, 2020-02-11 10:00:00, None
148.0, 94.0, 4.4, 0.0, -3.5, 4.4, -2.7, -2.6, 118.0, 0.0, 0.0, 94.0, 2020-02-11 11:00:00, None
161.0, 94.0, 4.4, 0.0, -3.4, 4.9, -2.6, -2.5, 148.0, 0.0, 0.0, 94.0, 2020-02-11 12:00:00, None
172.0, 94.0, 4.9, 0.0, -3.3, 4.9, -2.5, -2.2, 161.0, 0.0, 0.0, 94.0, 2020-02-11 13:00:00, None
241.0, 94.0, 4.9, 0.0, -3.0, 2.1, -2.2, -2.2, 172.0, 0.0, 0.0, 94.0, 2020-02-11 14:00:00, None
295.0, 94.0, 2.1, 0.0, -3.0, 6.3, -2.2, -2.2, 241.0, 0.0, 0.0, 94.0, 2020-02-11 15:00:00, None
337.0, 94.0, 6.3, 0.0, -3.0, 2.8, -2.2, -2.2, 295.0, 0.0, 0.0, 94.0, 2020-02-11 16:00:00, None
339.0, 94.0, 2.8, 0.0, -3.0, 6.0, -2.2, -2.5, 337.0, 0.0, 0.0, 93.0, 2020-02-11 17:00:00, None
323.0, 93.0, 6.0, 0.0, -3.5, 8.4, -2.5, -2.7, 339.0, 0.0, 0.0, 93.0, 2020-02-11 18:00:00, None
41.0, 93.0, 8.4, 0.0, -3.7, 4.9, -2.7, -2.7, 323.0, 0.0, 0.0, 93.0, 2020-02-11 19:00:00, None
54.0, 93.0, 4.9, 0.0, -3.7, 2.6, -2.7, -2.9, 41.0, 0.0, 0.0, 92.0, 2020-02-11 20:00:00, None
12.0, 92.0, 2.6, 0.0, -4.0, 3.9, -2.9, -3.1, 54.0, 0.0, 0.0, 92.0, 2020-02-11 21:00:00, None
91.0, 92.0, 3.9, 0.0, -4.2, 2.9, -3.1, -3.1, 12.0, 0.0, 0.0, 92.0, 2020-02-11 22:00:00, None
93.0, 92.0, 2.9, 0.0, -4.2, 2.7, -3.1, -3.1, 91.0, 0.0, 0.0, 92.0, 2020-02-11 23:00:00, None
33.0, 92.0, 2.7, 0.0, -4.2, 3.1, -3.1, -3.2, 93.0, 0.0, 0.0, 91.0, 2020-02-12 00:00:00, None
78.0, 91.0, 3.1, 0.0, -4.5, 2.5, -3.2, -3.3, 33.0, 0.0, 0.0, 91.0, 2020-02-12 01:00:00, None
78.0, 91.0, 2.5, 0.0, -4.6, 2.6, -3.3, -3.4, 78.0, 0.0, 0.0, 91.0, 2020-02-12 02:00:00, None
309.0, 91.0, 2.6, 0.0, -4.7, 3.9, -3.4, -3.5, 78.0, 0.0, 0.0, 91.0, 2020-02-12 03:00:00, None
293.0, 91.0, 3.9, 0.0, -4.8, 1.9, -3.5, -3.5, 309.0, 0.0, 0.0, 92.0, 2020-02-12 04:00:00, None
12.0, 92.0, 1.9, 0.0, -4.6, 2.1, -3.5, -3.5, 293.0, 0.0, 0.0, 92.0, 2020-02-12 05:00:00, None
86.0, 92.0, 2.1, 0.0, -4.6, 1.8, -3.5, -3.5, 12.0, 0.0, 0.0, 92.0, 2020-02-12 06:00:00, None
352.0, 92.0, 1.8, 0.0, -4.6, 0.0, -3.5, -3.5, 86.0, 0.0, 0.0, 92.0, 2020-02-12 07:00:00, None
213.0, 92.0, 0.0, 0.0, -4.6, 2.7, -3.5, -3.4, 352.0, 0.0, 0.0, 92.0, 2020-02-12 08:00:00, None
269.0, 92.0, 2.7, 0.0, -4.5, 3.8, -3.4, -3.4, 213.0, 0.0, 0.0, 93.0, 2020-02-12 09:00:00, None
173.0, 93.0, 3.8, 0.0, -4.4, 2.6, -3.4, -3.2, 269.0, 0.0, 0.0, 93.0, 2020-02-12 10:00:00, None
156.0, 93.0, 2.6, 0.0, -4.2, 4.8, -3.2, -3.0, 173.0, 0.0, 0.0, 93.0, 2020-02-12 11:00:00, None
145.0, 93.0, 4.8, 0.0, -4.0, 3.9, -3.0, -2.8, 156.0, 0.0, 0.0, 93.0, 2020-02-12 12:00:00, None
94.0, 93.0, 3.9, 0.0, -3.8, 2.4, -2.8, -2.7, 145.0, 0.0, 0.0, 93.0, 2020-02-12 13:00:00, None
178.0, 93.0, 2.4, 0.0, -3.7, 5.0, -2.7, -2.6, 94.0, 0.0, 0.0, 93.0, 2020-02-12 14:00:00, None
270.0, 93.0, 5.0, 0.0, -3.6, 5.5, -2.6, -2.5, 178.0, 0.0, 0.0, 94.0, 2020-02-12 15:00:00, None
15.0, 94.0, 5.5, 0.0, -3.3, 3.7, -2.5, -2.6, 270.0, 0.0, 0.0, 93.0, 2020-02-12 16:00:00, None
69.0, 93.0, 3.7, 0.0, -3.6, 4.0, -2.6, -2.7, 15.0, 0.0, 0.0, 93.0, 2020-02-12 17:00:00, None
93.0, 93.0, 4.0, 0.0, -3.7, 2.1, -2.7, -2.7, 69.0, 0.0, 0.0, 93.0, 2020-02-12 18:00:00, None
79.0, 93.0, 2.1, 0.0, -3.7, 2.7, -2.7, -2.7, 93.0, 0.0, 0.0, 93.0, 2020-02-12 19:00:00, None
263.0, 93.0, 2.7, 0.0, -3.7, 2.0, -2.7, -2.8, 79.0, 0.0, 0.0, 92.0, 2020-02-12 20:00:00, None
111.0, 92.0, 2.0, 0.0, -3.9, 2.3, -2.8, -2.8, 263.0, 0.0, 0.0, 93.0, 2020-02-12 21:00:00, None
86.0, 93.0, 2.3, 0.0, -3.8, 4.1, -2.8, -2.8, 111.0, 0.0, 0.0, 93.0, 2020-02-12 22:00:00, None
107.0, 93.0, 4.1, 0.0, -3.8, 4.1, -2.8, -2.7, 86.0, 0.0, 0.0, 93.0, 2020-02-12 23:00:00, None
96.0, 93.0, 4.1, 0.0, -3.7, 8.6, -2.7, -2.7, 107.0, 0.0, 0.0, 93.0, 2020-02-13 00:00:00, None
121.0, 93.0, 8.6, 0.0, -3.7, 9.5, -2.7, -2.5, 96.0, 0.0, 0.0, 94.0, 2020-02-13 01:00:00, None
14.0, 94.0, 9.5, 0.0, -3.3, 3.2, -2.5, -2.5, 121.0, 0.0, 0.0, 93.0, 2020-02-13 02:00:00, None
106.0, 93.0, 3.2, 0.0, -3.5, 10.0, -2.5, -2.5, 14.0, 0.0, 0.0, 94.0, 2020-02-13 03:00:00, None
95.0, 94.0, 10.0, 0.0, -3.3, 10.0, -2.5, -2.5, 106.0, 0.0, 0.0, 94.0, 2020-02-13 04:00:00, None
88.0, 94.0, 10.0, 0.0, -3.3, 13.4, -2.5, -2.6, 95.0, 0.0, 0.0, 93.0, 2020-02-13 05:00:00, None
94.0, 93.0, 13.4, 0.0, -3.6, 7.1, -2.6, -2.5, 88.0, 0.0, 0.0, 93.0, 2020-02-13 06:00:00, None
105.0, 93.0, 7.1, 0.0, -3.5, 8.5, -2.5, -2.6, 94.0, 0.0, 0.0, 93.0, 2020-02-13 07:00:00, None
98.0, 93.0, 8.5, 0.0, -3.6, 9.4, -2.6, -2.6, 105.0, 0.0, 0.0, 93.0, 2020-02-13 08:00:00, None
145.0, 93.0, 9.4, 0.0, -3.6, 11.8, -2.6, -2.3, 98.0, 0.0, 0.0, 94.0, 2020-02-13 09:00:00, None
148.0, 94.0, 11.8, 0.0, -3.1, 11.2, -2.3, -2.1, 145.0, 0.0, 0.0, 95.0, 2020-02-13 10:00:00, None
126.0, 95.0, 11.2, 0.0, -2.8, 7.8, -2.1, -2.1, 148.0, 0.0, 0.0, 95.0, 2020-02-13 11:00:00, None
118.0, 95.0, 7.8, 0.0, -2.8, 7.4, -2.1, -2.0, 126.0, 0.0, 0.0, 95.0, 2020-02-13 12:00:00, None
102.0, 95.0, 7.4, 0.0, -2.7, 4.9, -2.0, -2.1, 118.0, 0.0, 0.0, 94.0, 2020-02-13 13:00:00, None
104.0, 94.0, 4.9, 0.0, -2.9, 4.8, -2.1, -2.1, 102.0, 0.0, 0.0, 94.0, 2020-02-13 14:00:00, None
67.0, 94.0, 4.8, 0.0, -2.9, 6.5, -2.1, -2.1, 104.0, 0.0, 0.0, 94.0, 2020-02-13 15:00:00, None
73.0, 94.0, 6.5, 0.0, -2.9, 5.7, -2.1, -2.1, 67.0, 0.0, 0.0, 94.0, 2020-02-13 16:00:00, None
111.0, 94.0, 5.7, 0.0, -2.9, 2.3, -2.1, -2.1, 73.0, 0.0, 0.0, 94.0, 2020-02-13 17:00:00, None
83.0, 94.0, 2.3, 0.0, -2.9, 4.4, -2.1, -2.1, 111.0, 0.0, 0.0, 94.0, 2020-02-13 18:00:00, None
91.0, 94.0, 4.4, 0.0, -2.9, 5.0, -2.1, -2.1, 83.0, 0.0, 0.0, 94.0, 2020-02-13 19:00:00, None
287.0, 94.0, 5.0, 0.0, -2.9, 3.6, -2.1, -2.2, 91.0, 0.0, 0.0, 94.0, 2020-02-13 20:00:00, None
20.0, 94.0, 3.6, 0.0, -3.0, 2.1, -2.2, -2.2, 287.0, 0.0, 0.0, 94.0, 2020-02-13 21:00:00, None
39.0, 94.0, 2.1, 0.0, -3.0, 2.6, -2.2, -2.3, 20.0, 0.0, 0.0, 94.0, 2020-02-13 22:00:00, None
42.0, 94.0, 2.6, 0.0, -3.1, 2.9, -2.3, -2.4, 39.0, 0.0, 0.0, 93.0, 2020-02-13 23:00:00, None
312.0, 93.0, 2.9, 0.0, -3.4, 3.0, -2.4, -2.5, 42.0, 0.0, 0.0, 93.0, 2020-02-14 00:00:00, None
316.0, 93.0, 3.0, 0.0, -3.5, 3.5, -2.5, -2.5, 312.0, 0.0, 0.0, 93.0, 2020-02-14 01:00:00, None
354.0, 93.0, 3.5, 0.0, -3.5, 5.4, -2.5, -2.6, 316.0, 0.0, 0.0, 93.0, 2020-02-14 02:00:00, None
31.0, 93.0, 5.4, 0.0, -3.6, 2.9, -2.6, -2.6, 354.0, 0.0, 0.0, 93.0, 2020-02-14 03:00:00, None
66.0, 93.0, 2.9, 0.0, -3.6, 4.2, -2.6, -2.7, 31.0, 0.0, 0.0, 92.0, 2020-02-14 04:00:00, None
14.0, 92.0, 4.2, 0.0, -3.8, 3.8, -2.7, -2.8, 66.0, 0.0, 0.0, 92.0, 2020-02-14 05:00:00, None
356.0, 92.0, 3.8, 0.0, -3.9, 2.8, -2.8, -2.8, 14.0, 0.0, 0.0, 92.0, 2020-02-14 06:00:00, None
335.0, 92.0, 2.8, 0.0, -3.9, 5.6, -2.8, -2.9, 356.0, 0.0, 0.0, 91.0, 2020-02-14 07:00:00, None
43.0, 91.0, 5.6, 0.0, -4.2, 3.9, -2.9, -3.0, 335.0, 0.0, 0.0, 92.0, 2020-02-14 08:00:00, None
282.0, 92.0, 3.9, 0.0, -4.1, 4.6, -3.0, -2.9, 43.0, 0.0, 0.0, 93.0, 2020-02-14 09:00:00, None
209.0, 93.0, 4.6, 0.0, -3.9, 3.1, -2.9, -2.8, 282.0, 0.0, 0.0, 93.0, 2020-02-14 10:00:00, None
202.0, 93.0, 3.1, 0.0, -3.8, 5.5, -2.8, -2.4, 209.0, 0.0, 0.0, 94.0, 2020-02-14 11:00:00, None
268.0, 94.0, 5.5, 0.0, -3.2, 5.9, -2.4, -2.1, 202.0, 0.0, 0.0, 95.0, 2020-02-14 12:00:00, None
292.0, 95.0, 5.9, 0.0, -2.8, 6.5, -2.1, -2.0, 268.0, 0.0, 0.0, 95.0, 2020-02-14 13:00:00, None
324.0, 95.0, 6.5, 0.0, -2.7, 7.9, -2.0, -2.0, 292.0, 0.0, 0.0, 95.0, 2020-02-14 14:00:00, None
318.0, 95.0, 7.9, 0.0, -2.7, 8.3, -2.0, -2.1, 324.0, 0.0, 0.0, 95.0, 2020-02-14 15:00:00, None
2.0, 95.0, 8.3, 0.0, -2.8, 7.8, -2.1, -2.2, 318.0, 0.0, 0.0, 95.0, 2020-02-14 16:00:00, None
10.0, 95.0, 7.8, 0.0, -2.9, 7.8, -2.2, -2.5, 2.0, 0.0, 0.0, 94.0, 2020-02-14 17:00:00, None
359.0, 94.0, 7.8, 0.0, -3.3, 6.7, -2.5, -2.6, 10.0, 0.0, 0.0, 93.0, 2020-02-14 18:00:00, None
8.0, 93.0, 6.7, 0.0, -3.6, 7.1, -2.6, -2.8, 359.0, 0.0, 0.0, 92.0, 2020-02-14 19:00:00, None
335.0, 92.0, 7.1, 0.0, -3.9, 7.6, -2.8, -2.9, 8.0, 0.0, 0.0, 92.0, 2020-02-14 20:00:00, None
32.0, 92.0, 7.6, 0.0, -4.0, 4.8, -2.9, -2.9, 335.0, 0.0, 0.0, 92.0, 2020-02-14 21:00:00, None
348.0, 92.0, 4.8, 0.0, -4.0, 3.7, -2.9, -2.9, 32.0, 0.0, 0.0, 92.0, 2020-02-14 22:00:00, None
32.0, 92.0, 3.7, 0.0, -4.0, 3.6, -2.9, -2.9, 348.0, 0.0, 0.0, 93.0, 2020-02-14 23:00:00, None
46.0, 93.0, 3.6, 0.0, -3.9, 4.4, -2.9, -2.9, 32.0, 0.0, 0.0, 93.0, 2020-02-15 00:00:00, None
89.0, 93.0, 4.4, 0.0, -3.9, 1.9, -2.9, -2.8, 46.0, 0.0, 0.0, 93.0, 2020-02-15 01:00:00, None
82.0, 93.0, 1.9, 0.0, -3.8, 3.0, -2.8, -2.8, 89.0, 0.0, 0.0, 93.0, 2020-02-15 02:00:00, None
57.0, 93.0, 3.0, 0.0, -3.8, 3.8, -2.8, -2.8, 82.0, 0.0, 0.0, 93.0, 2020-02-15 03:00:00, None
144.0, 93.0, 3.8, 0.0, -3.8, 3.3, -2.8, -2.7, 57.0, 0.0, 0.0, 93.0, 2020-02-15 04:00:00, None
102.0, 93.0, 3.3, 0.0, -3.7, 5.8, -2.7, -2.7, 144.0, 0.0, 0.0, 93.0, 2020-02-15 05:00:00, None
65.0, 93.0, 5.8, 0.0, -3.7, 4.7, -2.7, -2.7, 102.0, 0.0, 0.0, 93.0, 2020-02-15 06:00:00, None
132.0, 93.0, 4.7, 0.0, -3.7, 3.7, -2.7, -2.7, 65.0, 0.0, 0.0, 93.0, 2020-02-15 07:00:00, None
64.0, 93.0, 3.7, 0.0, -3.7, 5.7, -2.7, -2.6, 132.0, 0.0, 0.0, 94.0, 2020-02-15 08:00:00, None
90.0, 94.0, 5.7, 0.0, -3.4, 5.3, -2.6, -2.6, 64.0, 0.0, 0.0, 94.0, 2020-02-15 09:00:00, None
154.0, 94.0, 5.3, 0.0, -3.4, 5.8, -2.6, -2.4, 90.0, 0.0, 0.0, 94.0, 2020-02-15 10:00:00, None
141.0, 94.0, 5.8, 0.0, -3.2, 4.5, -2.4, -2.2, 154.0, 0.0, 0.0, 94.0, 2020-02-15 11:00:00, None
139.0, 94.0, 4.5, 0.0, -3.0, 6.4, -2.2, -2.1, 141.0, 0.0, 0.0, 94.0, 2020-02-15 12:00:00, None
135.0, 94.0, 6.4, 0.0, -2.9, 5.9, -2.1, -2.0, 139.0, 0.0, 0.0, 94.0, 2020-02-15 13:00:00, None
129.0, 94.0, 5.9, 0.0, -2.8, 5.3, -2.0, -1.9, 135.0, 0.0, 0.0, 94.0, 2020-02-15 14:00:00, None
239.0, 94.0, 5.3, 0.0, -2.7, 2.1, -1.9, -1.9, 129.0, 0.0, 0.0, 94.0, 2020-02-15 15:00:00, None
76.0, 94.0, 2.1, 0.0, -2.7, 6.0, -1.9, -1.9, 239.0, 0.0, 0.0, 94.0, 2020-02-15 16:00:00, None
76.0, 94.0, 6.0, 0.0, -2.7, 6.6, -1.9, -2.0, 76.0, 0.0, 0.0, 94.0, 2020-02-15 17:00:00, None
49.0, 94.0, 6.6, 0.0, -2.8, 4.9, -2.0, -2.1, 76.0, 0.0, 0.0, 94.0, 2020-02-15 18:00:00, None
341.0, 94.0, 4.9, 0.0, -2.9, 2.7, -2.1, -2.2, 49.0, 0.0, 0.0, 93.0, 2020-02-15 19:00:00, None
21.0, 93.0, 2.7, 0.0, -3.2, 4.2, -2.2, -2.3, 341.0, 0.0, 0.0, 93.0, 2020-02-15 20:00:00, None
353.0, 93.0, 4.2, 0.0, -3.3, 3.6, -2.3, -2.3, 21.0, 0.0, 0.0, 94.0, 2020-02-15 21:00:00, None
59.0, 94.0, 3.6, 0.0, -3.1, 5.1, -2.3, -2.3, 353.0, 0.0, 0.0, 93.0, 2020-02-15 22:00:00, None
17.0, 93.0, 5.1, 0.0, -3.3, 4.7, -2.3, -2.5, 59.0, 0.0, 0.0, 91.0, 2020-02-15 23:00:00, None
15.0, 91.0, 4.7, 0.0, -3.8, 5.8, -2.5, -2.9, 17.0, 0.0, 0.0, 90.0, 2020-02-16 00:00:00, None
14.0, 90.0, 5.8, 0.0, -4.3, 4.3, -2.9, -3.2, 15.0, 0.0, 0.0, 90.0, 2020-02-16 01:00:00, None
319.0, 90.0, 4.3, 0.0, -4.6, 7.5, -3.2, -3.5, 14.0, 0.0, 0.0, 90.0, 2020-02-16 02:00:00, None
27.0, 90.0, 7.5, 0.0, -4.9, 6.5, -3.5, -3.5, 319.0, 0.0, 0.0, 91.0, 2020-02-16 03:00:00, None
342.0, 91.0, 6.5, 0.0, -4.8, 6.1, -3.5, -3.6, 27.0, 0.0, 0.0, 89.0, 2020-02-16 04:00:00, None
19.0, 89.0, 6.1, 0.0, -5.1, 6.3, -3.6, -3.9, 342.0, 0.0, 0.0, 89.0, 2020-02-16 05:00:00, None
355.0, 89.0, 6.3, 0.0, -5.4, 5.6, -3.9, -4.0, 19.0, 0.0, 0.0, 89.0, 2020-02-16 06:00:00, None
17.0, 89.0, 5.6, 0.0, -5.5, 5.3, -4.0, -4.1, 355.0, 0.0, 0.0, 91.0, 2020-02-16 07:00:00, None
101.0, 91.0, 5.3, 0.0, -5.3, 3.3, -4.1, -3.9, 17.0, 0.0, 0.0, 92.0, 2020-02-16 08:00:00, None
126.0, 92.0, 3.3, 0.0, -5.0, 3.7, -3.9, -3.8, 101.0, 0.0, 0.0, 92.0, 2020-02-16 09:00:00, None
211.0, 92.0, 3.7, 0.0, -4.9, 4.3, -3.8, -3.6, 126.0, 0.0, 0.0, 93.0, 2020-02-16 10:00:00, None
258.0, 93.0, 4.3, 0.0, -4.6, 2.9, -3.6, -3.4, 211.0, 0.0, 0.0, 93.0, 2020-02-16 11:00:00, None
207.0, 93.0, 2.9, 0.0, -4.4, 5.8, -3.4, -3.2, 258.0, 0.0, 0.0, 93.0, 2020-02-16 12:00:00, None
230.0, 93.0, 5.8, 0.0, -4.2, 7.8, -3.2, -3.0, 207.0, 0.0, 0.0, 94.0, 2020-02-16 13:00:00, None
319.0, 94.0, 7.8, 0.0, -3.8, 3.5, -3.0, -2.8, 230.0, 0.0, 0.0, 94.0, 2020-02-16 14:00:00, None
326.0, 94.0, 3.5, 0.0, -3.6, 8.1, -2.8, -2.8, 319.0, 0.0, 0.0, 94.0, 2020-02-16 15:00:00, None
8.0, 94.0, 8.1, 0.0, -3.6, 6.7, -2.8, -2.8, 326.0, 0.0, 0.0, 94.0, 2020-02-16 16:00:00, None
25.0, 94.0, 6.7, 0.0, -3.6, 9.2, -2.8, -2.9, 8.0, 0.0, 0.0, 93.0, 2020-02-16 17:00:00, None
22.0, 93.0, 9.2, 0.0, -3.9, 9.2, -2.9, -3.2, 25.0, 0.0, 0.0, 90.0, 2020-02-16 18:00:00, None
24.0, 90.0, 9.2, 0.0, -4.6, 7.4, -3.2, -3.7, 22.0, 0.0, 0.0, 89.0, 2020-02-16 19:00:00, None
11.0, 89.0, 7.4, 0.0, -5.2, 6.6, -3.7, -3.9, 24.0, 0.0, 0.0, 91.0, 2020-02-16 20:00:00, None
9.0, 91.0, 6.6, 0.0, -5.2, 5.5, -3.9, -3.8, 11.0, 0.0, 0.0, 91.0, 2020-02-16 21:00:00, None
38.0, 91.0, 5.5, 0.0, -5.1, 4.2, -3.8, -3.8, 9.0, 0.0, 0.0, 90.0, 2020-02-16 22:00:00, None
39.0, 90.0, 4.2, 0.0, -5.2, 2.8, -3.8, -3.8, 38.0, 0.0, 0.0, 91.0, 2020-02-16 23:00:00, None
32.0, 91.0, 2.8, 0.0, -5.1, 4.4, -3.8, -4.0, 39.0, 0.0, 0.0, 90.0, 2020-02-17 00:00:00, None
75.0, 90.0, 4.4, 0.0, -5.4, 3.0, -4.0, -4.0, 32.0, 0.0, 0.0, 91.0, 2020-02-17 01:00:00, None
44.0, 91.0, 3.0, 0.0, -5.3, 2.7, -4.0, -3.9, 75.0, 0.0, 0.0, 91.0, 2020-02-17 02:00:00, None
209.0, 91.0, 2.7, 0.0, -5.2, 1.9, -3.9, -3.9, 44.0, 0.0, 0.0, 91.0, 2020-02-17 03:00:00, None
18.0, 91.0, 1.9, 0.0, -5.2, 4.0, -3.9, -4.0, 209.0, 0.0, 0.0, 90.0, 2020-02-17 04:00:00, None
46.0, 90.0, 4.0, 0.0, -5.4, 3.7, -4.0, -4.1, 18.0, 0.0, 0.0, 90.0, 2020-02-17 05:00:00, None
2.0, 90.0, 3.7, 0.0, -5.5, 2.5, -4.1, -4.3, 46.0, 0.0, 0.0, 90.0, 2020-02-17 06:00:00, None
342.0, 90.0, 2.5, 0.0, -5.7, 5.5, -4.3, -4.4, 2.0, 0.0, 0.0, 88.0, 2020-02-17 07:00:00, None
358.0, 88.0, 5.5, 0.0, -6.1, 2.6, -4.4, -4.4, 342.0, 0.0, 0.0, 91.0, 2020-02-17 08:00:00, None
104.0, 91.0, 2.6, 0.0, -5.6, 2.8, -4.4, -4.3, 358.0, 0.0, 0.0, 92.0, 2020-02-17 09:00:00, None
279.0, 92.0, 2.8, 0.0, -5.4, 5.7, -4.3, -4.1, 104.0, 0.0, 0.0, 92.0, 2020-02-17 10:00:00, None
221.0, 92.0, 5.7, 0.0, -5.2, 9.3, -4.1, -3.9, 279.0, 0.0, 0.0, 93.0, 2020-02-17 11:00:00, None
253.0, 93.0, 9.3, 0.0, -4.9, 9.0, -3.9, -3.7, 221.0, 0.0, 0.0, 93.0, 2020-02-17 12:00:00, None
233.0, 93.0, 9.0, 0.0, -4.7, 6.5, -3.7, -3.5, 253.0, 0.0, 0.0, 93.0, 2020-02-17 13:00:00, None
253.0, 93.0, 6.5, 0.0, -4.5, 7.3, -3.5, -3.5, 233.0, 0.0, 0.0, 92.0, 2020-02-17 14:00:00, None
300.0, 92.0, 7.3, 0.0, -4.6, 4.8, -3.5, -3.5, 253.0, 0.0, 0.0, 92.0, 2020-02-17 15:00:00, None
24.0, 92.0, 4.8, 0.0, -4.6, 4.1, -3.5, -3.5, 300.0, 0.0, 0.0, 92.0, 2020-02-17 16:00:00, None
299.0, 92.0, 4.1, 0.0, -4.6, 5.7, -3.5, -3.6, 24.0, 0.0, 0.0, 91.0, 2020-02-17 17:00:00, None
4.0, 91.0, 5.7, 0.0, -4.9, 5.5, -3.6, -3.9, 299.0, 0.0, 0.0, 90.0, 2020-02-17 18:00:00, None
341.0, 90.0, 5.5, 0.0, -5.3, 5.1, -3.9, -4.3, 4.0, 0.0, 0.0, 89.0, 2020-02-17 19:00:00, None
337.0, 89.0, 5.1, 0.0, -5.8, 7.9, -4.3, -4.7, 341.0, 0.0, 0.0, 88.0, 2020-02-17 20:00:00, None
332.0, 88.0, 7.9, 0.0, -6.4, 9.1, -4.7, -5.1, 337.0, 0.0, 0.0, 89.0, 2020-02-17 21:00:00, None
329.0, 89.0, 9.1, 0.0, -6.6, 9.6, -5.1, -5.4, 332.0, 0.0, 0.0, 89.0, 2020-02-17 22:00:00, None
308.0, 89.0, 9.6, 0.0, -6.9, 6.8, -5.4, -5.3, 329.0, 0.0, 0.0, 89.0, 2020-02-17 23:00:00, None
311.0, 89.0, 6.8, 0.0, -6.8, 13.8, -5.3, -5.5, 308.0, 0.0, 0.0, 90.0, 2020-02-18 00:00:00, None
315.0, 90.0, 13.8, 0.0, -6.9, 13.2, -5.5, -5.5, 311.0, 0.0, 0.0, 89.0, 2020-02-18 01:00:00, None
310.0, 89.0, 13.2, 0.0, -7.0, 10.7, -5.5, -5.6, 315.0, 0.0, 0.0, 89.0, 2020-02-18 02:00:00, None
320.0, 89.0, 10.7, 0.0, -7.1, 9.3, -5.6, -6.0, 310.0, 0.0, 0.0, 87.0, 2020-02-18 03:00:00, None
318.0, 87.0, 9.3, 0.0, -7.8, 6.3, -6.0, -6.3, 320.0, 0.0, 0.0, 87.0, 2020-02-18 04:00:00, None
327.0, 87.0, 6.3, 0.0, -8.1, 8.2, -6.3, -6.6, 318.0, 0.0, 0.0, 88.0, 2020-02-18 05:00:00, None
30.0, 88.0, 8.2, 0.0, -8.3, 5.4, -6.6, -6.7, 327.0, 0.0, 0.0, 87.0, 2020-02-18 06:00:00, None
339.0, 87.0, 5.4, 0.0, -8.5, 7.1, -6.7, -7.0, 30.0, 0.0, 0.0, 88.0, 2020-02-18 07:00:00, None
151.0, 88.0, 7.1, 0.0, -8.6, 3.2, -7.0, -6.4, 339.0, 0.0, 0.0, 90.0, 2020-02-18 08:00:00, None
232.0, 90.0, 3.2, 0.0, -7.8, 8.4, -6.4, -6.1, 151.0, 0.0, 0.0, 90.0, 2020-02-18 09:00:00, None
240.0, 90.0, 8.4, 0.0, -7.5, 7.6, -6.1, -5.7, 232.0, 0.0, 0.0, 91.0, 2020-02-18 10:00:00, None
229.0, 91.0, 7.6, 0.0, -6.9, 4.6, -5.7, -5.4, 240.0, 0.0, 0.0, 91.0, 2020-02-18 11:00:00, None
182.0, 91.0, 4.6, 0.0, -6.6, 4.1, -5.4, -5.1, 229.0, 0.0, 0.0, 91.0, 2020-02-18 12:00:00, None
162.0, 91.0, 4.1, 0.0, -6.3, 3.9, -5.1, -4.9, 182.0, 0.0, 0.0, 92.0, 2020-02-18 13:00:00, None
183.0, 92.0, 3.9, 0.0, -6.0, 3.9, -4.9, -4.7, 162.0, 0.0, 0.0, 92.0, 2020-02-18 14:00:00, None
246.0, 92.0, 3.9, 0.0, -5.8, 4.6, -4.7, -4.5, 183.0, 0.0, 0.0, 92.0, 2020-02-18 15:00:00, None
324.0, 92.0, 4.6, 0.0, -5.6, 5.5, -4.5, -4.5, 246.0, 0.0, 0.0, 91.0, 2020-02-18 16:00:00, None
12.0, 91.0, 5.5, 0.0, -5.7, 6.3, -4.5, -4.7, 324.0, 0.0, 0.0, 89.0, 2020-02-18 17:00:00, None
14.0, 89.0, 6.3, 0.0, -6.2, 8.0, -4.7, -5.8, 12.0, 0.0, 0.0, 86.0, 2020-02-18 18:00:00, None
16.0, 86.0, 8.0, 0.0, -7.8, 8.0, -5.8, -6.5, 14.0, 0.0, 0.0, 87.0, 2020-02-18 19:00:00, None
23.0, 87.0, 8.0, 0.0, -8.3, 8.1, -6.5, -7.1, 16.0, 0.0, 0.0, 86.0, 2020-02-18 20:00:00, None
19.0, 86.0, 8.1, 0.0, -9.0, 8.1, -7.1, -7.4, 23.0, 0.0, 0.0, 86.0, 2020-02-18 21:00:00, None
19.0, 86.0, 8.1, 0.0, -9.3, 6.7, -7.4, -7.6, 19.0, 0.0, 0.0, 87.0, 2020-02-18 22:00:00, None
24.0, 87.0, 6.7, 0.0, -9.4, 6.3, -7.6, -7.8, 19.0, 0.0, 0.0, 86.0, 2020-02-18 23:00:00, None
22.0, 86.0, 6.3, 0.0, -9.7, 4.3, -7.8, -8.1, 24.0, 0.0, 0.0, 85.0, 2020-02-19 00:00:00, None
53.0, 85.0, 4.3, 0.0, -10.2, 5.6, -8.1, -8.5, 22.0, 0.0, 0.0, 85.0, 2020-02-19 01:00:00, None
51.0, 85.0, 5.6, 0.0, -10.6, 4.1, -8.5, -8.8, 53.0, 0.0, 0.0, 86.0, 2020-02-19 02:00:00, None
42.0, 86.0, 4.1, 0.0, -10.7, 3.2, -8.8, -8.8, 51.0, 0.0, 0.0, 87.0, 2020-02-19 03:00:00, None
76.0, 87.0, 3.2, 0.0, -10.6, 3.3, -8.8, -8.6, 42.0, 0.0, 0.0, 88.0, 2020-02-19 04:00:00, None
35.0, 88.0, 3.3, 0.0, -10.2, 3.2, -8.6, -8.8, 76.0, 0.0, 0.0, 87.0, 2020-02-19 05:00:00, None
68.0, 87.0, 3.2, 0.0, -10.6, 4.5, -8.8, -9.0, 35.0, 0.0, 0.0, 87.0, 2020-02-19 06:00:00, None
89.0, 87.0, 4.5, 0.0, -10.8, 2.3, -9.0, -9.4, 68.0, 0.0, 0.0, 87.0, 2020-02-19 07:00:00, None
163.0, 87.0, 2.3, 0.0, -11.2, 5.5, -9.4, -8.6, 89.0, 0.0, 0.0, 88.0, 2020-02-19 08:00:00, None
156.0, 88.0, 5.5, 0.0, -10.2, 6.8, -8.6, -7.8, 163.0, 0.0, 0.0, 89.0, 2020-02-19 09:00:00, None
163.0, 89.0, 6.8, 0.0, -9.3, 7.4, -7.8, -7.1, 156.0, 0.0, 0.0, 90.0, 2020-02-19 10:00:00, None
151.0, 90.0, 7.4, 0.0, -8.5, 6.5, -7.1, -6.4, 163.0, 0.0, 0.0, 91.0, 2020-02-19 11:00:00, None
173.0, 91.0, 6.5, 0.0, -7.6, 8.0, -6.4, -5.7, 151.0, 0.0, 0.0, 91.0, 2020-02-19 12:00:00, None
165.0, 91.0, 8.0, 0.0, -6.9, 8.1, -5.7, -5.2, 173.0, 0.0, 0.0, 92.0, 2020-02-19 13:00:00, None
174.0, 92.0, 8.1, 0.0, -6.3, 5.9, -5.2, -4.9, 165.0, 0.0, 0.0, 91.0, 2020-02-19 14:00:00, None
113.0, 91.0, 5.9, 0.0, -6.1, 7.5, -4.9, -4.7, 174.0, 0.0, 0.0, 91.0, 2020-02-19 15:00:00, None
48.0, 91.0, 7.5, 0.0, -5.9, 8.0, -4.7, -5.6, 113.0, 0.0, 0.0, 87.0, 2020-02-19 16:00:00, None
57.0, 87.0, 8.0, 0.0, -7.4, 9.5, -5.6, -6.5, 48.0, 0.0, 0.0, 87.0, 2020-02-19 17:00:00, None
46.0, 87.0, 9.5, 0.0, -8.3, 8.7, -6.5, -7.2, 57.0, 0.0, 0.0, 86.0, 2020-02-19 18:00:00, None
55.0, 86.0, 8.7, 0.0, -9.1, 10.0, -7.2, -7.7, 46.0, 0.0, 0.0, 87.0, 2020-02-19 19:00:00, None
66.0, 87.0, 10.0, 0.0, -9.5, 9.7, -7.7, -8.0, 55.0, 0.0, 0.0, 86.0, 2020-02-19 20:00:00, None
71.0, 86.0, 9.7, 0.0, -9.9, 8.0, -8.0, -8.4, 66.0, 0.0, 0.0, 87.0, 2020-02-19 21:00:00, None
47.0, 87.0, 8.0, 0.0, -10.2, 4.4, -8.4, -8.6, 71.0, 0.0, 0.0, 86.0, 2020-02-19 22:00:00, None
94.0, 86.0, 4.4, 0.0, -10.5, 6.8, -8.6, -8.8, 47.0, 0.0, 0.0, 88.0, 2020-02-19 23:00:00, None
86.0, 88.0, 6.8, 0.0, -10.4, 7.5, -8.8, -9.1, 94.0, 0.0, 0.0, 88.0, 2020-02-20 00:00:00, None
106.0, 88.0, 7.5, 0.0, -10.7, 5.6, -9.1, -9.0, 86.0, 0.0, 0.0, 88.0, 2020-02-20 01:00:00, None
107.0, 88.0, 5.6, 0.0, -10.6, 6.7, -9.0, -9.4, 106.0, 0.0, 0.0, 86.0, 2020-02-20 02:00:00, None
54.0, 86.0, 6.7, 0.0, -11.3, 4.8, -9.4, -9.5, 107.0, 0.0, 0.0, 86.0, 2020-02-20 03:00:00, None
77.0, 86.0, 4.8, 0.0, -11.4, 12.5, -9.5, -9.5, 54.0, 0.0, 0.0, 86.0, 2020-02-20 04:00:00, None
75.0, 86.0, 12.5, 0.0, -11.4, 9.3, -9.5, -9.7, 77.0, 0.0, 0.0, 85.0, 2020-02-20 05:00:00, None
72.0, 85.0, 9.3, 0.0, -11.7, 6.7, -9.7, -10.0, 75.0, 0.0, 0.0, 86.0, 2020-02-20 06:00:00, None
86.0, 86.0, 6.7, 0.0, -11.9, 9.5, -10.0, -9.9, 72.0, 0.0, 0.0, 86.0, 2020-02-20 07:00:00, None
133.0, 86.0, 9.5, 0.0, -11.8, 8.8, -9.9, -8.6, 86.0, 0.0, 0.0, 89.0, 2020-02-20 08:00:00, None
142.0, 89.0, 8.8, 0.0, -10.1, 9.4, -8.6, -7.7, 133.0, 0.0, 0.0, 89.0, 2020-02-20 09:00:00, None
145.0, 89.0, 9.4, 0.0, -9.2, 9.6, -7.7, -7.1, 142.0, 0.0, 0.0, 90.0, 2020-02-20 10:00:00, None
160.0, 90.0, 9.6, 0.0, -8.5, 6.6, -7.1, -6.5, 145.0, 0.0, 0.0, 90.0, 2020-02-20 11:00:00, None
127.0, 90.0, 6.6, 0.0, -7.9, 9.6, -6.5, -5.7, 160.0, 0.0, 0.0, 91.0, 2020-02-20 12:00:00, None
165.0, 91.0, 9.6, 0.0, -6.9, 10.7, -5.7, -5.1, 127.0, 0.0, 0.0, 92.0, 2020-02-20 13:00:00, None
113.0, 92.0, 10.7, 0.0, -6.2, 10.2, -5.1, -4.7, 165.0, 0.0, 0.0, 91.0, 2020-02-20 14:00:00, None
92.0, 91.0, 10.2, 0.0, -5.9, 7.5, -4.7, -4.9, 113.0, 0.0, 0.0, 90.0, 2020-02-20 15:00:00, None
74.0, 90.0, 7.5, 0.0, -6.3, 4.6, -4.9, -5.4, 92.0, 0.0, 0.0, 89.0, 2020-02-20 16:00:00, None
31.0, 89.0, 4.6, 0.0, -6.9, 6.4, -5.4, -6.1, 74.0, 0.0, 0.0, 87.0, 2020-02-20 17:00:00, None
48.0, 87.0, 6.4, 0.0, -7.9, 6.4, -6.1, -6.7, 31.0, 0.0, 0.0, 88.0, 2020-02-20 18:00:00, None
28.0, 88.0, 6.4, 0.0, -8.4, 7.7, -6.7, -7.3, 48.0, 0.0, 0.0, 87.0, 2020-02-20 19:00:00, None
39.0, 87.0, 7.7, 0.0, -9.1, 8.3, -7.3, -7.7, 28.0, 0.0, 0.0, 87.0, 2020-02-20 20:00:00, None
51.0, 87.0, 8.3, 0.0, -9.5, 7.5, -7.7, -7.8, 39.0, 0.0, 0.0, 87.0, 2020-02-20 21:00:00, None
55.0, 87.0, 7.5, 0.0, -9.6, 4.9, -7.8, -8.0, 51.0, 0.0, 0.0, 87.0, 2020-02-20 22:00:00, None
91.0, 87.0, 4.9, 0.0, -9.8, 3.0, -8.0, -8.2, 55.0, 0.0, 0.0, 87.0, 2020-02-20 23:00:00, None
91.0, 87.0, 3.0, 0.0, -10.0, 9.6, -8.2, -8.4, 91.0, 0.0, 0.0, 86.0, 2020-02-21 00:00:00, None
101.0, 86.0, 9.6, 0.0, -10.3, 9.1, -8.4, -8.7, 91.0, 0.0, 0.0, 86.0, 2020-02-21 01:00:00, None
76.0, 86.0, 9.1, 0.0, -10.6, 4.5, -8.7, -9.0, 101.0, 0.0, 0.0, 84.0, 2020-02-21 02:00:00, None
105.0, 84.0, 4.5, 0.0, -11.2, 4.9, -9.0, -9.0, 76.0, 0.0, 0.0, 87.0, 2020-02-21 03:00:00, None
134.0, 87.0, 4.9, 0.0, -10.8, 4.9, -9.0, -9.2, 105.0, 0.0, 0.0, 87.0, 2020-02-21 04:00:00, None
84.0, 87.0, 4.9, 0.0, -11.0, 5.6, -9.2, -9.1, 134.0, 0.0, 0.0, 86.0, 2020-02-21 05:00:00, None
108.0, 86.0, 5.6, 0.0, -11.0, 4.2, -9.1, -9.2, 84.0, 0.0, 0.0, 87.0, 2020-02-21 06:00:00, None
96.0, 87.0, 4.2, 0.0, -11.0, 6.4, -9.2, -9.3, 108.0, 0.0, 0.0, 86.0, 2020-02-21 07:00:00, None
142.0, 86.0, 6.4, 0.0, -11.2, 6.8, -9.3, -8.6, 96.0, 0.0, 0.0, 88.0, 2020-02-21 08:00:00, None
155.0, 88.0, 6.8, 0.0, -10.2, 8.8, -8.6, -7.6, 142.0, 0.0, 0.0, 90.0, 2020-02-21 09:00:00, None
147.0, 90.0, 8.8, 0.0, -9.0, 6.7, -7.6, -6.7, 155.0, 0.0, 0.0, 90.0, 2020-02-21 10:00:00, None
115.0, 90.0, 6.7, 0.0, -8.1, 7.5, -6.7, -6.1, 147.0, 0.0, 0.0, 90.0, 2020-02-21 11:00:00, None
85.0, 90.0, 7.5, 0.0, -7.5, 10.8, -6.1, -5.8, 115.0, 0.0, 0.0, 90.0, 2020-02-21 12:00:00, None
85.0, 90.0, 10.8, 0.0, -7.2, 9.2, -5.8, -5.7, 85.0, 0.0, 0.0, 90.0, 2020-02-21 13:00:00, None
82.0, 90.0, 9.2, 0.0, -7.1, 9.4, -5.7, -5.5, 85.0, 0.0, 0.0, 90.0, 2020-02-21 14:00:00, None
79.0, 90.0, 9.4, 0.0, -6.9, 11.0, -5.5, -5.3, 82.0, 0.0, 0.0, 90.0, 2020-02-21 15:00:00, None
150.0, 90.0, 11.0, 0.0, -6.7, 3.4, -5.3, -5.3, 79.0, 0.0, 0.0, 91.0, 2020-02-21 16:00:00, None
115.0, 91.0, 3.4, 0.0, -6.5, 5.5, -5.3, -5.2, 150.0, 0.0, 0.0, 91.0, 2020-02-21 17:00:00, None
101.0, 91.0, 5.5, 0.0, -6.4, 6.9, -5.2, -5.3, 115.0, 0.0, 0.0, 91.0, 2020-02-21 18:00:00, None
113.0, 91.0, 6.9, 0.0, -6.5, 5.8, -5.3, -5.2, 101.0, 0.0, 0.0, 91.0, 2020-02-21 19:00:00, None
88.0, 91.0, 5.8, 0.0, -6.4, 6.6, -5.2, -5.2, 113.0, 0.0, 0.0, 91.0, 2020-02-21 20:00:00, None
67.0, 91.0, 6.6, 0.0, -6.4, 4.3, -5.2, -5.1, 88.0, 0.0, 0.0, 91.0, 2020-02-21 21:00:00, None
98.0, 91.0, 4.3, 0.0, -6.3, 4.4, -5.1, -5.0, 67.0, 0.0, 0.0, 91.0, 2020-02-21 22:00:00, None
126.0, 91.0, 4.4, 0.0, -6.2, 3.6, -5.0, -5.1, 98.0, 0.0, 0.0, 91.0, 2020-02-21 23:00:00, None
100.0, 91.0, 3.6, 0.0, -6.3, 6.4, -5.1, -4.9, 126.0, 0.0, 0.0, 92.0, 2020-02-22 00:00:00, None
105.0, 92.0, 6.4, 0.0, -6.0, 7.2, -4.9, -4.8, 100.0, 0.0, 0.0, 92.0, 2020-02-22 01:00:00, None
86.0, 92.0, 7.2, 0.0, -5.9, 8.3, -4.8, -4.7, 105.0, 0.0, 0.0, 92.0, 2020-02-22 02:00:00, None
64.0, 92.0, 8.3, 0.0, -5.8, 3.4, -4.7, -4.7, 86.0, 0.0, 0.0, 93.0, 2020-02-22 03:00:00, None
88.0, 93.0, 3.4, 0.0, -5.7, 5.9, -4.7, -4.6, 64.0, 0.0, 0.0, 92.0, 2020-02-22 04:00:00, None
48.0, 92.0, 5.9, 0.0, -5.7, 6.0, -4.6, -4.5, 88.0, 0.0, 0.0, 93.0, 2020-02-22 05:00:00, None
104.0, 93.0, 6.0, 0.0, -5.5, 5.1, -4.5, -4.5, 48.0, 0.0, 0.0, 93.0, 2020-02-22 06:00:00, None
80.0, 93.0, 5.1, 0.0, -5.5, 2.2, -4.5, -4.4, 104.0, 0.0, 0.0, 93.0, 2020-02-22 07:00:00, None
217.0, 93.0, 2.2, 0.0, -5.4, 3.5, -4.4, -4.3, 80.0, 0.0, 0.0, 93.0, 2020-02-22 08:00:00, None
168.0, 93.0, 3.5, 0.0, -5.3, 4.6, -4.3, -4.2, 217.0, 0.0, 0.0, 93.0, 2020-02-22 09:00:00, None
166.0, 93.0, 4.6, 0.0, -5.2, 4.9, -4.2, -3.8, 168.0, 0.0, 0.0, 93.0, 2020-02-22 10:00:00, None
262.0, 93.0, 4.9, 0.0, -4.8, 10.0, -3.8, -3.2, 166.0, 0.0, 0.0, 95.0, 2020-02-22 11:00:00, None
235.0, 95.0, 10.0, 0.0, -3.9, 8.6, -3.2, -2.7, 262.0, 0.0, 0.0, 95.0, 2020-02-22 12:00:00, None
221.0, 95.0, 8.6, 0.0, -3.4, 7.5, -2.7, -2.5, 235.0, 0.0, 0.0, 94.0, 2020-02-22 13:00:00, None
255.0, 94.0, 7.5, 0.0, -3.3, 8.9, -2.5, -2.5, 221.0, 0.0, 0.0, 94.0, 2020-02-22 14:00:00, None
344.0, 94.0, 8.9, 0.0, -3.3, 9.0, -2.5, -2.9, 255.0, 0.0, 0.0, 93.0, 2020-02-22 15:00:00, None
5.0, 93.0, 9.0, 0.0, -3.9, 7.3, -2.9, -3.2, 344.0, 0.0, 0.0, 93.0, 2020-02-22 16:00:00, None
8.0, 93.0, 7.3, 0.0, -4.2, 9.1, -3.2, -3.7, 5.0, 0.0, 0.0, 92.0, 2020-02-22 17:00:00, None
19.0, 92.0, 9.1, 0.0, -4.8, 9.3, -3.7, -4.4, 8.0, 0.0, 0.0, 90.0, 2020-02-22 18:00:00, None
26.0, 90.0, 9.3, 0.0, -5.8, 9.1, -4.4, -5.1, 19.0, 0.0, 0.0, 87.0, 2020-02-22 19:00:00, None
47.0, 87.0, 9.1, 0.0, -6.9, 6.5, -5.1, -5.5, 26.0, 0.0, 0.0, 86.0, 2020-02-22 20:00:00, None
23.0, 86.0, 6.5, 0.0, -7.5, 9.3, -5.5, -6.1, 47.0, 0.0, 0.0, 85.0, 2020-02-22 21:00:00, None
17.0, 85.0, 9.3, 0.0, -8.2, 6.3, -6.1, -6.4, 23.0, 0.0, 0.0, 85.0, 2020-02-22 22:00:00, None
25.0, 85.0, 6.3, 0.0, -8.5, 5.4, -6.4, -6.6, 17.0, 0.0, 0.0, 84.0, 2020-02-22 23:00:00, None
40.0, 84.0, 5.4, 0.0, -8.9, 8.1, -6.6, -6.9, 25.0, 0.0, 0.0, 85.0, 2020-02-23 00:00:00, None
52.0, 85.0, 8.1, 0.0, -9.0, 4.6, -6.9, -6.9, 40.0, 0.0, 0.0, 83.0, 2020-02-23 01:00:00, None
24.0, 83.0, 4.6, 0.0, -9.3, 3.5, -6.9, -7.2, 52.0, 0.0, 0.0, 81.0, 2020-02-23 02:00:00, None
4.0, 81.0, 3.5, 0.0, -9.9, 2.6, -7.2, -7.4, 24.0, 0.0, 0.0, 84.0, 2020-02-23 03:00:00, None
37.0, 84.0, 2.6, 0.0, -9.6, 4.8, -7.4, -7.4, 4.0, 0.0, 0.0, 82.0, 2020-02-23 04:00:00, None
61.0, 82.0, 4.8, 0.0, -9.9, 5.3, -7.4, -7.5, 37.0, 0.0, 0.0, 82.0, 2020-02-23 05:00:00, None
66.0, 82.0, 5.3, 0.0, -10.0, 4.3, -7.5, -7.6, 61.0, 0.0, 0.0, 82.0, 2020-02-23 06:00:00, None
124.0, 82.0, 4.3, 0.0, -10.1, 4.0, -7.6, -7.5, 66.0, 0.0, 0.0, 85.0, 2020-02-23 07:00:00, None
141.0, 85.0, 4.0, 0.0, -9.6, 3.9, -7.5, -7.3, 124.0, 0.0, 0.0, 87.0, 2020-02-23 08:00:00, None
138.0, 87.0, 3.9, 0.0, -9.1, 4.6, -7.3, -6.9, 141.0, 0.0, 0.0, 88.0, 2020-02-23 09:00:00, None
82.0, 88.0, 4.6, 0.0, -8.6, 8.5, -6.9, -6.6, 138.0, 0.0, 0.0, 88.0, 2020-02-23 10:00:00, None
195.0, 88.0, 8.5, 0.0, -8.3, 3.4, -6.6, -6.3, 82.0, 0.0, 0.0, 90.0, 2020-02-23 11:00:00, None
122.0, 90.0, 3.4, 0.0, -7.7, 4.5, -6.3, -6.0, 195.0, 0.0, 0.0, 90.0, 2020-02-23 12:00:00, None
156.0, 90.0, 4.5, 0.0, -7.4, 4.0, -6.0, -5.7, 122.0, 0.0, 0.0, 91.0, 2020-02-23 13:00:00, None
113.0, 91.0, 4.0, 0.0, -6.9, 6.9, -5.7, -5.4, 156.0, 0.0, 0.0, 91.0, 2020-02-23 14:00:00, None
138.0, 91.0, 6.9, 0.0, -6.6, 3.2, -5.4, -5.2, 113.0, 0.0, 0.0, 91.0, 2020-02-23 15:00:00, None
99.0, 91.0, 3.2, 0.0, -6.4, 2.1, -5.2, -5.1, 138.0, 0.0, 0.0, 91.0, 2020-02-23 16:00:00, None
125.0, 91.0, 2.1, 0.0, -6.3, 4.5, -5.1, -5.1, 99.0, 0.0, 0.0, 91.0, 2020-02-23 17:00:00, None
332.0, 91.0, 4.5, 0.0, -6.3, 2.1, -5.1, -5.2, 125.0, 0.0, 0.0, 90.0, 2020-02-23 18:00:00, None
2.0, 90.0, 2.1, 0.0, -6.6, 0.0, -5.2, -5.2, 332.0, 0.0, 0.0, 91.0, 2020-02-23 19:00:00, None
31.0, 91.0, 0.0, 0.0, -6.4, 1.9, -5.2, -5.2, 2.0, 0.0, 0.0, 90.0, 2020-02-23 20:00:00, None
351.0, 90.0, 1.9, 0.0, -6.6, 3.8, -5.2, -5.4, 31.0, 0.0, 0.0, 88.0, 2020-02-23 21:00:00, None
29.0, 88.0, 3.8, 0.0, -7.1, 2.2, -5.4, -5.4, 351.0, 0.0, 0.0, 89.0, 2020-02-23 22:00:00, None
334.0, 89.0, 2.2, 0.0, -6.9, 2.6, -5.4, -5.6, 29.0, 0.0, 0.0, 87.0, 2020-02-23 23:00:00, None
18.0, 87.0, 2.6, 0.0, -7.4, 3.4, -5.6, -5.6, 334.0, 0.0, 0.0, 87.0, 2020-02-24 00:00:00, None
356.0, 87.0, 3.4, 0.0, -7.4, 2.9, -5.6, -5.7, 18.0, 0.0, 0.0, 88.0, 2020-02-24 01:00:00, None
56.0, 88.0, 2.9, 0.0, -7.4, 3.5, -5.7, -5.7, 356.0, 0.0, 0.0, 88.0, 2020-02-24 02:00:00, None
0.0, 88.0, 3.5, 0.0, -7.4, 3.2, -5.7, -5.8, 56.0, 0.0, 0.0, 88.0, 2020-02-24 03:00:00, None
29.0, 88.0, 3.2, 0.0, -7.5, 3.9, -5.8, -5.8, 0.0, 0.0, 0.0, 88.0, 2020-02-24 04:00:00, None
89.0, 88.0, 3.9, 0.0, -7.5, 6.2, -5.8, -5.8, 29.0, 0.0, 0.0, 88.0, 2020-02-24 05:00:00, None
48.0, 88.0, 6.2, 0.0, -7.5, 2.9, -5.8, -5.8, 89.0, 0.0, 0.0, 89.0, 2020-02-24 06:00:00, None
11.0, 89.0, 2.9, 0.0, -7.3, 2.8, -5.8, -5.6, 48.0, 0.0, 0.0, 90.0, 2020-02-24 07:00:00, None
146.0, 90.0, 2.8, 0.0, -7.0, 3.7, -5.6, -5.4, 11.0, 0.0, 0.0, 91.0, 2020-02-24 08:00:00, None
149.0, 91.0, 3.7, 0.0, -6.6, 4.5, -5.4, -5.0, 146.0, 0.0, 0.0, 91.0, 2020-02-24 09:00:00, None
258.0, 91.0, 4.5, 0.0, -6.2, 8.1, -5.0, -4.6, 149.0, 0.0, 0.0, 93.0, 2020-02-24 10:00:00, None
288.0, 93.0, 8.1, 0.0, -5.6, 13.3, -4.6, -3.7, 258.0, 0.0, 0.0, 95.0, 2020-02-24 11:00:00, None
262.0, 95.0, 13.3, 0.0, -4.4, 11.2, -3.7, -3.1, 288.0, 0.0, 0.0, 95.0, 2020-02-24 12:00:00, None
223.0, 95.0, 11.2, 0.0, -3.8, 8.5, -3.1, -3.1, 262.0, 0.0, 0.0, 95.0, 2020-02-24 13:00:00, None
189.0, 95.0, 8.5, 0.0, -3.8, 5.7, -3.1, -2.8, 223.0, 0.0, 0.0, 95.0, 2020-02-24 14:00:00, None
307.0, 95.0, 5.7, 0.0, -3.5, 7.3, -2.8, -2.9, 189.0, 0.0, 0.0, 93.0, 2020-02-24 15:00:00, None
299.0, 93.0, 7.3, 0.0, -3.9, 8.8, -2.9, -3.2, 307.0, 0.0, 0.0, 92.0, 2020-02-24 16:00:00, None
11.0, 92.0, 8.8, 0.0, -4.3, 6.3, -3.2, -3.7, 299.0, 0.0, 0.0, 91.0, 2020-02-24 17:00:00, None
7.0, 91.0, 6.3, 0.0, -5.0, 8.3, -3.7, -4.5, 11.0, 0.0, 0.0, 88.0, 2020-02-24 18:00:00, None
349.0, 88.0, 8.3, 0.0, -6.2, 7.9, -4.5, -5.4, 7.0, 0.0, 0.0, 87.0, 2020-02-24 19:00:00, None
19.0, 87.0, 7.9, 0.0, -7.2, 7.6, -5.4, -6.1, 349.0, 0.0, 0.0, 85.0, 2020-02-24 20:00:00, None
15.0, 85.0, 7.6, 0.0, -8.2, 6.9, -6.1, -6.4, 19.0, 0.0, 0.0, 85.0, 2020-02-24 21:00:00, None
9.0, 85.0, 6.9, 0.0, -8.5, 7.5, -6.4, -6.9, 15.0, 0.0, 0.0, 84.0, 2020-02-24 22:00:00, None
23.0, 84.0, 7.5, 0.0, -9.1, 7.2, -6.9, -7.3, 9.0, 0.0, 0.0, 82.0, 2020-02-24 23:00:00, None
19.0, 82.0, 7.2, 0.0, -9.8, 6.6, -7.3, -7.8, 23.0, 0.0, 0.0, 82.0, 2020-02-25 00:00:00, None
23.0, 82.0, 6.6, 0.0, -10.3, 8.1, -7.8, -8.2, 19.0, 0.0, 0.0, 82.0, 2020-02-25 01:00:00, None
17.0, 82.0, 8.1, 0.0, -10.7, 5.8, -8.2, -8.0, 23.0, 0.0, 0.0, 83.0, 2020-02-25 02:00:00, None
12.0, 83.0, 5.8, 0.0, -10.4, 6.0, -8.0, -8.2, 17.0, 0.0, 0.0, 81.0, 2020-02-25 03:00:00, None
21.0, 81.0, 6.0, 0.0, -10.9, 6.0, -8.2, -8.5, 12.0, 0.0, 0.0, 81.0, 2020-02-25 04:00:00, None
14.0, 81.0, 6.0, 0.0, -11.2, 4.5, -8.5, -8.6, 21.0, 0.0, 0.0, 81.0, 2020-02-25 05:00:00, None
14.0, 81.0, 4.5, 0.0, -11.3, 2.7, -8.6, -8.5, 14.0, 0.0, 0.0, 83.0, 2020-02-25 06:00:00, None
71.0, 83.0, 2.7, 0.0, -10.9, 2.3, -8.5, -8.1, 14.0, 0.0, 0.0, 85.0, 2020-02-25 07:00:00, None
140.0, 85.0, 2.3, 0.0, -10.2, 3.6, -8.1, -7.6, 71.0, 0.0, 0.0, 88.0, 2020-02-25 08:00:00, None
200.0, 88.0, 3.6, 0.0, -9.2, 3.6, -7.6, -7.3, 140.0, 0.0, 0.0, 88.0, 2020-02-25 09:00:00, None
227.0, 88.0, 3.6, 0.0, -8.9, 2.6, -7.3, -6.9, 200.0, 0.0, 0.0, 89.0, 2020-02-25 10:00:00, None
156.0, 89.0, 2.6, 0.0, -8.4, 5.1, -6.9, -6.3, 227.0, 0.0, 0.0, 91.0, 2020-02-25 11:00:00, None
152.0, 91.0, 5.1, 0.0, -7.5, 4.3, -6.3, -5.9, 156.0, 0.0, 0.0, 90.0, 2020-02-25 12:00:00, None
78.0, 90.0, 4.3, 0.0, -7.3, 5.6, -5.9, -5.8, 152.0, 0.0, 0.0, 90.0, 2020-02-25 13:00:00, None
59.0, 90.0, 5.6, 0.0, -7.2, 6.3, -5.8, -5.6, 78.0, 0.0, 0.0, 91.0, 2020-02-25 14:00:00, None
61.0, 91.0, 6.3, 0.0, -6.8, 9.1, -5.6, -5.5, 59.0, 0.0, 0.0, 91.0, 2020-02-25 15:00:00, None
67.0, 91.0, 9.1, 0.0, -6.7, 10.7, -5.5, -5.4, 61.0, 0.0, 0.0, 91.0, 2020-02-25 16:00:00, None
82.0, 91.0, 10.7, 0.0, -6.6, 9.0, -5.4, -5.4, 67.0, 0.0, 0.0, 91.0, 2020-02-25 17:00:00, None
58.0, 91.0, 9.0, 0.0, -6.6, 6.9, -5.4, -5.4, 82.0, 0.0, 0.0, 91.0, 2020-02-25 18:00:00, None
133.0, 91.0, 6.9, 0.0, -6.6, 3.1, -5.4, -5.3, 58.0, 0.0, 0.0, 91.0, 2020-02-25 19:00:00, None
84.0, 91.0, 3.1, 0.0, -6.5, 6.7, -5.3, -5.3, 133.0, 0.0, 0.0, 91.0, 2020-02-25 20:00:00, None
106.0, 91.0, 6.7, 0.0, -6.5, 4.3, -5.3, -5.2, 84.0, 0.0, 0.0, 91.0, 2020-02-25 21:00:00, None
117.0, 91.0, 4.3, 0.0, -6.4, 4.9, -5.2, -5.1, 106.0, 0.0, 0.0, 91.0, 2020-02-25 22:00:00, None
92.0, 91.0, 4.9, 0.0, -6.3, 3.7, -5.1, -5.1, 117.0, 0.0, 0.0, 91.0, 2020-02-25 23:00:00, None
63.0, 91.0, 3.7, 0.0, -6.3, 6.8, -5.1, -5.1, 92.0, 0.0, 0.0, 91.0, 2020-02-26 00:00:00, None
81.0, 91.0, 6.8, 0.0, -6.3, 6.3, -5.1, -5.1, 63.0, 0.0, 0.0, 91.0, 2020-02-26 01:00:00, None
83.0, 91.0, 6.3, 0.0, -6.3, 4.8, -5.1, -5.0, 81.0, 0.0, 0.0, 91.0, 2020-02-26 02:00:00, None
115.0, 91.0, 4.8, 0.0, -6.2, 6.3, -5.0, -4.9, 83.0, 0.0, 0.0, 91.0, 2020-02-26 03:00:00, None
121.0, 91.0, 6.3, 0.0, -6.1, 5.7, -4.9, -4.7, 115.0, 0.0, 0.0, 92.0, 2020-02-26 04:00:00, None
87.0, 92.0, 5.7, 0.0, -5.8, 7.1, -4.7, -4.7, 121.0, 0.0, 0.0, 91.0, 2020-02-26 05:00:00, None
225.0, 91.0, 7.1, 0.0, -5.9, 2.5, -4.7, -4.7, 87.0, 0.0, 0.0, 91.0, 2020-02-26 06:00:00, None
129.0, 91.0, 2.5, 0.0, -5.9, 4.0, -4.7, -4.7, 225.0, 0.0, 0.0, 91.0, 2020-02-26 07:00:00, None
142.0, 91.0, 4.0, 0.0, -5.9, 3.2, -4.7, -4.6, 129.0, 0.0, 0.0, 91.0, 2020-02-26 08:00:00, None
162.0, 91.0, 3.2, 0.0, -5.8, 3.4, -4.6, -4.4, 142.0, 0.0, 0.0, 92.0, 2020-02-26 09:00:00, None
139.0, 92.0, 3.4, 0.0, -5.5, 3.8, -4.4, -4.3, 162.0, 0.0, 0.0, 92.0, 2020-02-26 10:00:00, None
163.0, 92.0, 3.8, 0.0, -5.4, 4.3, -4.3, -3.9, 139.0, 0.0, 0.0, 92.0, 2020-02-26 11:00:00, None
128.0, 92.0, 4.3, 0.0, -5.0, 3.5, -3.9, -3.6, 163.0, 0.0, 0.0, 93.0, 2020-02-26 12:00:00, None
147.0, 93.0, 3.5, 0.0, -4.6, 5.3, -3.6, -3.3, 128.0, 0.0, 0.0, 93.0, 2020-02-26 13:00:00, None
156.0, 93.0, 5.3, 0.0, -4.3, 4.7, -3.3, -3.2, 147.0, 0.0, 0.0, 93.0, 2020-02-26 14:00:00, None
170.0, 93.0, 4.7, 0.0, -4.2, 2.8, -3.2, -3.2, 156.0, 0.0, 0.0, 93.0, 2020-02-26 15:00:00, None
98.0, 93.0, 2.8, 0.0, -4.2, 3.3, -3.2, -3.3, 170.0, 0.0, 0.0, 93.0, 2020-02-26 16:00:00, None
34.0, 93.0, 3.3, 0.0, -4.3, 3.6, -3.3, -3.4, 98.0, 0.0, 0.0, 94.0, 2020-02-26 17:00:00, None
40.0, 94.0, 3.6, 0.0, -4.2, 3.7, -3.4, -3.4, 34.0, 0.0, 0.0, 94.0, 2020-02-26 18:00:00, None
357.0, 94.0, 3.7, 0.0, -4.2, 3.4, -3.4, -3.4, 40.0, 0.0, 0.0, 94.0, 2020-02-26 19:00:00, None
50.0, 94.0, 3.4, 0.0, -4.2, 2.6, -3.4, -3.5, 357.0, 0.0, 0.0, 94.0, 2020-02-26 20:00:00, None
108.0, 94.0, 2.6, 0.0, -4.3, 4.4, -3.5, -3.6, 50.0, 0.0, 0.0, 93.0, 2020-02-26 21:00:00, None
86.0, 93.0, 4.4, 0.0, -4.6, 4.6, -3.6, -3.6, 108.0, 0.0, 0.0, 93.0, 2020-02-26 22:00:00, None
45.0, 93.0, 4.6, 0.0, -4.6, 2.5, -3.6, -3.5, 86.0, 0.0, 0.0, 93.0, 2020-02-26 23:00:00, None
86.0, 93.0, 2.5, 0.0, -4.5, 3.9, -3.5, -3.5, 45.0, 0.0, 0.0, 93.0, 2020-02-27 00:00:00, None
322.0, 93.0, 3.9, 0.0, -4.5, 3.1, -3.5, -3.5, 86.0, 0.0, 0.0, 93.0, 2020-02-27 01:00:00, None
70.0, 93.0, 3.1, 0.0, -4.5, 3.2, -3.5, -3.5, 322.0, 0.0, 0.0, 93.0, 2020-02-27 02:00:00, None
85.0, 93.0, 3.2, 0.0, -4.5, 5.8, -3.5, -3.5, 70.0, 0.0, 0.0, 93.0, 2020-02-27 03:00:00, None
147.0, 93.0, 5.8, 0.0, -4.5, 3.2, -3.5, -3.5, 85.0, 0.0, 0.0, 93.0, 2020-02-27 04:00:00, None
87.0, 93.0, 3.2, 0.0, -4.5, 2.4, -3.5, -3.6, 147.0, 0.0, 0.0, 93.0, 2020-02-27 05:00:00, None
100.0, 93.0, 2.4, 0.0, -4.6, 4.7, -3.6, -3.6, 87.0, 0.0, 0.0, 93.0, 2020-02-27 06:00:00, None
86.0, 93.0, 4.7, 0.0, -4.6, 3.9, -3.6, -3.5, 100.0, 0.0, 0.0, 93.0, 2020-02-27 07:00:00, None
111.0, 93.0, 3.9, 0.0, -4.5, 5.1, -3.5, -3.4, 86.0, 0.0, 0.0, 93.0, 2020-02-27 08:00:00, None
149.0, 93.0, 5.1, 0.0, -4.4, 4.5, -3.4, -3.1, 111.0, 0.0, 0.0, 94.0, 2020-02-27 09:00:00, None
121.0, 94.0, 4.5, 0.0, -3.9, 6.7, -3.1, -2.9, 149.0, 0.0, 0.0, 94.0, 2020-02-27 10:00:00, None
105.0, 94.0, 6.7, 0.0, -3.7, 6.3, -2.9, -2.7, 121.0, 0.0, 0.0, 94.0, 2020-02-27 11:00:00, None
74.0, 94.0, 6.3, 0.0, -3.5, 10.0, -2.7, -2.4, 105.0, 0.0, 0.0, 95.0, 2020-02-27 12:00:00, None
97.0, 95.0, 10.0, 0.0, -3.1, 6.8, -2.4, -2.2, 74.0, 0.0, 0.0, 95.0, 2020-02-27 13:00:00, None
72.0, 95.0, 6.8, 0.0, -2.9, 9.0, -2.2, -2.0, 97.0, 0.0, 0.0, 95.0, 2020-02-27 14:00:00, None
127.0, 95.0, 9.0, 0.0, -2.7, 4.9, -2.0, -1.9, 72.0, 0.0, 0.0, 95.0, 2020-02-27 15:00:00, None
116.0, 95.0, 4.9, 0.0, -2.6, 4.2, -1.9, -1.9, 127.0, 0.0, 0.0, 95.0, 2020-02-27 16:00:00, None
74.0, 95.0, 4.2, 0.0, -2.6, 4.6, -1.9, -1.9, 116.0, 0.0, 0.0, 95.0, 2020-02-27 17:00:00, None
88.0, 95.0, 4.6, 0.0, -2.6, 5.9, -1.9, -1.8, 74.0, 0.0, 0.0, 96.0, 2020-02-27 18:00:00, None
100.0, 96.0, 5.9, 0.0, -2.4, 6.4, -1.8, -1.9, 88.0, 0.0, 0.0, 95.0, 2020-02-27 19:00:00, None
76.0, 95.0, 6.4, 0.0, -2.6, 10.2, -1.9, -1.8, 100.0, 0.0, 0.0, 96.0, 2020-02-27 20:00:00, None
63.0, 96.0, 10.2, 0.0, -2.4, 7.2, -1.8, -1.7, 76.0, 0.0, 0.0, 96.0, 2020-02-27 21:00:00, None
87.0, 96.0, 7.2, 0.0, -2.3, 6.0, -1.7, -1.7, 63.0, 0.0, 0.0, 96.0, 2020-02-27 22:00:00, None
61.0, 96.0, 6.0, 0.0, -2.3, 5.7, -1.7, -1.7, 87.0, 0.0, 0.0, 96.0, 2020-02-27 23:00:00, None
87.0, 96.0, 5.7, 0.0, -2.3, 3.8, -1.7, -1.7, 61.0, 0.0, 0.0, 96.0, 2020-02-28 00:00:00, None
94.0, 96.0, 3.8, 0.0, -2.3, 3.3, -1.7, -1.8, 87.0, 0.0, 0.0, 96.0, 2020-02-28 01:00:00, None
56.0, 96.0, 3.3, 0.0, -2.4, 3.4, -1.8, -1.8, 94.0, 0.0, 0.0, 96.0, 2020-02-28 02:00:00, None
98.0, 96.0, 3.4, 0.0, -2.4, 2.9, -1.8, -1.8, 56.0, 0.0, 0.0, 95.0, 2020-02-28 03:00:00, None
87.0, 95.0, 2.9, 0.0, -2.5, 6.0, -1.8, -1.8, 98.0, 0.0, 0.0, 95.0, 2020-02-28 04:00:00, None
83.0, 95.0, 6.0, 0.0, -2.5, 7.0, -1.8, -1.8, 87.0, 0.0, 0.0, 95.0, 2020-02-28 05:00:00, None
95.0, 95.0, 7.0, 0.0, -2.5, 6.0, -1.8, -1.8, 83.0, 0.0, 0.0, 95.0, 2020-02-28 06:00:00, None
89.0, 95.0, 6.0, 0.0, -2.5, 5.3, -1.8, -1.7, 95.0, 0.0, 0.0, 95.0, 2020-02-28 07:00:00, None
107.0, 95.0, 5.3, 0.0, -2.4, 6.7, -1.7, -1.7, 89.0, 0.0, 0.0, 95.0, 2020-02-28 08:00:00, None
119.0, 95.0, 6.7, 0.0, -2.4, 6.8, -1.7, -1.6, 107.0, 0.0, 0.0, 95.0, 2020-02-28 09:00:00, None
105.0, 95.0, 6.8, 0.0, -2.3, 6.4, -1.6, -1.7, 119.0, 0.0, 0.0, 96.0, 2020-02-28 10:00:00, None
122.0, 96.0, 6.4, 0.0, -2.3, 4.6, -1.7, -1.6, 105.0, 0.0, 0.0, 95.0, 2020-02-28 11:00:00, None
109.0, 95.0, 4.6, 0.0, -2.3, 6.9, -1.6, -1.4, 122.0, 0.0, 0.0, 96.0, 2020-02-28 12:00:00, None
84.0, 96.0, 6.9, 0.0, -2.0, 8.9, -1.4, -1.4, 109.0, 0.0, 0.0, 95.0, 2020-02-28 13:00:00, None
73.0, 95.0, 8.9, 0.0, -2.1, 8.1, -1.4, -1.3, 84.0, 0.0, 0.0, 95.0, 2020-02-28 14:00:00, None
68.0, 95.0, 8.1, 0.0, -2.0, 8.4, -1.3, -1.3, 73.0, 0.0, 0.0, 95.0, 2020-02-28 15:00:00, None
127.0, 95.0, 8.4, 0.0, -2.0, 5.9, -1.3, -1.2, 68.0, 0.0, 0.0, 95.0, 2020-02-28 16:00:00, None
79.0, 95.0, 5.9, 0.0, -1.9, 9.1, -1.2, -1.2, 127.0, 0.0, 0.0, 95.0, 2020-02-28 17:00:00, None
108.0, 95.0, 9.1, 0.0, -1.9, 5.1, -1.2, -1.2, 79.0, 0.0, 0.0, 95.0, 2020-02-28 18:00:00, None
121.0, 95.0, 5.1, 0.0, -1.9, 3.1, -1.2, -1.2, 108.0, 0.0, 0.0, 95.0, 2020-02-28 19:00:00, None
218.0, 95.0, 3.1, 0.0, -1.9, 4.1, -1.2, -1.1, 121.0, 0.0, 0.0, 95.0, 2020-02-28 20:00:00, None
261.0, 95.0, 4.1, 0.0, -1.8, 3.4, -1.1, -1.1, 218.0, 0.0, 0.0, 95.0, 2020-02-28 21:00:00, None
65.0, 95.0, 3.4, 0.0, -1.8, 4.7, -1.1, -1.0, 261.0, 0.0, 0.0, 95.0, 2020-02-28 22:00:00, None
350.0, 95.0, 4.7, 0.0, -1.7, 2.7, -1.0, -1.0, 65.0, 0.0, 0.0, 95.0, 2020-02-28 23:00:00, None
81.0, 95.0, 2.7, 0.0, -1.7, 6.3, -1.0, -1.0, 350.0, 0.0, 0.0, 96.0, 2020-02-29 00:00:00, None
39.0, 96.0, 6.3, 0.0, -1.6, 7.1, -1.0, -0.9, 81.0, 0.0, 0.0, 96.0, 2020-02-29 01:00:00, None
53.0, 96.0, 7.1, 0.0, -1.5, 8.0, -0.9, -0.9, 39.0, 0.0, 0.0, 96.0, 2020-02-29 02:00:00, None
16.0, 96.0, 8.0, 0.0, -1.5, 4.2, -0.9, -0.9, 53.0, 0.0, 0.0, 96.0, 2020-02-29 03:00:00, None
21.0, 96.0, 4.2, 0.0, -1.5, 6.1, -0.9, -0.9, 16.0, 0.0, 0.0, 96.0, 2020-02-29 04:00:00, None
14.0, 96.0, 6.1, 0.0, -1.5, 6.0, -0.9, -0.9, 21.0, 0.0, 0.0, 96.0, 2020-02-29 05:00:00, None
33.0, 96.0, 6.0, 0.0, -1.5, 8.1, -0.9, -1.0, 14.0, 0.0, 0.0, 96.0, 2020-02-29 06:00:00, None
336.0, 96.0, 8.1, 0.0, -1.6, 5.2, -1.0, -1.0, 33.0, 0.0, 0.0, 96.0, 2020-02-29 07:00:00, None
184.0, 96.0, 5.2, 0.0, -1.6, 2.5, -1.0, -1.0, 336.0, 0.0, 0.0, 96.0, 2020-02-29 08:00:00, None
285.0, 96.0, 2.5, 0.0, -1.6, 5.2, -1.0, -1.0, 184.0, 0.0, 0.0, 96.0, 2020-02-29 09:00:00, None
333.0, 96.0, 5.2, 0.0, -1.6, 3.5, -1.0, -0.9, 285.0, 0.0, 0.0, 96.0, 2020-02-29 10:00:00, None
287.0, 96.0, 3.5, 0.0, -1.5, 6.3, -0.9, -0.9, 333.0, 0.0, 0.0, 96.0, 2020-02-29 11:00:00, None
290.0, 96.0, 6.3, 0.0, -1.5, 6.5, -0.9, -0.9, 287.0, 0.0, 0.0, 96.0, 2020-02-29 12:00:00, None
259.0, 96.0, 6.5, 0.0, -1.5, 6.3, -0.9, -0.9, 290.0, 0.0, 0.0, 96.0, 2020-02-29 13:00:00, None
279.0, 96.0, 6.3, 0.0, -1.5, 7.3, -0.9, -0.9, 259.0, 0.0, 0.0, 96.0, 2020-02-29 14:00:00, None
269.0, 96.0, 7.3, 0.0, -1.5, 7.6, -0.9, -0.9, 279.0, 0.0, 0.0, 96.0, 2020-02-29 15:00:00, None
283.0, 96.0, 7.6, 0.0, -1.5, 7.5, -0.9, -0.9, 269.0, 0.0, 0.0, 96.0, 2020-02-29 16:00:00, None
312.0, 96.0, 7.5, 0.0, -1.5, 6.9, -0.9, -1.1, 283.0, 0.0, 0.0, 96.0, 2020-02-29 17:00:00, None
310.0, 96.0, 6.9, 0.0, -1.7, 5.3, -1.1, -1.2, 312.0, 0.0, 0.0, 96.0, 2020-02-29 18:00:00, None
82.0, 96.0, 5.3, 0.0, -1.8, 6.2, -1.2, -1.3, 310.0, 0.0, 0.0, 96.0, 2020-02-29 19:00:00, None
349.0, 96.0, 6.2, 0.0, -1.9, 4.1, -1.3, -1.4, 82.0, 0.0, 0.0, 96.0, 2020-02-29 20:00:00, None
336.0, 96.0, 4.1, 0.0, -2.0, 9.6, -1.4, -1.6, 349.0, 0.0, 0.0, 96.0, 2020-02-29 21:00:00, None
321.0, 96.0, 9.6, 0.0, -2.2, 8.2, -1.6, -1.8, 336.0, 0.0, 0.0, 95.0, 2020-02-29 22:00:00, None
330.0, 95.0, 8.2, 0.0, -2.5, 7.1, -1.8, -2.0, 321.0, 0.0, 0.0, 95.0, 2020-02-29 23:00:00, None
313.0, 95.0, 7.1, 0.0, -2.7, 8.1, -2.0, -2.0, 330.0, 0.0, 0.0, 95.0, 2020-03-01 00:00:00, None
297.0, 95.0, 8.1, 0.0, -2.7, 5.6, -2.0, -2.2, 313.0, 0.0, 0.0, 95.0, 2020-03-01 01:00:00, None
305.0, 95.0, 5.6, 0.0, -2.9, 8.5, -2.2, -2.3, 297.0, 0.0, 0.0, 95.0, 2020-03-01 02:00:00, None
304.0, 95.0, 8.5, 0.0, -3.0, 8.8, -2.3, -2.5, 305.0, 0.0, 0.0, 94.0, 2020-03-01 03:00:00, None
6.0, 94.0, 8.8, 0.0, -3.3, 6.0, -2.5, -2.4, 304.0, 0.0, 0.0, 95.0, 2020-03-01 04:00:00, None
331.0, 95.0, 6.0, 0.0, -3.1, 7.5, -2.4, -2.5, 6.0, 0.0, 0.0, 94.0, 2020-03-01 05:00:00, None
3.0, 94.0, 7.5, 0.0, -3.3, 6.6, -2.5, -2.6, 331.0, 0.0, 0.0, 94.0, 2020-03-01 06:00:00, None
None, 94.0, 6.6, None, -3.4, None, -2.6, None, 3.0, 0.0, 0.0, None, 2020-03-01 07:00:00, None
5.0, None, None, 0.0, None, 9.1, None, -2.3, None, None, None, 95.0, 2020-03-01 17:00:00, None
4.0, None, None, 0.0, None, 8.9, None, -2.5, None, None, None, 94.0, 2020-03-01 18:00:00, None
358.0, None, None, 0.0, None, 4.7, None, -2.5, None, None, None, 94.0, 2020-03-01 19:00:00, None
11.0, None, None, 0.0, None, 5.4, None, -2.5, None, None, None, 94.0, 2020-03-01 20:00:00, None
323.0, None, None, 0.0, None, 4.1, None, -2.5, None, None, None, 94.0, 2020-03-01 21:00:00, None
69.0, None, None, 0.0, None, 6.4, None, -2.5, None, None, None, 95.0, 2020-03-01 22:00:00, None
105.0, None, None, 0.0, None, 3.9, None, -2.5, None, None, None, 95.0, 2020-03-01 23:00:00, None
92.0, None, None, 0.0, None, 2.1, None, -2.5, None, None, None, 95.0, 2020-03-02 00:00:00, None
70.0, None, None, 0.0, None, 4.2, None, -2.5, None, None, None, 95.0, 2020-03-02 01:00:00, None
9.0, None, None, 0.0, None, 3.5, None, -2.5, None, None, None, 95.0, 2020-03-02 02:00:00, None
0.0, None, None, 0.0, None, 5.7, None, -2.6, None, None, None, 95.0, 2020-03-02 03:00:00, None
354.0, None, None, 0.0, None, 8.5, None, -2.8, None, None, None, 94.0, 2020-03-02 04:00:00, None
45.0, 94.0, 8.5, 0.0, -3.6, 7.3, -2.8, -2.7, 354.0, 0.0, 0.0, 94.0, 2020-03-02 05:00:00, None
9.0, 94.0, 7.3, 0.0, -3.5, 7.2, -2.7, -2.7, 45.0, 0.0, 0.0, 94.0, 2020-03-02 06:00:00, None
16.0, 94.0, 7.2, 0.0, -3.5, 5.6, -2.7, -2.7, 9.0, 0.0, 0.0, 94.0, 2020-03-02 07:00:00, None
14.0, 94.0, 5.6, 0.0, -3.5, 5.6, -2.7, -2.7, 16.0, 0.0, 0.0, 94.0, 2020-03-02 08:00:00, None
248.0, 94.0, 5.6, 0.0, -3.5, 4.5, -2.7, -2.6, 14.0, 0.0, 0.0, 94.0, 2020-03-02 09:00:00, None
163.0, 94.0, 4.5, 0.0, -3.4, 6.2, -2.6, -2.4, 248.0, 0.0, 0.0, 95.0, 2020-03-02 10:00:00, None
160.0, 95.0, 6.2, 0.0, -3.1, 6.8, -2.4, -2.2, 163.0, 0.0, 0.0, 95.0, 2020-03-02 11:00:00, None
180.0, 95.0, 6.8, 0.0, -2.9, 6.8, -2.2, -2.0, 160.0, 0.0, 0.0, 95.0, 2020-03-02 12:00:00, None
190.0, 95.0, 6.8, 0.0, -2.7, 6.1, -2.0, -1.8, 180.0, 0.0, 0.0, 95.0, 2020-03-02 13:00:00, None
228.0, 95.0, 6.1, 0.0, -2.5, 5.2, -1.8, -1.7, 190.0, 0.0, 0.0, 95.0, 2020-03-02 14:00:00, None
351.0, 95.0, 5.2, 0.0, -2.4, 7.0, -1.7, -1.5, 228.0, 0.0, 0.0, 95.0, 2020-03-02 15:00:00, None
4.0, 95.0, 7.0, 0.0, -2.2, 5.9, -1.5, -1.4, 351.0, 0.0, 0.0, 95.0, 2020-03-02 16:00:00, None
2.0, 95.0, 5.9, 0.0, -2.1, 6.1, -1.4, -1.4, 4.0, 0.0, 0.0, 96.0, 2020-03-02 17:00:00, None
217.0, 96.0, 6.1, 0.0, -2.0, 2.1, -1.4, -1.3, 2.0, 0.0, 0.0, 96.0, 2020-03-02 18:00:00, None
100.0, 96.0, 2.1, 0.0, -1.9, 5.7, -1.3, -1.3, 217.0, 0.0, 0.0, 96.0, 2020-03-02 19:00:00, None
102.0, 96.0, 5.7, 0.0, -1.9, 5.1, -1.3, -1.3, 100.0, 0.0, 0.0, 96.0, 2020-03-02 20:00:00, None
35.0, 96.0, 5.1, 0.0, -1.9, 3.5, -1.3, -1.3, 102.0, 0.0, 0.0, 96.0, 2020-03-02 21:00:00, None
267.0, 96.0, 3.5, 0.0, -1.9, 3.3, -1.3, -1.4, 35.0, 0.0, 0.0, 96.0, 2020-03-02 22:00:00, None
299.0, 96.0, 3.3, 0.0, -2.0, 3.3, -1.4, -1.4, 267.0, 0.0, 0.0, 96.0, 2020-03-02 23:00:00, None
334.0, 96.0, 3.3, 0.0, -2.0, 6.6, -1.4, -1.4, 299.0, 0.0, 0.0, 96.0, 2020-03-03 00:00:00, None
330.0, 96.0, 6.6, 0.0, -2.0, 8.5, -1.4, -1.4, 334.0, 0.0, 0.0, 96.0, 2020-03-03 01:00:00, None
312.0, 96.0, 8.5, 0.0, -2.0, 9.2, -1.4, -1.3, 330.0, 0.0, 0.0, 96.0, 2020-03-03 02:00:00, None
320.0, 96.0, 9.2, 0.0, -1.9, 9.8, -1.3, -1.2, 312.0, 0.0, 0.0, 96.0, 2020-03-03 03:00:00, None
340.0, 96.0, 9.8, 0.0, -1.8, 14.9, -1.2, -1.2, 320.0, 0.0, 0.0, 96.0, 2020-03-03 04:00:00, None
355.0, 96.0, 14.9, 0.0, -1.8, 10.6, -1.2, -1.5, 340.0, 0.0, 0.0, 96.0, 2020-03-03 05:00:00, None
332.0, 96.0, 10.6, 0.0, -2.1, 11.0, -1.5, -1.7, 355.0, 0.0, 0.0, 96.0, 2020-03-03 06:00:00, None
305.0, 96.0, 11.0, 0.0, -2.3, 13.6, -1.7, -1.8, 332.0, 0.0, 0.0, 95.0, 2020-03-03 07:00:00, None
292.0, 95.0, 13.6, 0.0, -2.5, 12.7, -1.8, -1.8, 305.0, 0.0, 0.0, 95.0, 2020-03-03 08:00:00, None
312.0, 95.0, 12.7, 0.0, -2.5, 11.9, -1.8, -1.8, 292.0, 0.0, 0.0, 96.0, 2020-03-03 09:00:00, None
313.0, 96.0, 11.9, 0.0, -2.4, 11.2, -1.8, -1.7, 312.0, 0.0, 0.0, 96.0, 2020-03-03 10:00:00, None
252.0, 96.0, 11.2, 0.0, -2.3, 8.2, -1.7, -1.6, 313.0, 0.0, 0.0, 96.0, 2020-03-03 11:00:00, None
174.0, 96.0, 8.2, 0.0, -2.2, 9.3, -1.6, -1.4, 252.0, 0.0, 0.0, 96.0, 2020-03-03 12:00:00, None
180.0, 96.0, 9.3, 0.0, -2.0, 7.6, -1.4, -1.3, 174.0, 0.0, 0.0, 96.0, 2020-03-03 13:00:00, None
138.0, 96.0, 7.6, 0.0, -1.9, 12.2, -1.3, -1.3, 180.0, 0.0, 0.0, 96.0, 2020-03-03 14:00:00, None
142.0, 96.0, 12.2, 0.0, -1.9, 20.2, -1.3, -1.2, 138.0, 0.0, 0.0, 96.0, 2020-03-03 15:00:00, None
165.0, 96.0, 20.2, 0.0, -1.8, 13.8, -1.2, -1.1, 142.0, 0.0, 0.0, 96.0, 2020-03-03 16:00:00, None
135.0, 96.0, 13.8, 0.0, -1.7, 14.0, -1.1, -1.1, 165.0, 0.0, 0.0, 96.0, 2020-03-03 17:00:00, None
118.0, 96.0, 14.0, 0.0, -1.7, 6.9, -1.1, -1.1, 135.0, 0.0, 0.0, 96.0, 2020-03-03 18:00:00, None
116.0, 96.0, 6.9, 0.0, -1.7, 5.3, -1.1, -1.2, 118.0, 0.0, 0.0, 96.0, 2020-03-03 19:00:00, None
17.0, 96.0, 5.3, 0.0, -1.8, 4.4, -1.2, -1.3, 116.0, 0.0, 0.0, 96.0, 2020-03-03 20:00:00, None
88.0, 96.0, 4.4, 0.0, -1.9, 3.3, -1.3, -1.3, 17.0, 0.0, 0.0, 96.0, 2020-03-03 21:00:00, None
305.0, 96.0, 3.3, 0.0, -1.9, 11.4, -1.3, -1.3, 88.0, 0.0, 0.0, 96.0, 2020-03-03 22:00:00, None
340.0, 96.0, 11.4, 0.0, -1.9, 8.3, -1.3, -1.3, 305.0, 0.0, 0.0, 96.0, 2020-03-03 23:00:00, None
331.0, 96.0, 8.3, 0.0, -1.9, 8.8, -1.3, -1.4, 340.0, 0.0, 0.0, 96.0, 2020-03-04 00:00:00, None
2.0, 96.0, 8.8, 0.0, -2.0, 5.8, -1.4, -1.5, 331.0, 0.0, 0.0, 96.0, 2020-03-04 01:00:00, None
344.0, 96.0, 5.8, 0.0, -2.1, 6.0, -1.5, -1.6, 2.0, 0.0, 0.0, 96.0, 2020-03-04 02:00:00, None
39.0, 96.0, 6.0, 0.0, -2.2, 5.5, -1.6, -1.7, 344.0, 0.0, 0.0, 96.0, 2020-03-04 03:00:00, None
6.0, 96.0, 5.5, 0.0, -2.3, 8.1, -1.7, -1.7, 39.0, 0.0, 0.0, 96.0, 2020-03-04 04:00:00, None
19.0, 96.0, 8.1, 0.0, -2.3, 7.4, -1.7, -1.8, 6.0, 0.0, 0.0, 96.0, 2020-03-04 05:00:00, None
340.0, 96.0, 7.4, 0.0, -2.4, 9.4, -1.8, -2.0, 19.0, 0.0, 0.0, 95.0, 2020-03-04 06:00:00, None
332.0, 95.0, 9.4, 0.0, -2.7, 9.2, -2.0, -2.2, 340.0, 0.0, 0.0, 94.0, 2020-03-04 07:00:00, None
307.0, 94.0, 9.2, 0.0, -3.0, 10.6, -2.2, -2.3, 332.0, 0.0, 0.0, 94.0, 2020-03-04 08:00:00, None
247.0, 94.0, 10.6, 0.0, -3.1, 18.0, -2.3, -2.6, 307.0, 0.0, 0.0, 94.0, 2020-03-04 09:00:00, None
235.0, 94.0, 18.0, 0.0, -3.4, 14.3, -2.6, -2.6, 247.0, 0.0, 0.0, 94.0, 2020-03-04 10:00:00, None
203.0, 94.0, 14.3, 0.0, -3.4, 11.3, -2.6, -2.5, 235.0, 0.0, 0.0, 95.0, 2020-03-04 11:00:00, None
277.0, 95.0, 11.3, 0.0, -3.2, 8.5, -2.5, -2.3, 203.0, 0.0, 0.0, 95.0, 2020-03-04 12:00:00, None
237.0, 95.0, 8.5, 0.0, -3.0, 12.2, -2.3, -2.4, 277.0, 0.0, 0.0, 94.0, 2020-03-04 13:00:00, None
273.0, 94.0, 12.2, 0.0, -3.2, 8.6, -2.4, -2.4, 237.0, 0.0, 0.0, 94.0, 2020-03-04 14:00:00, None
288.0, 94.0, 8.6, 0.0, -3.2, 9.7, -2.4, -2.5, 273.0, 0.0, 0.0, 94.0, 2020-03-04 15:00:00, None
303.0, 94.0, 9.7, 0.0, -3.3, 3.6, -2.5, -2.5, 288.0, 0.0, 0.0, 94.0, 2020-03-04 16:00:00, None
80.0, 94.0, 3.6, 0.0, -3.3, 5.6, -2.5, -2.4, 303.0, 0.0, 0.0, 94.0, 2020-03-04 17:00:00, None
42.0, 94.0, 5.6, 0.0, -3.2, 8.1, -2.4, -2.5, 80.0, 0.0, 0.0, 94.0, 2020-03-04 18:00:00, None
28.0, 94.0, 8.1, 0.0, -3.3, 9.0, -2.5, -2.7, 42.0, 0.0, 0.0, 94.0, 2020-03-04 19:00:00, None
55.0, 94.0, 9.0, 0.0, -3.5, 6.2, -2.7, -2.9, 28.0, 0.0, 0.0, 94.0, 2020-03-04 20:00:00, None
56.0, 94.0, 6.2, 0.0, -3.7, 9.7, -2.9, -3.1, 55.0, 0.0, 0.0, 93.0, 2020-03-04 21:00:00, None
77.0, 93.0, 9.7, 0.0, -4.1, 7.9, -3.1, -3.2, 56.0, 0.0, 0.0, 94.0, 2020-03-04 22:00:00, None
80.0, 94.0, 7.9, 0.0, -4.0, 8.3, -3.2, -3.4, 77.0, 0.0, 0.0, 94.0, 2020-03-04 23:00:00, None
90.0, 94.0, 8.3, 0.0, -4.2, 7.1, -3.4, -3.4, 80.0, 0.0, 0.0, 94.0, 2020-03-05 00:00:00, None
105.0, 94.0, 7.1, 0.0, -4.2, 7.3, -3.4, -3.3, 90.0, 0.0, 0.0, 94.0, 2020-03-05 01:00:00, None
159.0, 94.0, 7.3, 0.0, -4.1, 7.0, -3.3, -3.3, 105.0, 0.0, 0.0, 94.0, 2020-03-05 02:00:00, None
144.0, 94.0, 7.0, 0.0, -4.1, 11.8, -3.3, -3.0, 159.0, 0.0, 0.0, 95.0, 2020-03-05 03:00:00, None
159.0, 95.0, 11.8, 0.0, -3.7, 12.0, -3.0, -2.7, 144.0, 0.0, 0.0, 95.0, 2020-03-05 04:00:00, None
146.0, 95.0, 12.0, 0.0, -3.4, 11.8, -2.7, -2.4, 159.0, 0.0, 0.0, 95.0, 2020-03-05 05:00:00, None
149.0, 95.0, 11.8, 0.0, -3.1, 12.0, -2.4, -2.2, 146.0, 0.0, 0.0, 95.0, 2020-03-05 06:00:00, None
138.0, 95.0, 12.0, 0.0, -2.9, 11.7, -2.2, -2.1, 149.0, 0.0, 0.0, 95.0, 2020-03-05 07:00:00, None
148.0, 95.0, 11.7, 0.0, -2.8, 13.0, -2.1, -1.9, 138.0, 0.0, 0.0, 96.0, 2020-03-05 08:00:00, None
150.0, None, None, 0.0, None, 11.3, None, -1.8, None, None, None, 96.0, 2020-03-05 09:00:00, None
154.0, 96.0, 11.3, 0.0, -2.4, 8.8, -1.8, -1.7, 150.0, 0.0, 0.0, 96.0, 2020-03-05 10:00:00, None
153.0, 96.0, 8.8, 0.0, -2.3, 13.8, -1.7, -1.6, 154.0, 0.0, 0.0, 96.0, 2020-03-05 11:00:00, None
155.0, 96.0, 13.8, 0.0, -2.2, 13.7, -1.6, -1.6, 153.0, 0.0, 0.0, 96.0, 2020-03-05 12:00:00, None
101.0, 96.0, 13.7, 0.0, -2.2, 9.1, -1.6, -1.6, 155.0, 0.0, 0.0, 96.0, 2020-03-05 13:00:00, None
69.0, 96.0, 9.1, 0.0, -2.2, 9.1, -1.6, -1.7, 101.0, 0.0, 0.0, 96.0, 2020-03-05 14:00:00, None
93.0, 96.0, 9.1, 0.0, -2.3, 4.8, -1.7, -1.8, 69.0, 0.0, 0.0, 95.0, 2020-03-05 15:00:00, None
77.0, 95.0, 4.8, 0.0, -2.5, 9.1, -1.8, -1.8, 93.0, 0.0, 0.0, 95.0, 2020-03-05 16:00:00, None
104.0, 95.0, 9.1, 0.0, -2.5, 7.6, -1.8, -1.8, 77.0, 0.0, 0.0, 95.0, 2020-03-05 17:00:00, None
74.0, 95.0, 7.6, 0.0, -2.5, 8.4, -1.8, -1.8, 104.0, 0.0, 0.0, 95.0, 2020-03-05 18:00:00, None
91.0, 95.0, 8.4, 0.0, -2.5, 7.7, -1.8, -1.8, 74.0, 0.0, 0.0, 95.0, 2020-03-05 19:00:00, None
90.0, 95.0, 7.7, 0.0, -2.5, 8.3, -1.8, -1.7, 91.0, 0.0, 0.0, 95.0, 2020-03-05 20:00:00, None
75.0, 95.0, 8.3, 0.0, -2.4, 10.6, -1.7, -1.8, 90.0, 0.0, 0.0, 95.0, 2020-03-05 21:00:00, None
94.0, 95.0, 10.6, 0.0, -2.5, 9.5, -1.8, -1.7, 75.0, 0.0, 0.0, 95.0, 2020-03-05 22:00:00, None
96.0, 95.0, 9.5, 0.0, -2.4, 7.2, -1.7, -1.6, 94.0, 0.0, 0.0, 95.0, 2020-03-05 23:00:00, None
94.0, 95.0, 7.2, 0.0, -2.3, 4.7, -1.6, -1.6, 96.0, 0.0, 0.0, 95.0, 2020-03-06 00:00:00, None
64.0, 95.0, 4.7, 0.0, -2.3, 3.9, -1.6, -1.7, 94.0, 0.0, 0.0, 95.0, 2020-03-06 01:00:00, None
66.0, 95.0, 3.9, 0.0, -2.4, 3.6, -1.7, -1.7, 64.0, 0.0, 0.0, 95.0, 2020-03-06 02:00:00, None
175.0, 95.0, 3.6, 0.0, -2.4, 3.6, -1.7, -1.7, 66.0, 0.0, 0.0, 95.0, 2020-03-06 03:00:00, None
67.0, 95.0, 3.6, 0.0, -2.4, 5.6, -1.7, -1.7, 175.0, 0.0, 0.0, 95.0, 2020-03-06 04:00:00, None
75.0, 95.0, 5.6, 0.0, -2.4, 5.2, -1.7, -1.7, 67.0, 0.0, 0.0, 95.0, 2020-03-06 05:00:00, None
112.0, 95.0, 5.2, 0.0, -2.4, 7.5, -1.7, -1.7, 75.0, 0.0, 0.0, 95.0, 2020-03-06 06:00:00, None
73.0, 95.0, 7.5, 0.0, -2.4, 6.1, -1.7, -1.7, 112.0, 0.0, 0.0, 95.0, 2020-03-06 07:00:00, None
102.0, 95.0, 6.1, 0.0, -2.4, 3.8, -1.7, -1.7, 73.0, 0.0, 0.0, 95.0, 2020-03-06 08:00:00, None
118.0, 95.0, 3.8, 0.0, -2.4, 7.3, -1.7, -1.5, 102.0, 0.0, 0.0, 95.0, 2020-03-06 09:00:00, None
109.0, 95.0, 7.3, 0.0, -2.2, 7.6, -1.5, -1.3, 118.0, 0.0, 0.0, 95.0, 2020-03-06 10:00:00, None
152.0, 95.0, 7.6, 0.0, -2.0, 3.2, -1.3, -1.2, 109.0, 0.0, 0.0, 95.0, 2020-03-06 11:00:00, None
166.0, 95.0, 3.2, 0.0, -1.9, 5.3, -1.2, -1.1, 152.0, 0.0, 0.0, 95.0, 2020-03-06 12:00:00, None
168.0, 95.0, 5.3, 0.0, -1.8, 6.4, -1.1, -1.0, 166.0, 0.0, 0.0, 95.0, 2020-03-06 13:00:00, None
195.0, 95.0, 6.4, 0.0, -1.7, 5.1, -1.0, -0.9, 168.0, 0.0, 0.0, 95.0, 2020-03-06 14:00:00, None
311.0, 95.0, 5.1, 0.0, -1.6, 4.5, -0.9, -0.9, 195.0, 0.0, 0.0, 95.0, 2020-03-06 15:00:00, None
274.0, 95.0, 4.5, 0.0, -1.6, 6.3, -0.9, -0.8, 311.0, 0.0, 0.0, 95.0, 2020-03-06 16:00:00, None
280.0, 95.0, 6.3, 0.0, -1.5, 8.9, -0.8, -0.9, 274.0, 0.0, 0.0, 96.0, 2020-03-06 17:00:00, None
299.0, 96.0, 8.9, 0.0, -1.5, 8.9, -0.9, -1.0, 280.0, 0.0, 0.0, 96.0, 2020-03-06 18:00:00, None
307.0, 96.0, 8.9, 0.0, -1.6, 7.4, -1.0, -1.1, 299.0, 0.0, 0.0, 96.0, 2020-03-06 19:00:00, None
315.0, 96.0, 7.4, 0.0, -1.7, 8.8, -1.1, -1.4, 307.0, 0.0, 0.0, 96.0, 2020-03-06 20:00:00, None
321.0, 96.0, 8.8, 0.0, -2.0, 8.2, -1.4, -1.6, 315.0, 0.0, 0.0, 95.0, 2020-03-06 21:00:00, None
326.0, 95.0, 8.2, 0.2, -2.3, 9.2, -1.6, -1.8, 321.0, 0.0, 0.0, 95.0, 2020-03-06 22:00:00, None
332.0, 95.0, 9.2, 0.0, -2.5, 7.3, -1.8, -2.1, 326.0, 0.2, 0.2, 95.0, 2020-03-06 23:00:00, None
314.0, 95.0, 7.3, 0.0, -2.8, 7.0, -2.1, -2.3, 332.0, 0.0, 0.2, 95.0, 2020-03-07 00:00:00, None
302.0, 95.0, 7.0, 0.0, -3.0, 7.3, -2.3, -2.5, 314.0, 0.0, 0.2, 94.0, 2020-03-07 01:00:00, None
312.0, 94.0, 7.3, 0.0, -3.3, 8.1, -2.5, -2.6, 302.0, 0.0, 0.2, 94.0, 2020-03-07 02:00:00, None
305.0, 94.0, 8.1, 0.0, -3.4, 9.4, -2.6, -2.8, 312.0, 0.0, 0.2, 94.0, 2020-03-07 03:00:00, None
295.0, 94.0, 9.4, 0.0, -3.6, 8.9, -2.8, -2.9, 305.0, 0.0, 0.2, 93.0, 2020-03-07 04:00:00, None
277.0, 93.0, 8.9, 0.0, -3.9, 11.4, -2.9, -3.2, 295.0, 0.0, 0.2, 92.0, 2020-03-07 05:00:00, None
286.0, 92.0, 11.4, 0.0, -4.3, 9.4, -3.2, -3.3, 277.0, 0.0, 0.2, 93.0, 2020-03-07 06:00:00, None
286.0, 93.0, 9.4, 0.0, -4.3, 9.6, -3.3, -3.6, 286.0, 0.0, 0.2, 92.0, 2020-03-07 07:00:00, None
283.0, 92.0, 9.6, 0.0, -4.7, 10.2, -3.6, -3.8, 286.0, 0.0, 0.2, 92.0, 2020-03-07 08:00:00, None
271.0, 92.0, 10.2, 0.0, -4.9, 10.0, -3.8, -3.9, 283.0, 0.0, 0.2, 92.0, 2020-03-07 09:00:00, None
283.0, 92.0, 10.0, 0.0, -5.0, 11.3, -3.9, -4.0, 271.0, 0.0, 0.2, 92.0, 2020-03-07 10:00:00, None
283.0, 92.0, 11.3, 0.0, -5.1, 13.3, -4.0, -4.1, 283.0, 0.0, 0.2, 91.0, 2020-03-07 11:00:00, None
278.0, 91.0, 13.3, 0.0, -5.3, 11.9, -4.1, -4.1, 283.0, 0.0, 0.2, 92.0, 2020-03-07 12:00:00, None
294.0, 92.0, 11.9, 0.0, -5.2, 12.6, -4.1, -4.2, 278.0, 0.0, 0.2, 91.0, 2020-03-07 13:00:00, None
301.0, 91.0, 12.6, 0.0, -5.4, 11.4, -4.2, -4.3, 294.0, 0.0, 0.2, 92.0, 2020-03-07 14:00:00, None
298.0, 92.0, 11.4, 0.0, -5.4, 12.1, -4.3, -4.3, 301.0, 0.0, 0.2, 91.0, 2020-03-07 15:00:00, None
301.0, 91.0, 12.1, 0.0, -5.5, 9.7, -4.3, -4.3, 298.0, 0.0, 0.2, 92.0, 2020-03-07 16:00:00, None
316.0, 92.0, 9.7, 0.0, -5.4, 7.9, -4.3, -4.4, 301.0, 0.0, 0.2, 91.0, 2020-03-07 17:00:00, None
327.0, 91.0, 7.9, 0.0, -5.6, 13.2, -4.4, -4.6, 316.0, 0.0, 0.2, 91.0, 2020-03-07 18:00:00, None
319.0, 91.0, 13.2, 0.0, -5.8, 14.8, -4.6, -4.8, 327.0, 0.0, 0.2, 90.0, 2020-03-07 19:00:00, None
311.0, 90.0, 14.8, 0.0, -6.2, 5.2, -4.8, -4.8, 319.0, 0.0, 0.2, 91.0, 2020-03-07 20:00:00, None
320.0, 91.0, 5.2, 0.0, -6.0, 10.1, -4.8, -5.1, 311.0, 0.0, 0.2, 90.0, 2020-03-07 21:00:00, None
333.0, 90.0, 10.1, 0.0, -6.5, 10.7, -5.1, -5.3, 320.0, 0.0, 0.2, 90.0, 2020-03-07 22:00:00, None
341.0, 90.0, 10.7, 0.0, -6.7, 8.7, -5.3, -5.3, 333.0, 0.0, 0.0, 90.0, 2020-03-07 23:00:00, None
18.0, 90.0, 8.7, 0.0, -6.7, 6.8, -5.3, -5.4, 341.0, 0.0, 0.0, 91.0, 2020-03-08 00:00:00, None
2.0, 91.0, 6.8, 0.0, -6.6, 5.8, -5.4, -5.5, 18.0, 0.0, 0.0, 91.0, 2020-03-08 01:00:00, None
15.0, 91.0, 5.8, 0.0, -6.7, 5.7, -5.5, -5.7, 2.0, 0.0, 0.0, 91.0, 2020-03-08 03:00:00, 0.0
22.0, 91.0, 5.7, 0.0, -6.9, 5.1, -5.7, -6.2, 15.0, 0.0, 0.0, 91.0, 2020-03-08 04:00:00, 0.0
None, 91.0, 6.2, None, -7.2, None, -6.0, None, 15.0, 0.0, 0.0, None, 2020-03-08 05:00:00, 0.0
24.0, 91.0, 5.1, 0.0, -7.4, 5.6, -6.2, -6.4, 22.0, 0.0, 0.0, 91.0, 2020-03-08 06:00:00, 0.0
351.0, None, None, 0.0, None, 6.1, None, -6.6, None, None, None, 90.0, 2020-03-08 07:00:00, None
8.0, 91.0, 5.6, 0.0, -7.6, 2.7, -6.4, -6.8, 24.0, 0.0, None, 90.0, 2020-03-08 08:00:00, None
200.0, 90.0, 6.1, 0.0, -8.0, 6.7, -6.6, -6.8, 351.0, 0.0, None, 90.0, 2020-03-08 09:00:00, None
219.0, 90.0, 2.7, 0.0, -8.2, 9.3, -6.8, -6.6, 8.0, 0.0, None, 91.0, 2020-03-08 10:00:00, None
234.0, 90.0, 6.7, 0.0, -8.2, 14.5, -6.8, -6.3, 200.0, 0.0, None, 91.0, 2020-03-08 11:00:00, None
219.0, 91.0, 9.3, 0.0, -7.8, 13.2, -6.6, -6.0, 219.0, 0.0, None, 92.0, 2020-03-08 12:00:00, None
206.0, 91.0, 14.5, 0.0, -7.5, 13.2, -6.3, -5.5, 234.0, 0.0, None, 93.0, 2020-03-08 13:00:00, None
200.0, 92.0, 13.2, 0.0, -7.1, 7.1, -6.0, -5.1, 219.0, 0.0, None, 92.0, 2020-03-08 14:00:00, None
229.0, 93.0, 13.2, 0.0, -6.5, 10.5, -5.5, -4.8, 206.0, 0.0, None, 92.0, 2020-03-08 15:00:00, None
265.0, 92.0, 7.1, 0.0, -6.2, 7.7, -5.1, -4.7, 200.0, 0.0, None, 92.0, 2020-03-08 16:00:00, None
316.0, 92.0, 10.5, 0.0, -5.9, 7.7, -4.8, -4.6, 229.0, 0.0, None, 92.0, 2020-03-08 17:00:00, None
6.0, 92.0, 7.7, 0.0, -5.8, 7.2, -4.7, -4.7, 265.0, 0.0, None, 92.0, 2020-03-08 18:00:00, None
354.0, 92.0, 7.7, 0.0, -5.7, 8.7, -4.6, -4.8, 316.0, 0.0, None, 90.0, 2020-03-08 19:00:00, None
22.0, 92.0, 7.2, 0.0, -5.8, 8.8, -4.7, -4.9, 6.0, 0.0, None, 91.0, 2020-03-08 20:00:00, None
16.0, 90.0, 8.7, 0.0, -6.2, 7.6, -4.8, -5.1, 354.0, 0.0, None, 91.0, 2020-03-08 21:00:00, None
14.0, 91.0, 8.8, 0.0, -6.1, 7.6, -4.9, -5.4, 22.0, 0.0, None, 90.0, 2020-03-08 22:00:00, None
18.0, 91.0, 7.6, 0.0, -6.3, 7.1, -5.1, -5.6, 16.0, 0.0, None, 91.0, 2020-03-08 23:00:00, None
16.0, 90.0, 7.6, 0.0, -6.8, 7.9, -5.4, -5.8, 14.0, 0.0, None, 91.0, 2020-03-09 00:00:00, None
19.0, 91.0, 7.1, 0.0, -6.8, 6.9, -5.6, -6.0, 18.0, 0.0, None, 91.0, 2020-03-09 01:00:00, None
28.0, 91.0, 7.9, 0.0, -7.0, 6.8, -5.8, -6.2, 16.0, 0.0, None, 90.0, 2020-03-09 02:00:00, None
20.0, 91.0, 6.9, 0.0, -7.2, 6.9, -6.0, -6.4, 19.0, 0.0, None, 90.0, 2020-03-09 03:00:00, None
3.0, 90.0, 6.8, 0.0, -7.6, 6.2, -6.2, -6.6, 28.0, 0.0, None, 90.0, 2020-03-09 04:00:00, None
16.0, 90.0, 6.9, 0.0, -7.8, 5.5, -6.4, -6.8, 20.0, 0.0, None, 90.0, 2020-03-09 05:00:00, None
21.0, 90.0, 6.2, 0.0, -8.0, 4.9, -6.6, -7.0, 3.0, 0.0, None, 90.0, 2020-03-09 06:00:00, None
21.0, 90.0, 5.5, 0.0, -8.2, 4.6, -6.8, -7.1, 16.0, 0.0, 0.0, 90.0, 2020-03-09 07:00:00, None
164.0, 90.0, 4.9, 0.0, -8.4, 4.1, -7.0, -7.2, 21.0, 0.0, 0.0, 90.0, 2020-03-09 08:00:00, None
139.0, 90.0, 4.6, 0.0, -8.5, 2.6, -7.1, -7.1, 21.0, 0.0, 0.0, 90.0, 2020-03-09 09:00:00, None
156.0, 90.0, 4.1, 0.0, -8.6, 6.0, -7.2, -6.9, 164.0, 0.0, 0.0, 90.0, 2020-03-09 10:00:00, None
162.0, 90.0, 2.6, 0.0, -8.5, 7.0, -7.1, -6.6, 139.0, 0.0, 0.0, 90.0, 2020-03-09 11:00:00, None
181.0, 90.0, 6.0, 0.0, -8.3, 6.6, -6.9, -6.1, 156.0, 0.0, 0.0, 91.0, 2020-03-09 12:00:00, None
181.0, 90.0, 7.0, 0.0, -8.0, 8.4, -6.6, -5.6, 162.0, 0.0, 0.0, 92.0, 2020-03-09 13:00:00, None
185.0, 91.0, 6.6, 0.0, -7.3, 7.0, -6.1, -5.3, 181.0, 0.0, 0.0, 92.0, 2020-03-09 14:00:00, None
182.0, 92.0, 8.4, 0.0, -6.7, 7.5, -5.6, -4.8, 181.0, 0.0, 0.0, 92.0, 2020-03-09 15:00:00, None
333.0, 92.0, 7.0, 0.0, -6.4, 2.6, -5.3, -4.6, 185.0, 0.0, 0.0, 92.0, 2020-03-09 16:00:00, None
15.0, 92.0, 7.5, 0.0, -5.9, 3.8, -4.8, -4.5, 182.0, 0.0, 0.0, 92.0, 2020-03-09 17:00:00, None
17.0, 92.0, 2.6, 0.0, -5.7, 3.5, -4.6, -4.6, 333.0, 0.0, 0.0, 92.0, 2020-03-09 18:00:00, None
16.0, 92.0, 3.8, 0.0, -5.6, 4.5, -4.5, -4.7, 15.0, 0.0, 0.0, 91.0, 2020-03-09 19:00:00, None
26.0, 92.0, 3.5, 0.0, -5.7, 6.9, -4.6, -4.9, 17.0, 0.0, 0.0, 91.0, 2020-03-09 20:00:00, None
29.0, 91.0, 4.5, 0.0, -5.9, 6.7, -4.7, -5.1, 16.0, 0.0, 0.0, 90.0, 2020-03-09 21:00:00, None
36.0, 91.0, 6.9, 0.0, -6.1, 7.5, -4.9, -5.3, 26.0, 0.0, 0.0, 90.0, 2020-03-09 22:00:00, None
47.0, 90.0, 6.7, 0.0, -6.5, 6.3, -5.1, -5.5, 29.0, 0.0, 0.0, 90.0, 2020-03-09 23:00:00, None
61.0, 90.0, 7.5, 0.0, -6.7, 8.7, -5.3, -5.6, 36.0, 0.0, 0.0, 90.0, 2020-03-10 00:00:00, None
67.0, 90.0, 6.3, 0.0, -6.9, 10.6, -5.5, -5.7, 47.0, 0.0, 0.0, 90.0, 2020-03-10 01:00:00, None
85.0, 90.0, 8.7, 0.0, -7.0, 9.5, -5.6, -5.7, 61.0, 0.0, 0.0, 90.0, 2020-03-10 02:00:00, None
109.0, 90.0, 10.6, 0.0, -7.1, 6.6, -5.7, -5.6, 67.0, 0.0, 0.0, 90.0, 2020-03-10 03:00:00, None
77.0, 90.0, 9.5, 0.0, -7.1, 8.7, -5.7, -5.5, 85.0, 0.0, 0.0, 90.0, 2020-03-10 04:00:00, None
66.0, 90.0, 6.6, 0.0, -7.0, 10.2, -5.6, -5.5, 109.0, 0.0, 0.0, 90.0, 2020-03-10 05:00:00, None
86.0, 90.0, 8.7, 0.0, -6.9, 5.8, -5.5, -5.5, 77.0, 0.0, 0.0, 90.0, 2020-03-10 06:00:00, None
98.0, 90.0, 10.2, 0.0, -6.9, 7.7, -5.5, -5.5, 66.0, 0.0, 0.0, 90.0, 2020-03-10 07:00:00, None
75.0, 90.0, 5.8, 0.0, -6.9, 10.7, -5.5, -5.4, 86.0, 0.0, 0.0, 90.0, 2020-03-10 08:00:00, None
70.0, 90.0, 7.7, 0.0, -6.9, 8.4, -5.5, -5.4, 98.0, 0.0, 0.0, 90.0, 2020-03-10 09:00:00, None
104.0, 90.0, 10.7, 0.0, -6.8, 7.7, -5.4, -5.2, 75.0, 0.0, 0.0, 91.0, 2020-03-10 10:00:00, None
103.0, 90.0, 8.4, 0.0, -6.8, 9.6, -5.4, -4.9, 70.0, 0.0, 0.0, 92.0, 2020-03-10 11:00:00, None
114.0, 91.0, 7.7, 0.0, -6.4, 9.6, -5.2, -4.6, 104.0, 0.0, 0.0, 92.0, 2020-03-10 12:00:00, None
83.0, 92.0, 9.6, 0.0, -6.0, 9.0, -4.9, -4.4, 103.0, 0.0, 0.0, 92.0, 2020-03-10 13:00:00, None
117.0, 92.0, 9.6, 0.0, -5.7, 7.1, -4.6, -4.3, 114.0, 0.0, 0.0, 92.0, 2020-03-10 14:00:00, None
100.0, 92.0, 9.0, 0.0, -5.5, 7.8, -4.4, -4.2, 83.0, 0.0, 0.0, 92.0, 2020-03-10 15:00:00, None
96.0, 92.0, 7.1, 0.0, -5.4, 9.0, -4.3, -4.2, 117.0, 0.0, 0.0, 92.0, 2020-03-10 16:00:00, None
83.0, 92.0, 7.8, 0.0, -5.3, 8.8, -4.2, -4.2, 100.0, 0.0, 0.0, 91.0, 2020-03-10 17:00:00, None
96.0, 92.0, 9.0, 0.0, -5.3, 7.4, -4.2, -4.2, 96.0, 0.0, 0.0, 92.0, 2020-03-10 18:00:00, None
89.0, 91.0, 8.8, 0.0, -5.4, 8.1, -4.2, -4.2, 83.0, 0.0, 0.0, 92.0, 2020-03-10 19:00:00, None
67.0, 92.0, 7.4, 0.0, -5.3, 7.4, -4.2, -4.2, 96.0, 0.0, 0.0, 92.0, 2020-03-10 20:00:00, None
80.0, 92.0, 8.1, 0.0, -5.3, 6.3, -4.2, -4.1, 89.0, 0.0, 0.0, 92.0, 2020-03-10 21:00:00, None
84.0, 92.0, 7.4, 0.0, -5.3, 5.0, -4.2, -4.1, 67.0, 0.0, 0.0, 92.0, 2020-03-10 22:00:00, None
339.0, 92.0, 6.3, 0.0, -5.2, 4.0, -4.1, -4.1, 80.0, 0.0, 0.0, 92.0, 2020-03-10 23:00:00, None
89.0, 92.0, 5.0, 0.0, -5.2, 3.8, -4.1, -4.1, 84.0, 0.0, 0.0, 92.0, 2020-03-11 00:00:00, None
320.0, 92.0, 4.0, 0.0, -5.2, 2.4, -4.1, -4.1, 339.0, 0.0, 0.0, 92.0, 2020-03-11 01:00:00, None
344.0, 92.0, 3.8, 0.0, -5.2, 2.8, -4.1, -4.0, 89.0, 0.0, 0.0, 92.0, 2020-03-11 02:00:00, None
39.0, 92.0, 2.4, 0.0, -5.2, 4.3, -4.1, -4.0, 320.0, 0.0, 0.0, 92.0, 2020-03-11 03:00:00, None
330.0, 92.0, 2.8, 0.0, -5.1, 3.7, -4.0, -4.0, 344.0, 0.0, 0.0, 92.0, 2020-03-11 04:00:00, None
315.0, 92.0, 4.3, 0.0, -5.1, 7.2, -4.0, -4.0, 39.0, 0.0, 0.0, 92.0, 2020-03-11 05:00:00, None
9.0, 92.0, 3.7, 0.0, -5.1, 6.4, -4.0, -4.0, 330.0, 0.0, 0.0, 92.0, 2020-03-11 06:00:00, None
326.0, 92.0, 7.2, 0.0, -5.1, 7.9, -4.0, -4.1, 315.0, 0.0, 0.0, 92.0, 2020-03-11 07:00:00, None
23.0, 92.0, 6.4, 0.0, -5.1, 3.6, -4.0, -4.1, 9.0, 0.0, 0.0, 93.0, 2020-03-11 08:00:00, None
267.0, 92.0, 7.9, 0.0, -5.2, 6.7, -4.1, -4.1, 326.0, 0.0, 0.0, 92.0, 2020-03-11 09:00:00, None
258.0, 93.0, 3.6, 0.0, -5.1, 10.0, -4.1, -4.1, 23.0, 0.0, 0.0, 93.0, 2020-03-11 10:00:00, None
250.0, 92.0, 6.7, 0.0, -5.2, 10.0, -4.1, -3.8, 267.0, 0.0, 0.0, 93.0, 2020-03-11 11:00:00, None
248.0, 93.0, 10.0, 0.0, -5.1, 8.3, -4.1, -3.4, 258.0, 0.0, 0.0, 93.0, 2020-03-11 12:00:00, None
243.0, 93.0, 10.0, 0.0, -4.8, 13.1, -3.8, -3.1, 250.0, 0.0, 0.0, 93.0, 2020-03-11 13:00:00, None
244.0, 93.0, 8.3, 0.0, -4.4, 10.0, -3.4, -2.8, 248.0, 0.0, 0.0, 94.0, 2020-03-11 14:00:00, None
235.0, 93.0, 13.1, 0.0, -4.1, 11.9, -3.1, -2.5, 243.0, 0.0, 0.0, 94.0, 2020-03-11 15:00:00, None
267.0, 94.0, 10.0, 0.0, -3.6, 6.0, -2.8, -2.3, 244.0, 0.0, 0.0, 94.0, 2020-03-11 16:00:00, None
288.0, 94.0, 11.9, 0.0, -3.3, 5.1, -2.5, -2.2, 235.0, 0.0, 0.0, 94.0, 2020-03-11 17:00:00, None
11.0, 94.0, 6.0, 0.0, -3.1, 4.3, -2.3, -2.4, 267.0, 0.0, 0.0, 94.0, 2020-03-11 18:00:00, None
359.0, 94.0, 5.1, 0.0, -3.0, 4.8, -2.2, -2.6, 288.0, 0.0, 0.0, 94.0, 2020-03-11 19:00:00, None
354.0, 94.0, 4.3, 0.0, -3.2, 6.4, -2.4, -2.9, 11.0, 0.0, 0.0, 94.0, 2020-03-11 20:00:00, None
330.0, 94.0, 4.8, 0.0, -3.4, 11.1, -2.6, -3.4, 359.0, 0.0, 0.0, 92.0, 2020-03-11 21:00:00, None
354.0, 94.0, 6.4, 0.0, -3.7, 7.9, -2.9, -3.7, 354.0, 0.0, 0.0, 92.0, 2020-03-11 22:00:00, None
9.0, 92.0, 11.1, 0.0, -4.5, 8.6, -3.4, -3.9, 330.0, 0.0, 0.0, 92.0, 2020-03-11 23:00:00, None
12.0, 92.0, 7.9, 0.0, -4.8, 7.3, -3.7, -4.1, 354.0, 0.0, 0.0, 92.0, 2020-03-12 00:00:00, None
2.0, 92.0, 8.6, 0.0, -5.0, 6.8, -3.9, -4.3, 9.0, 0.0, 0.0, 92.0, 2020-03-12 01:00:00, None
356.0, None, None, 0.0, None, 3.7, None, -4.5, None, None, None, 92.0, 2020-03-12 02:00:00, None
354.0, 92.0, 6.8, 0.0, -5.4, 4.3, -4.3, -4.6, 2.0, 0.0, 0.0, 93.0, 2020-03-12 03:00:00, None
25.0, 92.0, 3.7, 0.0, -5.6, 4.0, -4.5, -4.7, 356.0, 0.0, 0.0, 93.0, 2020-03-12 04:00:00, None
48.0, 93.0, 4.3, 0.0, -5.6, 2.6, -4.6, -4.7, 354.0, 0.0, 0.0, 93.0, 2020-03-12 05:00:00, None
16.0, 93.0, 4.0, 0.0, -5.7, 4.9, -4.7, -4.7, 25.0, 0.0, 0.0, 92.0, 2020-03-12 06:00:00, None
65.0, 93.0, 2.6, 0.0, -5.7, 4.1, -4.7, -4.7, 48.0, 0.0, 0.0, 93.0, 2020-03-12 07:00:00, None
170.0, 92.0, 4.9, 0.0, -5.8, 3.5, -4.7, -4.7, 16.0, 0.0, 0.0, 93.0, 2020-03-12 08:00:00, None
200.0, 93.0, 4.1, 0.0, -5.7, 2.1, -4.7, -4.6, 65.0, 0.0, 0.0, 92.0, 2020-03-12 09:00:00, None
184.0, 93.0, 3.5, 0.0, -5.7, 6.4, -4.7, -4.5, 170.0, 0.0, 0.0, 93.0, 2020-03-12 10:00:00, None
274.0, 92.0, 2.1, 0.0, -5.7, 9.6, -4.6, -4.5, 200.0, 0.0, 0.0, 92.0, 2020-03-12 11:00:00, None
253.0, 93.0, 6.4, 0.0, -5.5, 13.4, -4.5, -4.3, 184.0, 0.0, 0.0, 93.0, 2020-03-12 12:00:00, None
276.0, 92.0, 9.6, 0.0, -5.6, 13.0, -4.5, -4.2, 274.0, 0.0, 0.0, 93.0, 2020-03-12 13:00:00, None
241.0, 93.0, 13.4, 0.0, -5.3, 7.6, -4.3, -4.1, 253.0, 0.0, 0.0, 93.0, 2020-03-12 14:00:00, None
209.0, 93.0, 13.0, 0.0, -5.2, 8.8, -4.2, -3.9, 276.0, 0.0, 0.0, 93.0, 2020-03-12 15:00:00, None
203.0, 93.0, 7.6, 0.0, -5.1, 6.2, -4.1, -3.7, 241.0, 0.0, 0.0, 93.0, 2020-03-12 16:00:00, None
222.0, 93.0, 8.8, 0.0, -4.9, 5.1, -3.9, -3.6, 209.0, 0.0, 0.0, 93.0, 2020-03-12 17:00:00, None
355.0, 93.0, 6.2, 0.0, -4.7, 4.6, -3.7, -3.6, 203.0, 0.0, 0.0, 93.0, 2020-03-12 18:00:00, None
19.0, 93.0, 5.1, 0.0, -4.6, 8.3, -3.6, -3.9, 222.0, 0.0, 0.0, 92.0, 2020-03-12 19:00:00, None
25.0, 93.0, 4.6, 0.0, -4.6, 7.5, -3.6, -4.2, 355.0, 0.0, 0.0, 92.0, 2020-03-12 20:00:00, None
342.0, 92.0, 8.3, 0.0, -5.0, 2.9, -3.9, -4.4, 19.0, 0.0, 0.0, 92.0, 2020-03-12 21:00:00, None
2.0, 92.0, 7.5, 0.0, -5.3, 3.4, -4.2, -4.5, 25.0, 0.0, 0.0, 93.0, 2020-03-12 22:00:00, None
145.0, 92.0, 2.9, 0.0, -5.5, 2.4, -4.4, -4.5, 342.0, 0.0, 0.0, 93.0, 2020-03-12 23:00:00, None
197.0, 93.0, 3.4, 0.0, -5.5, 2.8, -4.5, -4.4, 2.0, 0.0, 0.0, 93.0, 2020-03-13 00:00:00, None
124.0, 93.0, 2.4, 0.0, -5.5, 3.3, -4.5, -4.4, 145.0, 0.0, 0.0, 93.0, 2020-03-13 01:00:00, None
278.0, 93.0, 2.8, 0.0, -5.4, 5.6, -4.4, -4.5, 197.0, 0.0, 0.0, 92.0, 2020-03-13 02:00:00, None
288.0, 93.0, 3.3, 0.0, -5.4, 5.4, -4.4, -4.6, 124.0, 0.0, 0.0, 92.0, 2020-03-13 03:00:00, None
291.0, 92.0, 5.6, 0.0, -5.6, 5.0, -4.5, -4.7, 278.0, 0.0, 0.0, 92.0, 2020-03-13 04:00:00, None
316.0, 92.0, 5.4, 0.0, -5.7, 5.4, -4.6, -4.9, 288.0, 0.0, 0.0, 91.0, 2020-03-13 05:00:00, None
289.0, 92.0, 5.0, 0.0, -5.8, 6.4, -4.7, -5.2, 291.0, 0.0, 0.0, 91.0, 2020-03-13 06:00:00, None
318.0, 91.0, 5.4, 0.0, -6.1, 7.1, -4.9, -5.5, 316.0, 0.0, 0.0, 90.0, 2020-03-13 07:00:00, None
302.0, 91.0, 6.4, 0.0, -6.4, 9.7, -5.2, -6.0, 289.0, 0.0, 0.0, 88.0, 2020-03-13 08:00:00, None
278.0, 90.0, 7.1, 0.0, -6.9, 7.6, -5.5, -6.4, 318.0, 0.0, 0.0, 89.0, 2020-03-13 09:00:00, None
264.0, 88.0, 9.7, 0.0, -7.7, 13.0, -6.0, -6.8, 302.0, 0.0, 0.0, 87.0, 2020-03-13 10:00:00, None
260.0, 89.0, 7.6, 0.0, -7.9, 12.7, -6.4, -7.1, 278.0, 0.0, 0.0, 88.0, 2020-03-13 11:00:00, None
253.0, 87.0, 13.0, 0.0, -8.6, 12.6, -6.8, -7.1, 264.0, 0.0, 0.0, 88.0, 2020-03-13 12:00:00, None
250.0, 88.0, 12.7, 0.0, -8.7, 9.5, -7.1, -7.1, 260.0, 0.0, 0.0, 89.0, 2020-03-13 13:00:00, None
197.0, 88.0, 12.6, 0.0, -8.7, 7.8, -7.1, -6.9, 253.0, 0.0, 0.0, 90.0, 2020-03-13 14:00:00, None
261.0, 89.0, 9.5, 0.0, -8.6, 4.3, -7.1, -6.7, 250.0, 0.0, 0.0, 90.0, 2020-03-13 15:00:00, None
230.0, 90.0, 7.8, 0.0, -8.3, 4.9, -6.9, -6.5, 197.0, 0.0, 0.0, 91.0, 2020-03-13 16:00:00, None
168.0, 90.0, 4.3, 0.0, -8.1, 11.3, -6.7, -6.2, 261.0, 0.0, 0.0, 91.0, 2020-03-13 17:00:00, None
156.0, 91.0, 4.9, 0.0, -7.7, 6.6, -6.5, -6.0, 230.0, 0.0, 0.0, 90.0, 2020-03-13 18:00:00, None
1.0, 91.0, 11.3, 0.0, -7.4, 5.3, -6.2, -6.3, 168.0, 0.0, 0.0, 89.0, 2020-03-13 19:00:00, None
135.0, 90.0, 6.6, 0.0, -7.4, 8.5, -6.0, -6.9, 156.0, 0.0, 0.0, 90.0, 2020-03-13 20:00:00, None
154.0, 89.0, 5.3, 0.0, -7.8, 11.0, -6.3, -6.7, 1.0, 0.0, 0.0, 90.0, 2020-03-13 21:00:00, None
86.0, 90.0, 8.5, 0.0, -8.3, 5.4, -6.9, -6.7, 135.0, 0.0, 0.0, 89.0, 2020-03-13 22:00:00, None
91.0, 90.0, 11.0, 0.0, -8.1, 9.0, -6.7, -6.9, 154.0, 0.0, 0.0, 89.0, 2020-03-13 23:00:00, None
119.0, 89.0, 5.4, 0.0, -8.2, 7.0, -6.7, -7.1, 86.0, 0.0, 0.0, 89.0, 2020-03-14 00:00:00, None
140.0, 89.0, 9.0, 0.0, -8.4, 7.3, -6.9, -7.0, 91.0, 0.0, 0.0, 90.0, 2020-03-14 01:00:00, None
119.0, 89.0, 7.0, 0.0, -8.6, 10.2, -7.1, -6.9, 119.0, 0.0, 0.0, 90.0, 2020-03-14 02:00:00, None
101.0, 90.0, 7.3, 0.0, -8.4, 7.7, -7.0, -7.0, 140.0, 0.0, 0.0, 88.0, 2020-03-14 03:00:00, None
71.0, 90.0, 10.2, 0.0, -8.3, 6.3, -6.9, -7.3, 119.0, 0.0, 0.0, 87.0, 2020-03-14 04:00:00, None
16.0, 88.0, 7.7, 0.0, -8.6, 7.7, -7.0, -8.1, 101.0, 0.0, 0.0, 86.0, 2020-03-14 05:00:00, None
339.0, 87.0, 6.3, 0.0, -9.1, 9.3, -7.3, -9.2, 71.0, 0.0, 0.0, 85.0, 2020-03-14 06:00:00, None
15.0, 86.0, 7.7, 0.0, -10.0, 6.6, -8.1, -10.1, 16.0, 0.0, 0.0, 85.0, 2020-03-14 07:00:00, None
196.0, 85.0, 9.3, 0.0, -11.3, 5.2, -9.2, -10.5, 339.0, 0.0, 0.0, 85.0, 2020-03-14 08:00:00, None
179.0, 85.0, 6.6, 0.0, -12.1, 6.0, -10.1, -10.2, 15.0, 0.0, 0.0, 87.0, 2020-03-14 09:00:00, None
152.0, 85.0, 5.2, 0.0, -12.5, 6.0, -10.5, -9.9, 196.0, 0.0, 0.0, 86.0, 2020-03-14 10:00:00, None
169.0, 87.0, 6.0, 0.0, -11.9, 10.3, -10.2, -9.3, 179.0, 0.0, 0.0, 89.0, 2020-03-14 11:00:00, None
187.0, 86.0, 6.0, 0.0, -11.8, 11.6, -9.9, -8.4, 152.0, 0.0, 0.0, 90.0, 2020-03-14 12:00:00, None
193.0, 89.0, 10.3, 0.0, -10.8, 10.5, -9.3, -7.7, 169.0, 0.0, 0.0, 91.0, 2020-03-14 13:00:00, None
186.0, 90.0, 11.6, 0.0, -9.7, 11.5, -8.4, -7.0, 187.0, 0.0, 0.0, 92.0, 2020-03-14 14:00:00, None
185.0, 91.0, 10.5, 0.0, -8.9, 12.3, -7.7, -6.4, 193.0, 0.0, 0.0, 92.0, 2020-03-14 15:00:00, None
138.0, 92.0, 11.5, 0.0, -8.1, 12.7, -7.0, -5.9, 186.0, 0.0, 0.0, 92.0, 2020-03-14 16:00:00, None
147.0, 92.0, 12.3, 0.0, -7.5, 9.5, -6.4, -5.4, 185.0, 0.0, 0.0, 92.0, 2020-03-14 17:00:00, None
142.0, 92.0, 12.7, 0.0, -7.0, 8.0, -5.9, -5.2, 138.0, 0.0, 0.0, 92.0, 2020-03-14 18:00:00, None
81.0, 92.0, 9.5, 0.0, -6.5, 7.2, -5.4, -5.5, 147.0, 0.0, 0.0, 90.0, 2020-03-14 19:00:00, None
27.0, 92.0, 8.0, 0.0, -6.3, 7.8, -5.2, -6.3, 142.0, 0.0, 0.0, 87.0, 2020-03-14 20:00:00, None
25.0, 90.0, 7.2, 0.0, -6.9, 8.9, -5.5, -7.1, 81.0, 0.0, 0.0, 87.0, 2020-03-14 21:00:00, None
21.0, 87.0, 7.8, 0.0, -8.1, 10.0, -6.3, -7.9, 27.0, 0.0, 0.0, 87.0, 2020-03-14 22:00:00, None
26.0, 87.0, 8.9, 0.0, -8.9, 8.0, -7.1, -8.5, 25.0, 0.0, 0.0, 87.0, 2020-03-14 23:00:00, None
27.0, 87.0, 10.0, 0.0, -9.7, 9.3, -7.9, -8.9, 21.0, 0.0, 0.0, 86.0, 2020-03-15 00:00:00, None
None, 87.0, 8.0, None, -10.3, None, -8.5, None, 26.0, 0.0, 0.0, None, 2020-03-15 01:00:00, None
None, 86.0, 9.3, None, -10.8, None, -8.9, None, 27.0, 0.0, 0.0, None, 2020-03-15 02:00:00, None
24.0, None, None, 0.0, None, 6.9, None, -10.2, None, None, None, 85.0, 2020-03-15 03:00:00, None
21.0, 85.0, 6.9, 0.0, -12.2, 6.5, -10.2, -10.8, 24.0, 0.0, None, 85.0, 2020-03-15 05:00:00, None
34.0, 85.0, 6.5, 0.0, -12.8, 4.4, -10.8, -11.4, 21.0, 0.0, None, 84.0, 2020-03-15 07:00:00, None
203.0, None, None, 0.0, None, 5.6, None, -11.2, None, None, None, 85.0, 2020-03-15 08:00:00, None
214.0, 84.0, 4.4, 0.0, -13.6, 10.6, -11.4, -10.9, 34.0, 0.0, None, 85.0, 2020-03-15 09:00:00, None
210.0, 85.0, 5.6, 0.0, -13.2, 8.1, -11.2, -10.4, 203.0, 0.0, None, 86.0, 2020-03-15 10:00:00, 0.0
195.0, 85.0, 10.6, 0.0, -12.9, 9.8, -10.9, -9.7, 214.0, 0.0, None, 88.0, 2020-03-15 11:00:00, 0.0
210.0, 86.0, 8.1, 0.0, -12.3, 10.4, -10.4, -9.1, 210.0, 0.0, None, 88.0, 2020-03-15 12:00:00, 0.0
206.0, 88.0, 9.8, 0.0, -11.3, 8.4, -9.7, -8.5, 195.0, 0.0, None, 89.0, 2020-03-15 13:00:00, 0.0
214.0, 88.0, 10.4, 0.0, -10.7, 9.1, -9.1, -7.9, 210.0, 0.0, None, 90.0, 2020-03-15 14:00:00, 0.0
207.0, 89.0, 8.4, 0.0, -10.0, 8.5, -8.5, -7.3, 206.0, 0.0, None, 90.0, 2020-03-15 15:00:00, 0.0
269.0, 90.0, 9.1, 0.0, -9.3, 5.4, -7.9, -7.2, 214.0, 0.0, None, 89.0, 2020-03-15 16:00:00, 0.0
18.0, 90.0, 8.5, 0.0, -8.7, 4.6, -7.3, -7.3, 207.0, 0.0, None, 89.0, 2020-03-15 17:00:00, 0.0
25.0, 89.0, 5.4, 0.0, -8.7, 6.6, -7.2, -7.5, 269.0, 0.0, None, 88.0, 2020-03-15 18:00:00, 0.0
26.0, 89.0, 4.6, 0.0, -8.8, 5.3, -7.3, -7.7, 18.0, 0.0, None, 88.0, 2020-03-15 19:00:00, 0.0
18.0, 88.0, 6.6, 0.0, -9.1, 6.6, -7.5, -7.9, 25.0, 0.0, None, 87.0, 2020-03-15 20:00:00, 0.0
14.0, 88.0, 5.3, 0.0, -9.3, 6.0, -7.7, -8.0, 26.0, 0.0, None, 87.0, 2020-03-15 21:00:00, 0.0
346.0, 87.0, 6.6, 0.0, -9.7, 6.2, -7.9, -8.2, 18.0, 0.0, None, 87.0, 2020-03-15 22:00:00, 0.0
328.0, 87.0, 6.0, 0.0, -9.8, 4.4, -8.0, -8.3, 14.0, 0.0, None, 87.0, 2020-03-15 23:00:00, 0.0
1.0, 87.0, 6.2, 0.0, -10.0, 5.3, -8.2, -8.2, 346.0, 0.0, None, 87.0, 2020-03-16 00:00:00, 0.0
23.0, 87.0, 4.4, 0.0, -10.1, 3.6, -8.3, -8.2, 328.0, 0.0, None, 87.0, 2020-03-16 01:00:00, 0.0
22.0, 87.0, 5.3, 0.0, -10.0, 2.7, -8.2, -8.3, 1.0, 0.0, None, 88.0, 2020-03-16 02:00:00, 0.0
17.0, 87.0, 3.6, 0.0, -10.0, 3.8, -8.2, -8.5, 23.0, 0.0, None, 88.0, 2020-03-16 03:00:00, 0.0
19.0, 88.0, 2.7, 0.0, -9.9, 3.5, -8.3, -8.7, 22.0, 0.0, None, 87.0, 2020-03-16 04:00:00, 0.0
23.0, 88.0, 3.8, 0.0, -10.1, 2.7, -8.5, -8.8, 17.0, 0.0, None, 88.0, 2020-03-16 05:00:00, 0.0
94.0, 87.0, 3.5, 0.0, -10.5, 2.4, -8.7, -8.9, 19.0, 0.0, None, 88.0, 2020-03-16 06:00:00, 0.0
164.0, 88.0, 2.7, 0.0, -10.4, 3.2, -8.8, -9.1, 23.0, 0.0, None, 87.0, 2020-03-16 07:00:00, 0.0
175.0, 88.0, 2.4, 0.0, -10.5, 4.5, -8.9, -9.0, 94.0, 0.0, 0.0, 88.0, 2020-03-16 08:00:00, 0.0
150.0, 87.0, 3.2, 0.0, -10.9, 5.1, -9.1, -8.7, 164.0, 0.0, 0.0, 88.0, 2020-03-16 09:00:00, 0.0
160.0, 88.0, 4.5, 0.0, -10.6, 6.3, -9.0, -8.4, 175.0, 0.0, 0.0, 88.0, 2020-03-16 10:00:00, 0.0
182.0, 88.0, 5.1, 0.0, -10.3, 6.4, -8.7, -7.9, 150.0, 0.0, 0.0, 89.0, 2020-03-16 11:00:00, 0.0
158.0, 88.0, 6.3, 0.0, -10.0, 8.5, -8.4, -7.3, 160.0, 0.0, 0.0, 90.0, 2020-03-16 12:00:00, 0.0
172.0, 89.0, 6.4, 0.0, -9.4, 7.9, -7.9, -6.8, 182.0, 0.0, 0.0, 90.0, 2020-03-16 13:00:00, 0.0
171.0, 90.0, 8.5, 0.0, -8.7, 6.9, -7.3, -6.4, 158.0, 0.0, 0.0, 90.0, 2020-03-16 14:00:00, 0.0
173.0, 90.0, 7.9, 0.0, -8.2, 5.6, -6.8, -6.1, 172.0, 0.0, 0.0, 90.0, 2020-03-16 15:00:00, 0.0
74.0, 90.0, 6.9, 0.0, -7.8, 3.0, -6.4, -5.8, 171.0, 0.0, 0.0, 91.0, 2020-03-16 16:00:00, 0.0
20.0, 90.0, 5.6, 0.0, -7.5, 5.6, -6.1, -5.4, 173.0, 0.0, 0.0, 92.0, 2020-03-16 17:00:00, 0.0
20.0, 91.0, 3.0, 0.0, -7.0, 4.8, -5.8, -5.3, 74.0, 0.0, 0.0, 91.0, 2020-03-16 18:00:00, 0.0
22.0, 92.0, 5.6, 0.0, -6.5, 6.0, -5.4, -5.4, 20.0, 0.0, 0.0, 91.0, 2020-03-16 19:00:00, 0.0
50.0, 91.0, 4.8, 0.0, -6.5, 3.9, -5.3, -5.5, 20.0, 0.0, 0.0, 91.0, 2020-03-16 20:00:00, 0.0
13.0, 91.0, 6.0, 0.0, -6.6, 3.9, -5.4, -5.6, 22.0, 0.0, 0.0, 91.0, 2020-03-16 21:00:00, 0.0
69.0, 91.0, 3.9, 0.0, -6.7, 5.2, -5.5, -5.6, 50.0, 0.0, 0.0, 91.0, 2020-03-16 22:00:00, 0.0
111.0, 91.0, 3.9, 0.0, -6.8, 3.5, -5.6, -5.7, 13.0, 0.0, 0.0, 91.0, 2020-03-16 23:00:00, 0.0
47.0, 91.0, 5.2, 0.0, -6.8, 2.3, -5.6, -5.7, 69.0, 0.0, 0.0, 91.0, 2020-03-17 00:00:00, 0.0
32.0, 91.0, 3.5, 0.0, -6.9, 3.9, -5.7, -5.8, 111.0, 0.0, 0.0, 91.0, 2020-03-17 01:00:00, 0.0
8.0, 91.0, 2.3, 0.0, -6.9, 4.0, -5.7, -5.9, 47.0, 0.0, 0.0, 90.0, 2020-03-17 02:00:00, 0.0
16.0, 91.0, 3.9, 0.0, -7.0, 4.1, -5.8, -6.1, 32.0, 0.0, 0.0, 90.0, 2020-03-17 03:00:00, 0.0
13.0, 90.0, 4.0, 0.0, -7.3, 2.0, -5.9, -6.2, 8.0, 0.0, 0.0, 91.0, 2020-03-17 04:00:00, 0.0
6.0, 90.0, 4.1, 0.0, -7.5, 4.1, -6.1, -6.4, 16.0, 0.0, 0.0, 90.0, 2020-03-17 05:00:00, 0.0
13.0, 91.0, 2.0, 0.0, -7.4, 2.9, -6.2, -6.5, 13.0, 0.0, 0.0, 90.0, 2020-03-17 06:00:00, 0.0
223.0, 90.0, 4.1, 0.0, -7.8, 2.9, -6.4, -6.6, 6.0, 0.0, 0.0, 90.0, 2020-03-17 07:00:00, 0.0
207.0, 90.0, 2.9, 0.0, -7.9, 4.8, -6.5, -6.5, 13.0, 0.0, 0.0, 91.0, 2020-03-17 08:00:00, 0.0
230.0, 90.0, 2.9, 0.0, -8.0, 11.7, -6.6, -6.1, 223.0, 0.0, 0.0, 91.0, 2020-03-17 09:00:00, 0.0
252.0, 91.0, 4.8, 0.0, -7.7, 13.6, -6.5, -5.6, 207.0, 0.0, 0.0, 92.0, 2020-03-17 10:00:00, 0.0
229.0, 91.0, 11.7, 0.0, -7.3, 8.5, -6.1, -5.0, 230.0, 0.0, 0.0, 92.0, 2020-03-17 11:00:00, 0.0
195.0, 92.0, 13.6, 0.0, -6.7, 6.9, -5.6, -4.6, 252.0, 0.0, 0.0, 92.0, 2020-03-17 12:00:00, 0.0
217.0, 92.0, 8.5, 0.0, -6.1, 9.1, -5.0, -4.2, 229.0, 0.0, 0.0, 93.0, 2020-03-17 13:00:00, 0.0
222.0, 92.0, 6.9, 0.0, -5.7, 11.7, -4.6, -3.5, 195.0, 0.0, 0.0, 93.0, 2020-03-17 14:00:00, 0.0
223.0, 93.0, 9.1, 0.0, -5.2, 8.1, -4.2, -2.9, 217.0, 0.0, 0.0, 94.0, 2020-03-17 15:00:00, 0.0
279.0, 93.0, 11.7, 0.0, -4.5, 7.6, -3.5, -2.5, 222.0, 0.0, 0.0, 95.0, 2020-03-17 16:00:00, 0.0
20.0, 94.0, 8.1, 0.0, -3.7, 7.2, -2.9, -2.1, 223.0, 0.0, 0.0, 96.0, 2020-03-17 17:00:00, 0.0
23.0, 95.0, 7.6, 0.0, -3.2, 9.8, -2.5, -2.3, 279.0, 0.0, 0.0, 95.0, 2020-03-17 18:00:00, 0.0
20.0, None, None, 0.0, None, 8.8, None, -2.6, None, None, None, 95.0, 2020-03-17 19:00:00, None
22.0, None, None, 0.0, None, 8.9, None, -3.0, None, None, None, 94.0, 2020-03-17 20:00:00, None
21.0, None, None, 0.0, None, 5.9, None, -3.3, None, None, None, 94.0, 2020-03-17 21:00:00, None
22.0, 94.0, 8.9, 0.0, -3.8, 7.9, -3.0, -3.5, 22.0, 0.0, 0.0, 94.0, 2020-03-17 22:00:00, 0.0
347.0, 94.0, 5.9, 0.0, -4.1, 6.6, -3.3, -3.7, 21.0, 0.0, 0.0, 93.0, 2020-03-17 23:00:00, 0.0
39.0, 94.0, 7.9, 0.0, -4.3, 5.0, -3.5, -3.8, 22.0, 0.0, 0.0, 93.0, 2020-03-18 00:00:00, 0.0
350.0, 93.0, 6.6, 0.0, -4.7, 7.3, -3.7, -4.2, 347.0, 0.0, 0.0, 92.0, 2020-03-18 01:00:00, 0.0
10.0, 93.0, 5.0, 0.0, -4.8, 5.0, -3.8, -4.4, 39.0, 0.0, 0.0, 92.0, 2020-03-18 02:00:00, 0.0
19.0, None, None, 0.0, None, 5.0, None, -4.5, None, None, None, 91.0, 2020-03-18 03:00:00, None
15.0, None, None, 0.0, None, 5.7, None, -4.8, None, None, None, 91.0, 2020-03-18 04:00:00, None
23.0, None, None, 0.0, None, 5.8, None, -5.1, None, None, None, 91.0, 2020-03-18 05:00:00, None
14.0, None, None, 0.0, None, 4.6, None, -5.4, None, None, None, 90.0, 2020-03-18 06:00:00, None
216.0, 91.0, 5.8, 0.0, -6.3, 2.8, -5.1, -5.5, 23.0, 0.0, 0.0, 91.0, 2020-03-18 07:00:00, 0.0
180.0, 90.0, 4.6, 0.0, -6.8, 6.5, -5.4, -5.4, 14.0, 0.0, 0.0, 92.0, 2020-03-18 08:00:00, 0.0
225.0, 91.0, 2.8, 0.0, -6.7, 10.1, -5.5, -5.0, 216.0, 0.0, 0.0, 93.0, 2020-03-18 09:00:00, 0.0
232.0, 92.0, 6.5, 0.0, -6.5, 9.9, -5.4, -4.5, 180.0, 0.0, 0.0, 93.0, 2020-03-18 10:00:00, 0.0
209.0, 93.0, 10.1, 0.0, -6.0, 9.7, -5.0, -4.0, 225.0, 0.0, 0.0, 94.0, 2020-03-18 11:00:00, 0.0
210.0, 93.0, 9.9, 0.0, -5.5, 12.1, -4.5, -3.3, 232.0, 0.0, 0.0, 95.0, 2020-03-18 12:00:00, 0.0
215.0, 94.0, 9.7, 0.0, -4.8, 12.3, -4.0, -2.7, 209.0, 0.0, 0.0, 95.0, 2020-03-18 13:00:00, 0.0
224.0, 95.0, 12.1, 0.0, -4.0, 8.5, -3.3, -2.4, 210.0, 0.0, 0.0, 95.0, 2020-03-18 14:00:00, 0.0
239.0, 95.0, 12.3, 0.0, -3.4, 10.4, -2.7, -1.9, 215.0, 0.0, 0.0, 95.0, 2020-03-18 15:00:00, 0.0
279.0, 95.0, 8.5, 0.0, -3.1, 8.1, -2.4, -1.6, 224.0, 0.0, 0.0, 96.0, 2020-03-18 16:00:00, 0.0
332.0, 95.0, 10.4, 0.0, -2.6, 6.6, -1.9, -1.7, 239.0, 0.0, 0.0, 96.0, 2020-03-18 17:00:00, 0.0
22.0, 96.0, 8.1, 0.0, -2.2, 7.4, -1.6, -2.2, 279.0, 0.0, 0.0, 96.0, 2020-03-18 18:00:00, 0.0
340.0, 96.0, 6.6, 0.0, -2.3, 11.0, -1.7, -2.6, 332.0, 0.0, 0.0, 95.0, 2020-03-18 19:00:00, 0.0
4.0, 96.0, 7.4, 0.0, -2.8, 5.0, -2.2, -2.9, 22.0, 0.0, 0.0, 94.0, 2020-03-18 20:00:00, 0.0
17.0, 95.0, 11.0, 0.0, -3.3, 7.1, -2.6, -3.2, 340.0, 0.0, 0.0, 94.0, 2020-03-18 21:00:00, 0.0
18.0, 94.0, 5.0, 0.0, -3.7, 6.7, -2.9, -3.6, 4.0, 0.0, 0.0, 93.0, 2020-03-18 22:00:00, 0.0
21.0, 94.0, 7.1, 0.0, -4.0, 6.3, -3.2, -3.9, 17.0, 0.0, 0.0, 93.0, 2020-03-18 23:00:00, 0.0
17.0, 93.0, 6.7, 0.0, -4.6, 6.5, -3.6, -4.1, 18.0, 0.0, 0.0, 92.0, 2020-03-19 00:00:00, 0.0
32.0, 93.0, 6.3, 0.0, -4.9, 5.8, -3.9, -4.4, 21.0, 0.0, 0.0, 91.0, 2020-03-19 01:00:00, 0.0
19.0, 92.0, 6.5, 0.0, -5.2, 5.6, -4.1, -4.7, 17.0, 0.0, 0.0, 91.0, 2020-03-19 02:00:00, 0.0
1.0, 91.0, 5.8, 0.0, -5.6, 5.8, -4.4, -5.0, 32.0, 0.0, 0.0, 91.0, 2020-03-19 03:00:00, 0.0
18.0, 91.0, 5.6, 0.0, -5.9, 4.1, -4.7, -5.2, 19.0, 0.0, 0.0, 91.0, 2020-03-19 04:00:00, 0.0
43.0, 91.0, 5.8, 0.0, -6.2, 6.1, -5.0, -5.5, 1.0, 0.0, 0.0, 90.0, 2020-03-19 05:00:00, 0.0
25.0, 91.0, 4.1, 0.0, -6.4, 3.5, -5.2, -5.7, 18.0, 0.0, 0.0, 90.0, 2020-03-19 06:00:00, 0.0
193.0, 90.0, 6.1, 0.0, -6.9, 2.3, -5.5, -5.5, 43.0, 0.0, 0.0, 91.0, 2020-03-19 07:00:00, 0.0
184.0, 90.0, 3.5, 0.0, -7.1, 5.1, -5.7, -5.3, 25.0, 0.0, 0.0, 92.0, 2020-03-19 08:00:00, 0.0
209.0, 91.0, 2.3, 0.0, -6.7, 6.5, -5.5, -4.9, 193.0, 0.0, 0.0, 93.0, 2020-03-19 09:00:00, 0.0
191.0, 92.0, 5.1, 0.0, -6.4, 8.1, -5.3, -4.4, 184.0, 0.0, 0.0, 93.0, 2020-03-19 10:00:00, 0.0
139.0, 93.0, 6.5, 0.0, -5.9, 8.9, -4.9, -3.9, 209.0, 0.0, 0.0, 94.0, 2020-03-19 11:00:00, 0.0
170.0, 93.0, 8.1, 0.0, -5.4, 10.0, -4.4, -3.3, 191.0, 0.0, 0.0, 94.0, 2020-03-19 12:00:00, 0.0
165.0, 94.0, 8.9, 0.0, -4.7, 11.1, -3.9, -2.8, 139.0, 0.0, 0.0, 95.0, 2020-03-19 13:00:00, 0.0
180.0, 94.0, 10.0, 0.0, -4.1, 8.3, -3.3, -2.4, 170.0, 0.0, 0.0, 95.0, 2020-03-19 14:00:00, 0.0
169.0, 95.0, 11.1, 0.0, -3.5, 8.4, -2.8, -1.9, 165.0, 0.0, 0.0, 95.0, 2020-03-19 15:00:00, 0.0
134.0, 95.0, 8.3, 0.0, -3.1, 5.4, -2.4, -1.7, 180.0, 0.0, 0.0, 95.0, 2020-03-19 16:00:00, 0.0
30.0, 95.0, 8.4, 0.0, -2.6, 8.6, -1.9, -1.8, 169.0, 0.0, 0.0, 95.0, 2020-03-19 17:00:00, 0.0
27.0, 95.0, 5.4, 0.0, -2.4, 10.2, -1.7, -2.5, 134.0, 0.0, 0.0, 94.0, 2020-03-19 18:00:00, 0.0
12.0, 95.0, 8.6, 0.0, -2.5, 4.9, -1.8, -3.0, 30.0, 0.0, 0.0, 94.0, 2020-03-19 19:00:00, 0.0
12.0, 94.0, 10.2, 0.0, -3.3, 5.2, -2.5, -3.3, 27.0, 0.0, 0.0, 94.0, 2020-03-19 20:00:00, 0.0
36.0, 94.0, 4.9, 0.0, -3.8, 5.1, -3.0, -3.6, 12.0, 0.0, 0.0, 94.0, 2020-03-19 21:00:00, 0.0
46.0, 94.0, 5.2, 0.0, -4.1, 5.1, -3.3, -4.0, 12.0, 0.0, 0.0, 93.0, 2020-03-19 22:00:00, 0.0
3.0, 94.0, 5.1, 0.0, -4.4, 4.9, -3.6, -4.2, 36.0, 0.0, 0.0, 94.0, 2020-03-19 23:00:00, 0.0
23.0, 93.0, 5.1, 0.0, -5.0, 6.1, -4.0, -4.6, 46.0, 0.0, 0.0, 92.0, 2020-03-20 00:00:00, 0.0
21.0, 94.0, 4.9, 0.0, -5.0, 5.5, -4.2, -5.0, 3.0, 0.0, 0.0, 91.0, 2020-03-20 01:00:00, 0.0
14.0, 92.0, 6.1, 0.0, -5.7, 5.0, -4.6, -5.3, 23.0, 0.0, 0.0, 91.0, 2020-03-20 02:00:00, 0.0
27.0, 91.0, 5.5, 0.0, -6.2, 5.3, -5.0, -5.6, 21.0, 0.0, 0.0, 89.0, 2020-03-20 03:00:00, 0.0
22.0, 91.0, 5.0, 0.0, -6.5, 4.7, -5.3, -5.9, 14.0, 0.0, 0.0, 89.0, 2020-03-20 04:00:00, 0.0
21.0, 89.0, 5.3, 0.0, -7.1, 4.0, -5.6, -6.1, 27.0, 0.0, 0.0, 88.0, 2020-03-20 05:00:00, 0.0
12.0, 89.0, 4.7, 0.0, -7.4, 3.0, -5.9, -6.1, 22.0, 0.0, 0.0, 88.0, 2020-03-20 06:00:00, 0.0
196.0, 88.0, 4.0, 0.0, -7.8, 3.2, -6.1, -5.8, 21.0, 0.0, 0.0, 91.0, 2020-03-20 07:00:00, 0.0
186.0, 88.0, 3.0, 0.0, -7.8, 4.5, -6.1, -5.5, 12.0, 0.0, 0.0, 92.0, 2020-03-20 08:00:00, 0.0
178.0, 91.0, 3.2, 0.0, -7.0, 6.3, -5.8, -5.0, 196.0, 0.0, 0.0, 93.0, 2020-03-20 09:00:00, 0.0
173.0, 92.0, 4.5, 0.0, -6.6, 7.1, -5.5, -4.4, 186.0, 0.0, 0.0, 93.0, 2020-03-20 10:00:00, 0.0
190.0, 93.0, 6.3, 0.0, -6.0, 7.7, -5.0, -3.9, 178.0, 0.0, 0.0, 94.0, 2020-03-20 11:00:00, 0.0
199.0, 93.0, 7.1, 0.0, -5.4, 8.8, -4.4, -3.3, 173.0, 0.0, 0.0, 94.0, 2020-03-20 12:00:00, 0.0
203.0, 94.0, 7.7, 0.0, -4.7, 6.8, -3.9, -2.6, 190.0, 0.0, 0.0, 94.0, 2020-03-20 13:00:00, 0.0
213.0, 94.0, 8.8, 0.0, -4.1, 6.7, -3.3, -1.9, 199.0, 0.0, 0.0, 95.0, 2020-03-20 14:00:00, 0.0
216.0, 94.0, 6.8, 0.0, -3.4, 5.8, -2.6, -1.5, 203.0, 0.0, 0.0, 95.0, 2020-03-20 15:00:00, 0.0
279.0, 95.0, 6.7, 0.0, -2.6, 6.1, -1.9, -0.9, 213.0, 0.0, 0.0, 96.0, 2020-03-20 16:00:00, 0.0
25.0, 95.0, 5.8, 0.0, -2.2, 6.7, -1.5, -0.5, 216.0, 0.0, 0.0, 97.0, 2020-03-20 17:00:00, 0.0
23.0, 96.0, 6.1, 0.0, -1.5, 7.5, -0.9, -0.7, 279.0, 0.0, 0.0, 97.0, 2020-03-20 18:00:00, 0.0
19.0, 97.0, 6.7, 0.0, -0.9, 6.3, -0.5, -1.1, 25.0, 0.0, 0.0, 97.0, 2020-03-20 19:00:00, 0.0
16.0, 97.0, 7.5, 0.0, -1.1, 6.6, -0.7, -1.6, 23.0, 0.0, 0.0, 97.0, 2020-03-20 20:00:00, 0.0
11.0, 97.0, 6.3, 0.0, -1.5, 5.9, -1.1, -2.1, 19.0, 0.0, 0.0, 96.0, 2020-03-20 21:00:00, 0.0
14.0, 97.0, 6.6, 0.0, -2.0, 5.3, -1.6, -2.6, 16.0, 0.0, 0.0, 96.0, 2020-03-20 22:00:00, 0.0
345.0, 96.0, 5.9, 0.0, -2.7, 6.3, -2.1, -2.9, 11.0, 0.0, 0.0, 95.0, 2020-03-20 23:00:00, 0.0
351.0, 96.0, 5.3, 0.0, -3.1, 4.3, -2.6, -3.3, 14.0, 0.0, 0.0, 94.0, 2020-03-21 00:00:00, 0.0
36.0, 95.0, 6.3, 0.0, -3.6, 4.0, -2.9, -3.7, 345.0, 0.0, 0.0, 89.0, 2020-03-21 01:00:00, 0.0
348.0, 94.0, 4.3, 0.0, -4.1, 2.5, -3.3, -3.8, 351.0, 0.0, 0.0, 89.0, 2020-03-21 02:00:00, 0.0
33.0, 89.0, 4.0, 0.0, -5.2, 2.5, -3.7, -4.2, 36.0, 0.0, 0.0, 86.0, 2020-03-21 03:00:00, 0.0
18.0, 89.0, 2.5, 0.0, -5.3, 3.7, -3.8, -4.8, 348.0, 0.0, 0.0, 84.0, 2020-03-21 04:00:00, 0.0
51.0, 86.0, 2.5, 0.0, -6.2, 3.5, -4.2, -4.9, 33.0, 0.0, 0.0, 85.0, 2020-03-21 05:00:00, 0.0
67.0, 84.0, 3.7, 0.0, -7.1, 3.3, -4.8, -5.0, 18.0, 0.0, 0.0, 86.0, 2020-03-21 06:00:00, 0.0
144.0, 85.0, 3.5, 0.0, -7.0, 2.5, -4.9, -4.7, 51.0, 0.0, 0.0, 91.0, 2020-03-21 07:00:00, 0.0
197.0, 86.0, 3.3, 0.0, -7.0, 5.0, -5.0, -4.3, 67.0, 0.0, 0.0, 93.0, 2020-03-21 08:00:00, 0.0
137.0, 91.0, 2.5, 0.0, -5.9, 4.9, -4.7, -3.8, 144.0, 0.0, 0.0, 94.0, 2020-03-21 09:00:00, 0.0
210.0, 93.0, 5.0, 0.0, -5.3, 3.5, -4.3, -3.3, 197.0, 0.0, 0.0, 94.0, 2020-03-21 10:00:00, 0.0
259.0, 94.0, 4.9, 0.0, -4.6, 9.4, -3.8, -2.5, 137.0, 0.0, 0.0, 95.0, 2020-03-21 11:00:00, 0.0
257.0, 94.0, 3.5, 0.0, -4.1, 16.6, -3.3, -1.5, 210.0, 0.0, 0.0, 96.0, 2020-03-21 12:00:00, 0.0
224.0, 95.0, 9.4, 0.0, -3.2, 15.4, -2.5, -1.1, 259.0, 0.0, 0.0, 96.0, 2020-03-21 13:00:00, 0.0
256.0, 96.0, 16.6, 0.0, -2.1, 14.7, -1.5, -0.6, 257.0, 0.0, 0.0, 96.0, 2020-03-21 14:00:00, 0.0
258.0, 96.0, 15.4, 0.0, -1.7, 9.7, -1.1, -0.4, 224.0, 0.0, 0.0, 96.0, 2020-03-21 15:00:00, 0.0
251.0, 96.0, 14.7, 0.0, -1.2, 7.5, -0.6, -0.4, 256.0, 0.0, 0.0, 96.0, 2020-03-21 16:00:00, 0.0
352.0, 96.0, 9.7, 0.0, -1.0, 8.1, -0.4, -0.6, 258.0, 0.0, 0.0, 95.0, 2020-03-21 17:00:00, 0.0
4.0, 96.0, 7.5, 0.0, -1.0, 7.4, -0.4, -1.3, 251.0, 0.0, 0.0, 91.0, 2020-03-21 18:00:00, 0.0
6.0, 95.0, 8.1, 0.0, -1.3, 3.9, -0.6, -1.6, 352.0, 0.0, 0.0, 90.0, 2020-03-21 19:00:00, 0.0
316.0, 91.0, 7.4, 0.0, -2.6, 7.7, -1.3, -2.1, 4.0, 0.0, 0.0, 92.0, 2020-03-21 20:00:00, 0.0
349.0, 90.0, 3.9, 0.0, -3.0, 8.8, -1.6, -2.5, 6.0, 0.0, 0.0, 90.0, 2020-03-21 21:00:00, 0.0
350.0, 92.0, 7.7, 0.0, -3.2, 10.1, -2.1, -2.8, 316.0, 0.0, 0.0, 88.0, 2020-03-21 22:00:00, 0.0
20.0, 90.0, 8.8, 0.0, -3.9, 5.2, -2.5, -3.6, 349.0, 0.0, 0.0, 84.0, 2020-03-21 23:00:00, 0.0
9.0, 88.0, 10.1, 0.0, -4.5, 4.6, -2.8, -4.1, 350.0, 0.0, 0.0, 84.0, 2020-03-22 00:00:00, 0.0
29.0, 84.0, 5.2, 0.0, -5.9, 5.8, -3.6, -4.6, 20.0, 0.0, 0.0, 83.0, 2020-03-22 01:00:00, 0.0
354.0, 84.0, 4.6, 0.0, -6.4, 4.8, -4.1, -5.1, 9.0, 0.0, 0.0, 82.0, 2020-03-22 02:00:00, 0.0
26.0, 83.0, 5.8, 0.0, -7.0, 5.7, -4.6, -5.4, 29.0, 0.0, 0.0, 83.0, 2020-03-22 03:00:00, 0.0
60.0, 82.0, 4.8, 0.0, -7.7, 3.8, -5.1, -5.7, 354.0, 0.0, 0.0, 81.0, 2020-03-22 04:00:00, 0.0
34.0, 83.0, 5.7, 0.0, -7.8, 4.7, -5.4, -6.1, 26.0, 0.0, 0.0, 80.0, 2020-03-22 05:00:00, 0.0
103.0, 81.0, 3.8, 0.0, -8.4, 3.6, -5.7, -5.6, 60.0, 0.0, 0.0, 88.0, 2020-03-22 06:00:00, 0.0
137.0, 80.0, 4.7, 0.0, -9.0, 4.6, -6.1, -4.8, 34.0, 0.0, 0.0, 91.0, 2020-03-22 07:00:00, 0.0
146.0, 88.0, 3.6, 0.0, -7.3, 6.1, -5.6, -4.2, 103.0, 0.0, 0.0, 93.0, 2020-03-22 08:00:00, 0.0
103.0, 91.0, 4.6, 0.0, -6.0, 8.5, -4.8, -3.6, 137.0, 0.0, 0.0, 93.0, 2020-03-22 09:00:00, 0.0
124.0, 93.0, 6.1, 0.0, -5.2, 9.7, -4.2, -3.0, 146.0, 0.0, 0.0, 94.0, 2020-03-22 10:00:00, 0.0
170.0, 93.0, 8.5, 0.0, -4.6, 8.3, -3.6, -2.5, 103.0, 0.0, 0.0, 95.0, 2020-03-22 11:00:00, 0.0
147.0, 94.0, 9.7, 0.0, -3.8, 7.9, -3.0, -2.0, 124.0, 0.0, 0.0, 95.0, 2020-03-22 12:00:00, 0.0
119.0, 95.0, 8.3, 0.0, -3.2, 8.3, -2.5, -1.7, 170.0, 0.0, 0.0, 95.0, 2020-03-22 13:00:00, 0.0
81.0, 95.0, 7.9, 0.0, -2.7, 3.8, -2.0, -1.4, 147.0, 0.0, 0.0, 96.0, 2020-03-22 14:00:00, 0.0
131.0, 95.0, 8.3, 0.0, -2.4, 7.3, -1.7, -1.2, 119.0, 0.0, 0.0, 95.0, 2020-03-22 15:00:00, 0.0
99.0, 96.0, 3.8, 0.0, -2.0, 6.1, -1.4, -1.1, 81.0, 0.0, 0.0, 95.0, 2020-03-22 16:00:00, 0.0
131.0, 95.0, 7.3, 0.0, -1.9, 6.3, -1.2, -1.1, 131.0, 0.0, 0.0, 96.0, 2020-03-22 17:00:00, 0.0
100.0, 95.0, 6.1, 0.0, -1.8, 5.5, -1.1, -1.1, 99.0, 0.0, 0.0, 96.0, 2020-03-22 18:00:00, 0.0
113.0, 96.0, 6.3, 0.0, -1.7, 7.4, -1.1, -1.1, 131.0, 0.0, 0.0, 96.0, 2020-03-22 19:00:00, 0.0
110.0, 96.0, 5.5, 0.0, -1.7, 6.5, -1.1, -1.2, 100.0, 0.0, 0.0, 96.0, 2020-03-22 20:00:00, 0.0
90.0, 96.0, 7.4, 0.0, -1.7, 7.5, -1.1, -1.2, 113.0, 0.0, 0.0, 96.0, 2020-03-22 21:00:00, 0.0
96.0, 96.0, 6.5, 0.0, -1.8, 6.0, -1.2, -1.2, 110.0, 0.0, 0.0, 96.0, 2020-03-22 22:00:00, 0.0
80.0, 96.0, 7.5, 0.0, -1.8, 7.6, -1.2, -1.2, 90.0, 0.0, 0.0, 96.0, 2020-03-22 23:00:00, 0.0
76.0, 96.0, 6.0, 0.0, -1.8, 5.8, -1.2, -1.1, 96.0, 0.0, 0.0, 96.0, 2020-03-23 00:00:00, 0.0
74.0, 96.0, 7.6, 0.0, -1.8, 5.7, -1.2, -1.2, 80.0, 0.0, 0.0, 96.0, 2020-03-23 01:00:00, 0.0
102.0, 96.0, 5.8, 0.0, -1.7, 4.6, -1.1, -1.2, 76.0, 0.0, 0.0, 97.0, 2020-03-23 02:00:00, 0.0
87.0, 96.0, 5.7, 0.0, -1.8, 5.7, -1.2, -1.2, 74.0, 0.0, 0.0, 96.0, 2020-03-23 03:00:00, 0.0
106.0, 97.0, 4.6, 0.0, -1.6, 4.0, -1.2, -1.2, 102.0, 0.0, 0.0, 97.0, 2020-03-23 04:00:00, 0.0
195.0, 96.0, 5.7, 0.0, -1.8, 3.1, -1.2, -1.1, 87.0, 0.0, 0.0, 97.0, 2020-03-23 05:00:00, 0.0
61.0, 97.0, 4.0, 0.0, -1.6, 5.3, -1.2, -1.1, 106.0, 0.0, 0.0, 97.0, 2020-03-23 06:00:00, 0.0
95.0, 97.0, 3.1, 0.0, -1.5, 3.6, -1.1, -1.0, 195.0, 0.0, 0.0, 97.0, 2020-03-23 07:00:00, 0.0
186.0, 97.0, 5.3, 0.0, -1.5, 4.3, -1.1, -0.8, 61.0, 0.0, 0.0, 97.0, 2020-03-23 08:00:00, 0.0
152.0, 97.0, 3.6, 0.0, -1.4, 6.7, -1.0, -0.7, 95.0, 0.0, 0.0, 97.0, 2020-03-23 09:00:00, 0.0
182.0, 97.0, 4.3, 0.0, -1.2, 7.6, -0.8, -0.4, 186.0, 0.0, 0.0, 97.0, 2020-03-23 10:00:00, 0.0
170.0, 97.0, 6.7, 0.0, -1.1, 6.3, -0.7, -0.3, 152.0, 0.0, 0.0, 97.0, 2020-03-23 11:00:00, 0.0
249.0, 97.0, 7.6, 0.0, -0.8, 4.9, -0.4, -0.2, 182.0, 0.0, 0.0, 97.0, 2020-03-23 12:00:00, 0.0
184.0, 97.0, 6.3, 0.0, -0.7, 6.8, -0.3, -0.1, 170.0, 0.0, 0.0, 97.0, 2020-03-23 13:00:00, 0.0
249.0, 97.0, 4.9, 0.0, -0.6, 7.3, -0.2, 0.0, 249.0, 0.0, 0.0, 97.0, 2020-03-23 14:00:00, 0.0
132.0, 97.0, 6.8, 0.0, -0.5, 6.0, -0.1, 0.0, 184.0, 0.0, 0.0, 97.0, 2020-03-23 15:00:00, 0.0
324.0, 97.0, 7.3, 0.0, -0.4, 2.7, 0.0, 0.0, 249.0, 0.0, 0.0, 97.0, 2020-03-23 16:00:00, 0.0
98.0, 97.0, 6.0, 0.0, -0.4, 5.5, 0.0, 0.0, 132.0, 0.0, 0.0, 97.0, 2020-03-23 17:00:00, 0.0
58.0, 97.0, 2.7, 0.0, -0.4, 3.5, 0.0, -0.1, 324.0, 0.0, 0.0, 97.0, 2020-03-23 18:00:00, 0.0
14.0, 97.0, 5.5, 0.0, -0.4, 4.9, 0.0, -0.2, 98.0, 0.0, 0.0, 97.0, 2020-03-23 19:00:00, 0.0
10.0, 97.0, 3.5, 0.0, -0.5, 4.5, -0.1, -0.4, 58.0, 0.0, 0.0, 96.0, 2020-03-23 20:00:00, 0.0
314.0, 97.0, 4.9, 0.0, -0.6, 3.9, -0.2, -0.6, 14.0, 0.0, 0.0, 96.0, 2020-03-23 21:00:00, 0.0
37.0, 96.0, 4.5, 0.0, -1.0, 2.5, -0.4, -0.7, 10.0, 0.0, 0.0, 95.0, 2020-03-23 22:00:00, 0.0
104.0, 96.0, 3.9, 0.0, -1.2, 3.5, -0.6, -0.5, 314.0, 0.0, 0.0, 96.0, 2020-03-23 23:00:00, 0.0
281.0, 95.0, 2.5, 0.0, -1.4, 5.5, -0.7, -0.7, 37.0, 0.0, 0.0, 95.0, 2020-03-24 00:00:00, 0.0
104.0, 96.0, 3.5, 0.0, -1.1, 3.4, -0.5, -0.9, 104.0, 0.0, 0.0, 94.0, 2020-03-24 01:00:00, 0.0
278.0, 95.0, 5.5, 0.0, -1.4, 6.7, -0.7, -0.9, 281.0, 0.0, 0.0, 95.0, 2020-03-24 02:00:00, 0.0
262.0, 94.0, 3.4, 0.0, -1.7, 1.8, -0.9, -1.2, 104.0, 0.0, 0.0, 95.0, 2020-03-24 03:00:00, 0.0
262.0, 95.0, 6.7, 0.0, -1.6, 4.2, -0.9, -1.5, 278.0, 0.0, 0.0, 95.0, 2020-03-24 04:00:00, 0.0
302.0, 95.0, 1.8, 0.0, -1.9, 6.6, -1.2, -1.9, 262.0, 0.0, 0.0, 94.0, 2020-03-24 05:00:00, 0.0
288.0, 95.0, 4.2, 0.0, -2.2, 7.7, -1.5, -2.1, 262.0, 0.0, 0.0, 95.0, 2020-03-24 06:00:00, 0.0
246.0, 94.0, 6.6, 0.0, -2.7, 5.1, -1.9, -2.0, 302.0, 0.0, 0.0, 95.0, 2020-03-24 07:00:00, 0.0
263.0, 95.0, 7.7, 0.0, -2.8, 8.4, -2.1, -1.7, 288.0, 0.0, 0.0, 95.0, 2020-03-24 08:00:00, 0.0
229.0, 95.0, 5.1, 0.0, -2.7, 5.4, -2.0, -1.1, 246.0, 0.0, 0.0, 96.0, 2020-03-24 09:00:00, 0.0
233.0, 95.0, 8.4, 0.0, -2.4, 7.5, -1.7, -0.6, 263.0, 0.0, 0.0, 97.0, 2020-03-24 10:00:00, 0.0
248.0, 96.0, 5.4, 0.0, -1.7, 6.1, -1.1, -0.4, 229.0, 0.0, 0.0, 97.0, 2020-03-24 11:00:00, 0.0
270.0, 97.0, 7.5, 0.0, -1.0, 6.5, -0.6, -0.5, 233.0, 0.0, 0.0, 97.0, 2020-03-24 12:00:00, 0.0
264.0, 97.0, 6.1, 0.0, -0.8, 13.4, -0.4, -0.3, 248.0, 0.0, 0.0, 97.0, 2020-03-24 13:00:00, 0.0
267.0, 97.0, 6.5, 0.0, -0.9, 11.3, -0.5, -0.8, 270.0, 0.0, 0.0, 96.0, 2020-03-24 14:00:00, 0.0
290.0, 97.0, 13.4, 0.0, -0.7, 9.1, -0.3, -1.4, 264.0, 0.0, 0.0, 95.0, 2020-03-24 15:00:00, 0.0
287.0, 96.0, 11.3, 0.0, -1.4, 9.4, -0.8, -2.1, 267.0, 0.0, 0.0, 93.0, 2020-03-24 16:00:00, 0.0
283.0, 95.0, 9.1, 0.0, -2.1, 10.9, -1.4, -2.8, 290.0, 0.0, 0.0, 93.0, 2020-03-24 17:00:00, 0.0
314.0, 93.0, 9.4, 0.0, -3.1, 10.4, -2.1, -3.3, 287.0, 0.0, 0.0, 90.0, 2020-03-24 18:00:00, 0.0
327.0, 93.0, 10.9, 0.0, -3.8, 9.4, -2.8, -3.9, 283.0, 0.0, 0.0, 91.0, 2020-03-24 19:00:00, 0.0
333.0, 90.0, 10.4, 0.0, -4.7, 11.7, -3.3, -3.9, 314.0, 0.0, 0.0, 90.0, 2020-03-24 20:00:00, 0.0
293.0, 91.0, 9.4, 0.0, -5.2, 5.4, -3.9, -4.0, 327.0, 0.0, 0.0, 90.0, 2020-03-24 21:00:00, 0.0
318.0, 90.0, 11.7, 0.0, -5.3, 8.7, -3.9, -4.1, 333.0, 0.0, 0.0, 89.0, 2020-03-24 22:00:00, 0.0
285.0, 90.0, 5.4, 0.0, -5.4, 9.2, -4.0, -4.7, 293.0, 0.0, 0.0, 85.0, 2020-03-24 23:00:00, 0.0
320.0, 89.0, 8.7, 0.0, -5.6, 8.4, -4.1, -5.2, 318.0, 0.0, 0.0, 86.0, 2020-03-25 00:00:00, 0.0
314.0, 85.0, 9.2, 0.0, -6.8, 6.3, -4.7, -5.4, 285.0, 0.0, 0.0, 86.0, 2020-03-25 01:00:00, 0.0
307.0, 86.0, 8.4, 0.0, -7.2, 8.6, -5.2, -5.7, 320.0, 0.0, 0.0, 85.0, 2020-03-25 02:00:00, 0.0
297.0, 86.0, 6.3, 0.0, -7.4, 8.3, -5.4, -5.8, 314.0, 0.0, 0.0, 84.0, 2020-03-25 03:00:00, 0.0
318.0, 85.0, 8.6, 0.0, -7.8, 6.5, -5.7, -5.9, 307.0, 0.0, 0.0, 83.0, 2020-03-25 04:00:00, 0.0
311.0, 84.0, 8.3, 0.0, -8.1, 8.4, -5.8, -6.3, 297.0, 0.0, 0.0, 84.0, 2020-03-25 05:00:00, 0.0
312.0, 83.0, 6.5, 0.0, -8.3, 7.6, -5.9, -6.2, 318.0, 0.0, 0.0, 83.0, 2020-03-25 06:00:00, 0.0
276.0, 84.0, 8.4, 0.0, -8.6, 9.3, -6.3, -6.1, 311.0, 0.0, 0.0, 86.0, 2020-03-25 07:00:00, 0.0
270.0, 83.0, 7.6, 0.0, -8.6, 10.5, -6.2, -5.8, 312.0, 0.0, 0.0, 86.0, 2020-03-25 08:00:00, 0.0
279.0, 86.0, 9.3, 0.0, -8.1, 12.8, -6.1, -5.3, 276.0, 0.0, 0.0, 87.0, 2020-03-25 09:00:00, 0.0
257.0, 86.0, 10.5, 0.0, -7.8, 12.2, -5.8, -4.7, 270.0, 0.0, 0.0, 88.0, 2020-03-25 10:00:00, 0.0
251.0, 87.0, 12.8, 0.0, -7.1, 13.5, -5.3, -4.3, 279.0, 0.0, 0.0, 87.0, 2020-03-25 11:00:00, 0.0
230.0, 88.0, 12.2, 0.0, -6.4, 18.0, -4.7, -3.7, 257.0, 0.0, 0.0, 93.0, 2020-03-25 12:00:00, 0.0
244.0, 87.0, 13.5, 0.0, -6.1, 16.0, -4.3, -2.5, 251.0, 0.0, 0.0, 91.0, 2020-03-25 13:00:00, 0.0
202.0, 93.0, 18.0, 0.0, -4.7, 11.9, -3.7, -2.4, 230.0, 0.0, 0.0, 94.0, 2020-03-25 14:00:00, 0.0
223.0, 91.0, 16.0, 0.0, -3.8, 11.4, -2.5, -2.3, 244.0, 0.0, 0.0, 95.0, 2020-03-25 15:00:00, 0.0
215.0, 94.0, 11.9, 0.0, -3.2, 6.6, -2.4, -2.3, 202.0, 0.0, 0.0, 95.0, 2020-03-25 16:00:00, 0.0
275.0, 95.0, 11.4, 0.0, -3.0, 4.7, -2.3, -3.0, 223.0, 0.0, 0.0, 86.0, 2020-03-25 17:00:00, 0.0
39.0, 95.0, 6.6, 0.0, -3.0, 2.9, -2.3, -3.6, 215.0, 0.0, 0.0, 86.0, 2020-03-25 18:00:00, 0.0
15.0, 86.0, 4.7, 0.0, -5.0, 3.3, -3.0, -3.9, 275.0, 0.0, 0.0, 87.0, 2020-03-25 19:00:00, 0.0
3.0, 86.0, 2.9, 0.0, -5.6, 3.9, -3.6, -4.0, 39.0, 0.0, 0.0, 86.0, 2020-03-25 20:00:00, 0.0
340.0, 87.0, 3.3, 0.0, -5.7, 3.7, -3.9, -4.2, 15.0, 0.0, 0.0, 86.0, 2020-03-25 21:00:00, 0.0
359.0, 86.0, 3.9, 0.0, -6.0, 4.2, -4.0, -4.7, 3.0, 0.0, 0.0, 87.0, 2020-03-25 22:00:00, 0.0
6.0, 86.0, 3.7, 0.0, -6.2, 4.5, -4.2, -4.8, 340.0, 0.0, 0.0, 83.0, 2020-03-25 23:00:00, 0.0
21.0, 87.0, 4.2, 0.0, -6.5, 7.3, -4.7, -5.4, 359.0, 0.0, 0.0, 85.0, 2020-03-26 00:00:00, 0.0
20.0, 83.0, 4.5, 0.0, -7.2, 5.6, -4.8, -5.7, 6.0, 0.0, 0.0, 86.0, 2020-03-26 01:00:00, 0.0
318.0, 85.0, 7.3, 0.0, -7.5, 3.2, -5.4, -5.5, 21.0, 0.0, 0.0, 88.0, 2020-03-26 02:00:00, 0.0
19.0, 86.0, 5.6, 0.0, -7.7, 3.6, -5.7, -5.4, 20.0, 0.0, 0.0, 86.0, 2020-03-26 03:00:00, 0.0
16.0, 88.0, 3.2, 0.0, -7.2, 3.6, -5.5, -5.6, 318.0, 0.0, 0.0, 85.0, 2020-03-26 04:00:00, 0.0
20.0, 86.0, 3.6, 0.0, -7.4, 4.7, -5.4, -5.9, 19.0, 0.0, 0.0, 87.0, 2020-03-26 05:00:00, 0.0
149.0, 85.0, 3.6, 0.0, -7.7, 3.5, -5.6, -5.3, 16.0, 0.0, 0.0, 90.0, 2020-03-26 06:00:00, 0.0
55.0, 87.0, 4.7, 0.0, -7.7, 5.7, -5.9, -5.0, 20.0, 0.0, 0.0, 91.0, 2020-03-26 07:00:00, 0.0
142.0, 90.0, 3.5, 0.0, -6.7, 5.4, -5.3, -4.5, 149.0, 0.0, 0.0, 92.0, 2020-03-26 08:00:00, 0.0
161.0, 91.0, 5.7, 0.0, -6.2, 4.2, -5.0, -3.8, 55.0, 0.0, 0.0, 94.0, 2020-03-26 09:00:00, 0.0
183.0, 92.0, 5.4, 0.0, -5.6, 4.6, -4.5, -3.4, 142.0, 0.0, 0.0, 94.0, 2020-03-26 10:00:00, 0.0
166.0, 94.0, 4.2, 0.0, -4.6, 6.5, -3.8, -3.0, 161.0, 0.0, 0.0, 94.0, 2020-03-26 11:00:00, 0.0
181.0, 94.0, 4.6, 0.0, -4.2, 6.0, -3.4, -2.6, 183.0, 0.0, 0.0, 95.0, 2020-03-26 12:00:00, 0.0
188.0, 94.0, 6.5, 0.0, -3.8, 7.7, -3.0, -2.2, 166.0, 0.0, 0.0, 95.0, 2020-03-26 13:00:00, 0.0
177.0, 95.0, 6.0, 0.0, -3.3, 7.2, -2.6, -1.9, 181.0, 0.0, 0.0, 95.0, 2020-03-26 14:00:00, 0.0
155.0, 95.0, 7.7, 0.0, -2.9, 4.9, -2.2, -1.8, 188.0, 0.0, 0.0, 95.0, 2020-03-26 15:00:00, 0.0
154.0, 95.0, 7.2, 0.0, -2.6, 3.9, -1.9, -1.8, 177.0, 0.0, 0.0, 95.0, 2020-03-26 16:00:00, 0.0
345.0, 95.0, 4.9, 0.0, -2.5, 1.9, -1.8, -1.7, 155.0, 0.0, 0.0, 96.0, 2020-03-26 17:00:00, 0.0
230.0, 95.0, 3.9, 0.0, -2.5, 2.2, -1.8, -1.6, 154.0, 0.0, 0.0, 95.0, 2020-03-26 18:00:00, 0.0
67.0, 96.0, 1.9, 0.0, -2.3, 3.0, -1.7, -1.8, 345.0, 0.0, 0.0, 95.0, 2020-03-26 19:00:00, 0.0
91.0, 95.0, 2.2, 0.0, -2.3, 4.2, -1.6, -1.8, 230.0, 0.0, 0.0, 95.0, 2020-03-26 20:00:00, 0.0
83.0, 95.0, 3.0, 0.0, -2.5, 3.3, -1.8, -1.7, 67.0, 0.0, 0.0, 95.0, 2020-03-26 21:00:00, 0.0
63.0, 95.0, 4.2, 0.0, -2.5, 6.2, -1.8, -1.8, 91.0, 0.0, 0.0, 95.0, 2020-03-26 22:00:00, 0.0
55.0, 95.0, 3.3, 0.0, -2.4, 7.5, -1.7, -1.7, 83.0, 0.0, 0.0, 96.0, 2020-03-26 23:00:00, 0.0
61.0, 95.0, 6.2, 0.0, -2.5, 5.3, -1.8, -1.8, 63.0, 0.0, 0.0, 96.0, 2020-03-27 00:00:00, 0.0
19.0, 96.0, 7.5, 0.0, -2.3, 3.4, -1.7, -1.8, 55.0, 0.0, 0.0, 96.0, 2020-03-27 01:00:00, 0.0
85.0, 96.0, 5.3, 0.0, -2.4, 6.3, -1.8, -1.8, 61.0, 0.0, 0.0, 96.0, 2020-03-27 02:00:00, 0.0
80.0, 96.0, 3.4, 0.0, -2.4, 3.7, -1.8, -1.8, 19.0, 0.0, 0.0, 96.0, 2020-03-27 03:00:00, 0.0
39.0, 96.0, 6.3, 0.0, -2.4, 5.8, -1.8, -1.7, 85.0, 0.0, 0.0, 96.0, 2020-03-27 04:00:00, 0.0
54.0, 96.0, 3.7, 0.0, -2.4, 6.2, -1.8, -1.7, 80.0, 0.0, 0.0, 96.0, 2020-03-27 05:00:00, 0.0
65.0, 96.0, 5.8, 0.0, -2.3, 6.5, -1.7, -1.6, 39.0, 0.0, 0.0, 96.0, 2020-03-27 06:00:00, 0.0
43.0, 96.0, 6.2, 0.0, -2.3, 4.6, -1.7, -1.4, 54.0, 0.0, 0.0, 96.0, 2020-03-27 07:00:00, 0.0
128.0, 96.0, 6.5, 0.0, -2.2, 4.9, -1.6, -1.1, 65.0, 0.0, 0.0, 96.0, 2020-03-27 08:00:00, 0.0
80.0, 96.0, 4.6, 0.0, -2.0, 6.7, -1.4, -0.9, 43.0, 0.0, 0.0, 96.0, 2020-03-27 09:00:00, 0.0
140.0, 96.0, 4.9, 0.0, -1.7, 6.8, -1.1, -0.8, 128.0, 0.0, 0.0, 96.0, 2020-03-27 10:00:00, 0.0
155.0, 96.0, 6.7, 0.0, -1.5, 7.3, -0.9, -0.7, 80.0, 0.0, 0.0, 96.0, 2020-03-27 11:00:00, 0.0
172.0, 96.0, 6.8, 0.0, -1.4, 6.6, -0.8, -0.6, 140.0, 0.0, 0.0, 96.0, 2020-03-27 12:00:00, 0.0
166.0, 96.0, 7.3, 0.0, -1.3, 7.6, -0.7, -0.5, 155.0, 0.0, 0.0, 97.0, 2020-03-27 13:00:00, 0.0
176.0, 96.0, 6.6, 0.0, -1.2, 6.0, -0.6, -0.4, 172.0, 0.0, 0.0, 97.0, 2020-03-27 14:00:00, 0.0
143.0, 97.0, 7.6, 0.0, -0.9, 6.8, -0.5, -0.3, 166.0, 0.0, 0.0, 97.0, 2020-03-27 15:00:00, 0.0
107.0, 97.0, 6.0, 0.0, -0.8, 3.7, -0.4, -0.3, 176.0, 0.0, 0.0, 97.0, 2020-03-27 16:00:00, 0.0
36.0, 97.0, 6.8, 0.0, -0.7, 4.1, -0.3, -0.1, 143.0, 0.0, 0.0, 97.0, 2020-03-27 17:00:00, 0.0
325.0, 97.0, 3.7, 0.0, -0.7, 5.5, -0.3, -0.1, 107.0, 0.0, 0.0, 97.0, 2020-03-27 18:00:00, 0.0
78.0, 97.0, 4.1, 0.0, -0.5, 5.1, -0.1, -0.1, 36.0, 0.0, 0.0, 97.0, 2020-03-27 19:00:00, 0.0
92.0, 97.0, 5.5, 0.0, -0.5, 5.0, -0.1, -0.1, 325.0, 0.0, 0.0, 97.0, 2020-03-27 20:00:00, 0.0
74.0, 97.0, 5.1, 0.0, -0.5, 6.3, -0.1, -0.1, 78.0, 0.0, 0.0, 97.0, 2020-03-27 21:00:00, 0.0
41.0, 97.0, 5.0, 0.0, -0.5, 6.7, -0.1, -0.1, 92.0, 0.0, 0.0, 97.0, 2020-03-27 22:00:00, 0.0
40.0, 97.0, 6.3, 0.0, -0.5, 4.1, -0.1, -0.1, 74.0, 0.0, 0.0, 97.0, 2020-03-27 23:00:00, 0.0
104.0, 97.0, 6.7, 0.0, -0.5, 5.3, -0.1, -0.1, 41.0, 0.0, 0.0, 97.0, 2020-03-28 00:00:00, 0.0
66.0, 97.0, 4.1, 0.0, -0.5, 6.0, -0.1, -0.1, 40.0, 0.0, 0.0, 97.0, 2020-03-28 01:00:00, 0.0
32.0, 97.0, 5.3, 0.0, -0.5, 3.8, -0.1, -0.1, 104.0, 0.0, 0.0, 97.0, 2020-03-28 02:00:00, 0.0
85.0, 97.0, 6.0, 0.0, -0.5, 6.3, -0.1, -0.1, 66.0, 0.0, 0.0, 97.0, 2020-03-28 03:00:00, 0.0
44.0, 97.0, 3.8, 0.0, -0.5, 4.8, -0.1, -0.1, 32.0, 0.0, 0.0, 98.0, 2020-03-28 04:00:00, 0.0
89.0, 97.0, 6.3, 0.0, -0.5, 5.5, -0.1, 0.0, 85.0, 0.0, 0.0, 97.0, 2020-03-28 05:00:00, 0.0
71.0, 98.0, 4.8, 0.0, -0.4, 5.0, -0.1, 0.0, 44.0, 0.0, 0.0, 98.0, 2020-03-28 06:00:00, 0.0
53.0, 97.0, 5.5, 0.0, -0.4, 8.4, 0.0, 0.0, 89.0, 0.0, 0.0, 98.0, 2020-03-28 07:00:00, 0.0
77.0, 98.0, 5.0, 0.0, -0.3, 6.9, 0.0, 0.0, 71.0, 0.0, 0.0, 98.0, 2020-03-28 08:00:00, 0.0
99.0, 98.0, 8.4, 0.0, -0.3, 4.6, 0.0, 0.0, 53.0, 0.0, 0.0, 98.0, 2020-03-28 09:00:00, 0.0
94.0, 98.0, 6.9, 0.0, -0.3, 7.5, 0.0, 0.1, 77.0, 0.0, 0.0, 98.0, 2020-03-28 10:00:00, 0.0
122.0, 98.0, 4.6, 0.0, -0.3, 6.3, 0.0, 0.1, 99.0, 0.0, 0.0, 98.0, 2020-03-28 11:00:00, 0.0
109.0, 98.0, 7.5, 0.0, -0.2, 9.8, 0.1, 0.1, 94.0, 0.0, 0.0, 98.0, 2020-03-28 12:00:00, 0.0
125.0, 98.0, 6.3, 0.0, -0.2, 8.4, 0.1, 0.1, 122.0, 0.0, 0.0, 98.0, 2020-03-28 13:00:00, 0.0
121.0, 98.0, 9.8, 0.0, -0.2, 7.8, 0.1, 0.2, 109.0, 0.0, 0.0, 98.0, 2020-03-28 14:00:00, 0.0
115.0, 98.0, 8.4, 0.0, -0.2, 5.2, 0.1, 0.1, 125.0, 0.0, 0.0, 98.0, 2020-03-28 15:00:00, 0.0
142.0, 98.0, 7.8, 0.0, -0.1, 5.2, 0.2, 0.1, 121.0, 0.0, 0.0, 98.0, 2020-03-28 16:00:00, 0.0
113.0, 98.0, 5.2, 0.0, -0.2, 7.0, 0.1, 0.1, 115.0, 0.0, 0.0, 98.0, 2020-03-28 17:00:00, 0.0
109.0, 98.0, 5.2, 0.0, -0.2, 5.7, 0.1, 0.1, 142.0, 0.0, 0.0, 98.0, 2020-03-28 18:00:00, 0.0
107.0, 98.0, 7.0, 0.0, -0.2, 7.8, 0.1, 0.1, 113.0, 0.0, 0.0, 98.0, 2020-03-28 19:00:00, 0.0
84.0, 98.0, 5.7, 0.0, -0.2, 8.7, 0.1, 0.1, 109.0, 0.0, 0.0, 98.0, 2020-03-28 20:00:00, 0.0
94.0, 98.0, 7.8, 0.0, -0.2, 6.4, 0.1, 0.1, 107.0, 0.0, 0.0, 98.0, 2020-03-28 21:00:00, 0.0
90.0, 98.0, 8.7, 0.0, -0.2, 6.4, 0.1, 0.1, 84.0, 0.0, 0.0, 98.0, 2020-03-28 22:00:00, 0.0
66.0, 98.0, 6.4, 0.0, -0.2, 5.6, 0.1, 0.1, 94.0, 0.0, 0.0, 98.0, 2020-03-28 23:00:00, 0.0
101.0, 98.0, 6.4, 0.0, -0.2, 11.1, 0.1, 0.2, 90.0, 0.0, 0.0, 98.0, 2020-03-29 00:00:00, 0.0
99.0, 98.0, 5.6, 0.0, -0.2, 7.7, 0.1, 0.1, 66.0, 0.0, 0.0, 98.0, 2020-03-29 01:00:00, 0.0
61.0, 98.0, 11.1, 0.0, -0.1, 5.4, 0.2, 0.1, 101.0, 0.0, 0.0, 98.0, 2020-03-29 02:00:00, 0.0
37.0, 98.0, 7.7, 0.0, -0.2, 5.8, 0.1, 0.1, 99.0, 0.0, 0.0, 98.0, 2020-03-29 03:00:00, 0.0
134.0, 98.0, 5.4, 0.0, -0.2, 5.7, 0.1, 0.0, 61.0, 0.0, 0.0, 98.0, 2020-03-29 04:00:00, 0.0
305.0, 98.0, 5.8, 0.0, -0.2, 5.2, 0.1, 0.0, 37.0, 0.0, 0.0, 98.0, 2020-03-29 05:00:00, 0.0
70.0, 98.0, 5.7, 0.0, -0.3, 5.4, 0.0, 0.1, 134.0, 0.0, 0.0, 98.0, 2020-03-29 06:00:00, 0.0
38.0, 98.0, 5.2, 0.0, -0.3, 5.2, 0.0, 0.0, 305.0, 0.0, 0.0, 98.0, 2020-03-29 07:00:00, 0.0
288.0, 98.0, 5.4, 0.0, -0.2, 4.1, 0.1, 0.1, 70.0, 0.0, 0.0, 98.0, 2020-03-29 08:00:00, 0.0
64.0, 98.0, 5.2, 0.0, -0.3, 6.9, 0.0, 0.1, 38.0, 0.0, 0.0, 98.0, 2020-03-29 09:00:00, 0.0
159.0, 98.0, 4.1, 0.0, -0.2, 4.0, 0.1, 0.1, 288.0, 0.0, 0.0, 98.0, 2020-03-29 10:00:00, 0.0
17.0, 98.0, 6.9, 0.0, -0.2, 4.8, 0.1, 0.3, 64.0, 0.0, 0.0, 98.0, 2020-03-29 11:00:00, 0.0
135.0, 98.0, 4.0, 0.0, -0.2, 5.4, 0.1, 0.4, 159.0, 0.0, 0.0, 98.0, 2020-03-29 12:00:00, 0.0
143.0, 98.0, 4.8, 0.0, 0.0, 6.3, 0.3, 0.7, 17.0, 0.0, 0.0, 98.0, 2020-03-29 13:00:00, 0.0
279.0, 98.0, 5.4, 0.0, 0.1, 5.9, 0.4, 0.9, 135.0, 0.0, 0.0, 98.0, 2020-03-29 14:00:00, 0.0
94.0, 98.0, 6.3, 0.0, 0.4, 7.2, 0.7, 0.5, 143.0, 0.0, 0.0, 98.0, 2020-03-29 15:00:00, 0.0
98.0, 98.0, 5.9, 0.0, 0.6, 6.8, 0.9, 0.4, 279.0, 0.0, 0.0, 98.0, 2020-03-29 16:00:00, 0.0
100.0, 98.0, 7.2, 0.0, 0.2, 9.1, 0.5, 0.3, 94.0, 0.0, 0.0, 98.0, 2020-03-29 17:00:00, 0.0
59.0, 98.0, 6.8, 0.0, 0.1, 10.3, 0.4, 0.2, 98.0, 0.0, 0.0, 98.0, 2020-03-29 18:00:00, 0.0
80.0, 98.0, 9.1, 0.0, 0.0, 9.2, 0.3, 0.0, 100.0, 0.0, 0.0, 98.0, 2020-03-29 19:00:00, 0.0
60.0, 98.0, 10.3, 0.0, -0.1, 8.2, 0.2, 0.0, 59.0, 0.0, 0.0, 98.0, 2020-03-29 20:00:00, 0.0
107.0, 98.0, 9.2, 0.0, -0.3, 4.8, 0.0, -0.1, 80.0, 0.0, 0.0, 98.0, 2020-03-29 21:00:00, 0.0
338.0, 98.0, 8.2, 0.0, -0.3, 2.7, 0.0, -0.1, 60.0, 0.0, 0.0, 98.0, 2020-03-29 22:00:00, 0.0
81.0, 98.0, 4.8, 0.0, -0.4, 9.1, -0.1, -0.1, 107.0, 0.0, 0.0, 98.0, 2020-03-29 23:00:00, 0.0
81.0, 98.0, 2.7, 0.0, -0.4, 5.4, -0.1, 0.0, 338.0, 0.0, 0.0, 98.0, 2020-03-30 00:00:00, 0.0
83.0, 98.0, 9.1, 0.0, -0.4, 8.0, -0.1, 0.0, 81.0, 0.0, 0.0, 98.0, 2020-03-30 01:00:00, 0.0
96.0, 98.0, 5.4, 0.0, -0.3, 8.1, 0.0, -0.1, 81.0, 0.0, 0.0, 98.0, 2020-03-30 02:00:00, 0.0
120.0, 98.0, 8.0, 0.0, -0.3, 7.4, 0.0, 0.0, 83.0, 0.0, 0.0, 98.0, 2020-03-30 03:00:00, 0.0
125.0, 98.0, 8.1, 0.0, -0.4, 9.9, -0.1, -0.1, 96.0, 0.0, 0.0, 98.0, 2020-03-30 04:00:00, 0.0
148.0, 98.0, 7.4, 0.0, -0.3, 12.7, 0.0, -0.1, 120.0, 0.0, 0.0, 98.0, 2020-03-30 05:00:00, 0.0
131.0, 98.0, 9.9, 0.0, -0.4, 12.9, -0.1, -0.1, 125.0, 0.0, 0.0, 98.0, 2020-03-30 06:00:00, 0.0
135.0, 98.0, 12.7, 0.0, -0.4, 13.7, -0.1, -0.1, 148.0, 0.0, 0.0, 98.0, 2020-03-30 07:00:00, 0.0
137.0, 98.0, 12.9, 0.0, -0.4, 12.8, -0.1, -0.1, 131.0, 0.0, 0.0, 98.0, 2020-03-30 08:00:00, 0.0
125.0, 98.0, 13.7, 0.0, -0.4, 10.2, -0.1, 0.0, 135.0, 0.0, 0.0, 98.0, 2020-03-30 09:00:00, 0.0
122.0, 98.0, 12.8, 0.0, -0.4, 10.6, -0.1, 0.0, 137.0, 0.0, 0.0, 98.0, 2020-03-30 10:00:00, 0.0
117.0, 98.0, 10.2, 0.0, -0.3, 9.0, 0.0, 0.0, 125.0, 0.0, 0.0, 98.0, 2020-03-30 11:00:00, 0.0
71.0, 98.0, 10.6, 0.0, -0.3, 4.2, 0.0, 0.0, 122.0, 0.0, 0.0, 98.0, 2020-03-30 12:00:00, 0.0
356.0, 98.0, 9.0, 0.0, -0.3, 4.3, 0.0, 0.1, 117.0, 0.0, 0.0, 98.0, 2020-03-30 13:00:00, 0.0
28.0, 98.0, 4.2, 0.0, -0.3, 9.9, 0.0, 0.1, 71.0, 0.0, 0.0, 97.0, 2020-03-30 14:00:00, 0.0
346.0, 98.0, 4.3, 0.0, -0.2, 4.4, 0.1, 0.0, 356.0, 0.0, 0.0, 97.0, 2020-03-30 15:00:00, 0.0
26.0, 97.0, 9.9, 0.0, -0.3, 7.9, 0.1, 0.0, 28.0, 0.0, 0.0, 97.0, 2020-03-30 16:00:00, 0.0
79.0, 97.0, 4.4, 0.0, -0.4, 7.8, 0.0, -0.3, 346.0, 0.0, 0.0, 96.0, 2020-03-30 17:00:00, 0.0
279.0, 97.0, 7.9, 0.0, -0.4, 7.0, 0.0, -0.3, 26.0, 0.0, 0.0, 97.0, 2020-03-30 18:00:00, 0.0
16.0, 96.0, 7.8, 0.0, -0.9, 2.9, -0.3, -0.3, 79.0, 0.0, 0.0, 97.0, 2020-03-30 19:00:00, 0.0
151.0, 97.0, 7.0, 0.0, -0.7, 1.9, -0.3, -0.5, 279.0, 0.0, 0.0, 97.0, 2020-03-30 20:00:00, 0.0
136.0, 97.0, 2.9, 0.0, -0.7, 5.5, -0.3, -0.3, 16.0, 0.0, 0.0, 97.0, 2020-03-30 21:00:00, 0.0
132.0, 97.0, 1.9, 0.0, -0.9, 4.3, -0.5, -0.3, 151.0, 0.0, 0.0, 97.0, 2020-03-30 22:00:00, 0.0
104.0, 97.0, 5.5, 0.0, -0.7, 3.2, -0.3, -0.4, 136.0, 0.0, 0.0, 98.0, 2020-03-30 23:00:00, 0.0
146.0, 97.0, 4.3, 0.0, -0.7, 3.7, -0.3, -0.5, 132.0, 0.0, 0.0, 97.0, 2020-03-31 00:00:00, 0.0
263.0, 98.0, 3.2, 0.0, -0.7, 5.1, -0.4, -0.9, 104.0, 0.0, 0.0, 97.0, 2020-03-31 01:00:00, 0.0
124.0, 97.0, 3.7, 0.0, -0.9, 2.5, -0.5, -0.7, 146.0, 0.0, 0.0, 97.0, 2020-03-31 02:00:00, 0.0
264.0, 97.0, 5.1, 0.0, -1.3, 6.1, -0.9, -3.1, 263.0, 0.0, 0.0, 91.0, 2020-03-31 03:00:00, 0.0
281.0, 97.0, 2.5, 0.0, -1.1, 8.6, -0.7, -4.4, 124.0, 0.0, 0.0, 90.0, 2020-03-31 04:00:00, 0.0
289.0, 91.0, 6.1, 0.0, -4.4, 7.0, -3.1, -5.2, 264.0, 0.0, 0.0, 87.0, 2020-03-31 05:00:00, 0.0
292.0, 90.0, 8.6, 0.0, -5.8, 10.1, -4.4, -5.6, 281.0, 0.0, 0.0, 87.0, 2020-03-31 06:00:00, 0.0
292.0, 87.0, 7.0, 0.0, -7.0, 10.8, -5.2, -5.6, 289.0, 0.0, 0.0, 87.0, 2020-03-31 07:00:00, 0.0
283.0, 87.0, 10.1, 0.0, -7.4, 12.5, -5.6, -5.3, 292.0, 0.0, 0.0, 87.0, 2020-03-31 08:00:00, 0.0
276.0, 87.0, 10.8, 0.0, -7.4, 13.8, -5.6, -4.8, 292.0, 0.0, 0.0, 86.0, 2020-03-31 09:00:00, 0.0
269.0, 87.0, 12.5, 0.0, -7.1, 12.1, -5.3, -4.3, 283.0, 0.0, 0.0, 88.0, 2020-03-31 10:00:00, 0.0
268.0, 86.0, 13.8, 0.0, -6.8, 12.4, -4.8, -3.7, 276.0, 0.0, 0.0, 88.0, 2020-03-31 11:00:00, 0.0
287.0, 88.0, 12.1, 0.0, -6.0, 15.8, -4.3, -3.6, 269.0, 0.0, 0.0, 84.0, 2020-03-31 12:00:00, 0.0
276.0, 88.0, 12.4, 0.0, -5.4, 17.6, -3.7, -2.0, 268.0, 0.0, 0.0, 81.0, 2020-03-31 13:00:00, 0.0
265.0, 84.0, 15.8, 0.0, -5.9, 17.1, -3.6, -1.6, 287.0, 0.0, 0.0, 82.0, 2020-03-31 14:00:00, 0.0
284.0, 81.0, 17.6, 0.0, -4.8, 12.6, -2.0, -2.5, 276.0, 0.0, 0.0, 81.0, 2020-03-31 15:00:00, 0.0
301.0, 82.0, 17.1, 0.0, -4.3, 12.5, -1.6, -3.4, 265.0, 0.0, 0.0, 81.0, 2020-03-31 16:00:00, 0.0
312.0, 81.0, 12.6, 0.0, -5.3, 9.4, -2.5, -4.4, 284.0, 0.0, 0.0, 85.0, 2020-03-31 17:00:00, 0.0
301.0, 81.0, 12.5, 0.0, -6.2, 10.0, -3.4, -4.8, 301.0, 0.0, 0.0, 84.0, 2020-03-31 18:00:00, 0.0
292.0, 85.0, 9.4, 0.0, -6.5, 8.8, -4.4, -5.1, 312.0, 0.0, 0.0, 83.0, 2020-03-31 19:00:00, 0.0
294.0, 84.0, 10.0, 0.0, -7.1, 8.7, -4.8, -5.6, 301.0, 0.0, 0.0, 81.0, 2020-03-31 20:00:00, 0.0
292.0, 83.0, 8.8, 0.0, -7.5, 10.8, -5.1, -6.3, 292.0, 0.0, 0.0, 82.0, 2020-03-31 21:00:00, 0.0
302.0, 81.0, 8.7, 0.0, -8.3, 14.2, -5.6, -6.9, 294.0, 0.0, 0.0, 76.0, 2020-03-31 22:00:00, 0.0
298.0, 82.0, 10.8, 0.0, -8.9, 13.1, -6.3, -7.5, 292.0, 0.0, 0.0, 78.0, 2020-03-31 23:00:00, 0.0
297.0, 76.0, 14.2, 0.0, -10.4, 17.5, -6.9, -8.1, 302.0, 0.0, 0.0, 78.0, 2020-04-01 00:00:00, 0.0
293.0, 78.0, 13.1, 0.0, -10.7, 17.8, -7.5, -8.5, 298.0, 0.0, 0.0, 74.0, 2020-04-01 01:00:00, 0.0
299.0, 78.0, 17.5, 0.0, -11.3, 16.0, -8.1, -9.1, 297.0, 0.0, 0.0, 73.0, 2020-04-01 02:00:00, 0.0
288.0, 74.0, 17.8, 0.0, -12.3, 16.1, -8.5, -9.5, 293.0, 0.0, 0.0, 71.0, 2020-04-01 03:00:00, 0.0
297.0, 73.0, 16.0, 0.0, -13.0, 12.8, -9.1, -10.1, 299.0, 0.0, 0.0, 70.0, 2020-04-01 04:00:00, 0.0
288.0, 71.0, 16.1, 0.0, -13.8, 14.8, -9.5, -10.7, 288.0, 0.0, 0.0, 70.0, 2020-04-01 05:00:00, 0.0
296.0, 70.0, 12.8, 0.0, -14.5, 12.1, -10.1, -10.6, 297.0, 0.0, 0.0, 71.0, 2020-04-01 06:00:00, 0.0
276.0, 70.0, 14.8, 0.0, -15.1, 14.2, -10.7, -10.4, 288.0, 0.0, 0.0, 65.0, 2020-04-01 07:00:00, 0.0
268.0, 71.0, 12.1, 0.0, -14.8, 15.7, -10.6, -9.6, 296.0, 0.0, 0.0, 68.0, 2020-04-01 08:00:00, 0.0
260.0, 65.0, 14.2, 0.0, -15.7, 17.1, -10.4, -8.5, 276.0, 0.0, 0.0, 66.0, 2020-04-01 09:00:00, 0.0
250.0, 68.0, 15.7, 0.0, -14.4, 17.6, -9.6, -7.7, 268.0, 0.0, 0.0, 78.0, 2020-04-01 10:00:00, 0.0
223.0, 66.0, 17.1, 0.0, -13.7, 22.5, -8.5, -6.7, 260.0, 0.0, 0.0, 83.0, 2020-04-01 11:00:00, 0.0
234.0, 78.0, 17.6, 0.0, -10.9, 21.6, -7.7, -5.8, 250.0, 0.0, 0.0, 82.0, 2020-04-01 12:00:00, 0.0
230.0, 83.0, 22.5, 0.0, -9.1, 20.9, -6.7, -4.6, 223.0, 0.0, 0.0, 75.0, 2020-04-01 13:00:00, 0.0
240.0, 82.0, 21.6, 0.0, -8.4, 19.6, -5.8, -4.1, 234.0, 0.0, 0.0, 79.0, 2020-04-01 14:00:00, 0.0
235.0, 75.0, 20.9, 0.0, -8.4, 17.6, -4.6, -4.8, 230.0, 0.0, 0.0, 81.0, 2020-04-01 15:00:00, 0.0
273.0, 79.0, 19.6, 0.0, -7.2, 11.7, -4.1, -6.1, 240.0, 0.0, 0.0, 61.0, 2020-04-01 16:00:00, 0.0
8.0, 81.0, 17.6, 0.0, -7.6, 4.4, -4.8, -7.7, 235.0, 0.0, 0.0, 80.0, 2020-04-01 17:00:00, 0.0
9.0, 61.0, 11.7, 0.0, -12.4, 7.4, -6.1, -9.1, 273.0, 0.0, 0.0, 78.0, 2020-04-01 18:00:00, 0.0
27.0, 80.0, 4.4, 0.0, -10.5, 7.8, -7.7, -10.1, 8.0, 0.0, 0.0, 80.0, 2020-04-01 19:00:00, 0.0
23.0, 78.0, 7.4, 0.0, -12.2, 9.6, -9.1, -11.1, 9.0, 0.0, 0.0, 79.0, 2020-04-01 20:00:00, 0.0
23.0, 80.0, 7.8, 0.0, -12.9, 9.0, -10.1, -11.8, 27.0, 0.0, 0.0, 80.0, 2020-04-01 21:00:00, 0.0
19.0, 79.0, 9.6, 0.0, -14.0, 9.4, -11.1, -12.3, 23.0, 0.0, 0.0, 80.0, 2020-04-01 22:00:00, 0.0
16.0, 80.0, 9.0, 0.0, -14.6, 8.4, -11.8, -12.8, 23.0, 0.0, 0.0, 79.0, 2020-04-01 23:00:00, 0.0
11.0, 80.0, 9.4, 0.0, -15.0, 7.0, -12.3, -13.1, 19.0, 0.0, 0.0, 79.0, 2020-04-02 00:00:00, 0.0
355.0, 79.0, 8.4, 0.0, -15.7, 8.3, -12.8, -13.1, 16.0, 0.0, 0.0, 80.0, 2020-04-02 01:00:00, 0.0
351.0, 79.0, 7.0, 0.0, -16.0, 8.6, -13.1, -13.3, 11.0, 0.0, 0.0, 79.0, 2020-04-02 02:00:00, 0.0
358.0, 80.0, 8.3, 0.0, -15.8, 7.7, -13.1, -14.0, 355.0, 0.0, 0.0, 77.0, 2020-04-02 03:00:00, 0.0
357.0, 79.0, 8.6, 0.0, -16.2, 8.0, -13.3, -13.8, 351.0, 0.0, 0.0, 78.0, 2020-04-02 04:00:00, 0.0
351.0, 77.0, 7.7, 0.0, -17.2, 7.5, -14.0, -13.9, 358.0, 0.0, 0.0, 79.0, 2020-04-02 05:00:00, 0.0
32.0, 78.0, 8.0, 0.0, -16.8, 2.5, -13.8, -13.4, 357.0, 0.0, 0.0, 81.0, 2020-04-02 06:00:00, 0.0
259.0, 79.0, 7.5, 0.0, -16.8, 7.7, -13.9, -11.7, 351.0, 0.0, 0.0, 70.0, 2020-04-02 07:00:00, 0.0
232.0, 81.0, 2.5, 0.0, -16.0, 12.9, -13.4, -9.8, 32.0, 0.0, 0.0, 78.0, 2020-04-02 08:00:00, 0.0
229.0, 70.0, 7.7, 0.0, -16.1, 14.0, -11.7, -8.1, 259.0, 0.0, 0.0, 81.0, 2020-04-02 09:00:00, 0.0
226.0, 78.0, 12.9, 0.0, -12.9, 10.5, -9.8, -6.7, 232.0, 0.0, 0.0, 84.0, 2020-04-02 10:00:00, 0.0
170.0, 81.0, 14.0, 0.0, -10.8, 8.3, -8.1, -6.0, 229.0, 0.0, 0.0, 83.0, 2020-04-02 11:00:00, 0.0
181.0, 84.0, 10.5, 0.0, -8.9, 7.5, -6.7, -5.4, 226.0, 0.0, 0.0, 82.0, 2020-04-02 12:00:00, 0.0
224.0, 83.0, 8.3, 0.0, -8.4, 9.2, -6.0, -5.1, 170.0, 0.0, 0.0, 83.0, 2020-04-02 13:00:00, 0.0
222.0, 82.0, 7.5, 0.0, -8.0, 10.3, -5.4, -4.4, 181.0, 0.0, 0.0, 74.0, 2020-04-02 14:00:00, 0.0
235.0, 83.0, 9.2, 0.0, -7.5, 9.4, -5.1, -4.8, 224.0, 0.0, 0.0, 68.0, 2020-04-02 15:00:00, 0.0
222.0, 74.0, 10.3, 0.0, -8.3, 7.0, -4.4, -5.1, 222.0, 0.0, 0.0, 87.0, 2020-04-02 16:00:00, 0.0
339.0, 68.0, 9.4, 0.0, -9.8, 4.1, -4.8, -5.8, 235.0, 0.0, 0.0, 82.0, 2020-04-02 17:00:00, 0.0
29.0, 87.0, 7.0, 0.0, -6.9, 5.8, -5.1, -6.5, 222.0, 0.0, 0.0, 85.0, 2020-04-02 18:00:00, 0.0
31.0, 82.0, 4.1, 0.0, -8.4, 6.3, -5.8, -7.0, 339.0, 0.0, 0.0, 86.0, 2020-04-02 19:00:00, 0.0
36.0, 85.0, 5.8, 0.0, -8.6, 7.3, -6.5, -7.2, 29.0, 0.0, 0.0, 84.0, 2020-04-02 20:00:00, 0.0
19.0, None, None, 0.0, None, 5.7, None, -7.3, None, None, None, 87.0, 2020-04-02 21:00:00, None
46.0, 84.0, 7.3, 0.0, -9.4, 6.0, -7.2, -7.6, 36.0, 0.0, 0.0, 87.0, 2020-04-02 22:00:00, 0.0
45.0, 87.0, 5.7, 0.0, -9.1, 6.1, -7.3, -7.7, 19.0, 0.0, 0.0, 88.0, 2020-04-02 23:00:00, 0.0
31.0, 87.0, 6.0, 0.0, -9.4, 3.0, -7.6, -7.7, 46.0, 0.0, 0.0, 87.0, 2020-04-03 00:00:00, 0.0
24.0, 88.0, 6.1, 0.0, -9.3, 3.6, -7.7, -7.8, 45.0, 0.0, 0.0, 88.0, 2020-04-03 01:00:00, 0.0
117.0, 87.0, 3.0, 0.0, -9.5, 4.9, -7.7, -7.4, 31.0, 0.0, 0.0, 91.0, 2020-04-03 02:00:00, 0.0
146.0, 88.0, 3.6, 0.0, -9.4, 2.6, -7.8, -7.1, 24.0, 0.0, 0.0, 91.0, 2020-04-03 03:00:00, 0.0
61.0, 91.0, 4.9, 0.0, -8.6, 3.5, -7.4, -7.4, 117.0, 0.0, 0.0, 88.0, 2020-04-03 04:00:00, 0.0
277.0, 91.0, 2.6, 0.0, -8.3, 4.8, -7.1, -7.5, 146.0, 0.0, 0.0, 88.0, 2020-04-03 05:00:00, 0.0
224.0, 88.0, 3.5, 0.0, -9.0, 2.6, -7.4, -7.0, 61.0, 0.0, 0.0, 90.0, 2020-04-03 06:00:00, 0.0
235.0, 88.0, 4.8, 0.0, -9.1, 5.5, -7.5, -6.4, 277.0, 0.0, 0.0, 91.0, 2020-04-03 07:00:00, 0.0
238.0, 90.0, 2.6, 0.0, -8.4, 9.1, -7.0, -5.4, 224.0, 0.0, 0.0, 88.0, 2020-04-03 08:00:00, 0.0
247.0, 91.0, 5.5, 0.0, -7.6, 9.6, -6.4, -5.1, 235.0, 0.0, 0.0, 89.0, 2020-04-03 09:00:00, 0.0
230.0, 88.0, 9.1, 0.0, -7.1, 11.0, -5.4, -4.2, 238.0, 0.0, 0.0, 86.0, 2020-04-03 10:00:00, 0.0
206.0, 89.0, 9.6, 0.0, -6.6, 8.3, -5.1, -3.7, 247.0, 0.0, 0.0, 88.0, 2020-04-03 11:00:00, 0.0
184.0, 86.0, 11.0, 0.0, -6.2, 10.4, -4.2, -2.9, 230.0, 0.0, 0.0, 89.0, 2020-04-03 12:00:00, 0.0
213.0, 88.0, 8.3, 0.0, -5.4, 7.8, -3.7, -2.7, 206.0, 0.0, 0.0, 78.0, 2020-04-03 13:00:00, 0.0
234.0, 89.0, 10.4, 0.0, -4.5, 13.3, -2.9, -2.6, 184.0, 0.0, 0.0, 83.0, 2020-04-03 14:00:00, 0.0
239.0, 78.0, 7.8, 0.0, -6.0, 12.2, -2.7, -2.2, 213.0, 0.0, 0.0, 80.0, 2020-04-03 15:00:00, 0.0
264.0, 83.0, 13.3, 0.0, -5.1, 9.5, -2.6, -2.8, 234.0, 0.0, 0.0, 68.0, 2020-04-03 16:00:00, 0.0
268.0, 80.0, 12.2, 0.0, -5.2, 7.0, -2.2, -3.6, 239.0, 0.0, 0.0, 68.0, 2020-04-03 17:00:00, 0.0
304.0, 68.0, 9.5, 0.0, -7.9, 5.1, -2.8, -4.2, 264.0, 0.0, 0.0, 80.0, 2020-04-03 18:00:00, 0.0
286.0, 68.0, 7.0, 0.0, -8.6, 6.2, -3.6, -4.8, 268.0, 0.0, 0.0, 76.0, 2020-04-03 19:00:00, 0.0
263.0, 80.0, 5.1, 0.0, -7.1, 6.2, -4.2, -5.2, 304.0, 0.0, 0.0, 79.0, 2020-04-03 20:00:00, 0.0
305.0, 76.0, 6.2, 0.0, -8.4, 8.5, -4.8, -6.0, 286.0, 0.0, 0.0, 69.0, 2020-04-03 21:00:00, 0.0
315.0, 79.0, 6.2, 0.0, -8.3, 8.7, -5.2, -6.9, 263.0, 0.0, 0.0, 68.0, 2020-04-03 22:00:00, 0.0
329.0, 69.0, 8.5, 0.0, -10.8, 8.7, -6.0, -7.7, 305.0, 0.0, 0.0, 72.0, 2020-04-03 23:00:00, 0.0
326.0, 68.0, 8.7, 0.0, -11.8, 6.9, -6.9, -8.3, 315.0, 0.0, 0.0, 69.0, 2020-04-04 00:00:00, 0.0
324.0, 72.0, 8.7, 0.0, -11.9, 7.6, -7.7, -8.9, 329.0, 0.0, 0.0, 75.0, 2020-04-04 01:00:00, 0.0
330.0, 69.0, 6.9, 0.0, -13.0, 9.7, -8.3, -10.0, 326.0, 0.0, 0.0, 74.0, 2020-04-04 02:00:00, 0.0
351.0, 75.0, 7.6, 0.0, -12.5, 7.3, -8.9, -10.7, 324.0, 0.0, 0.0, 80.0, 2020-04-04 03:00:00, 0.0
15.0, 74.0, 9.7, 0.0, -13.8, 5.1, -10.0, -10.9, 330.0, 0.0, 0.0, 80.0, 2020-04-04 04:00:00, 0.0
359.0, 80.0, 7.3, 0.0, -13.5, 5.4, -10.7, -11.3, 351.0, 0.0, 0.0, 81.0, 2020-04-04 05:00:00, 0.0
24.0, 80.0, 5.1, 0.0, -13.7, 3.5, -10.9, -11.3, 15.0, 0.0, 0.0, 81.0, 2020-04-04 06:00:00, 0.0
248.0, 81.0, 5.4, 0.0, -13.9, 9.8, -11.3, -9.0, 359.0, 0.0, 0.0, 83.0, 2020-04-04 07:00:00, 0.0
213.0, 81.0, 3.5, 0.0, -13.9, 11.7, -11.3, -7.1, 24.0, 0.0, 0.0, 88.0, 2020-04-04 08:00:00, 0.0
212.0, 83.0, 9.8, 0.0, -11.4, 7.8, -9.0, -5.7, 248.0, 0.0, 0.0, 82.0, 2020-04-04 09:00:00, 0.0
197.0, 88.0, 11.7, 0.0, -8.7, 8.4, -7.1, -4.5, 213.0, 0.0, 0.0, 87.0, 2020-04-04 10:00:00, 0.0
195.0, 82.0, 7.8, 0.0, -8.3, 8.8, -5.7, -3.5, 212.0, 0.0, 0.0, 85.0, 2020-04-04 11:00:00, 0.0
193.0, 87.0, 8.4, 0.0, -6.3, 11.1, -4.5, -2.7, 197.0, 0.0, 0.0, 84.0, 2020-04-04 12:00:00, 0.0
185.0, 85.0, 8.8, 0.0, -5.7, 11.9, -3.5, -0.9, 195.0, 0.0, 0.0, 77.0, 2020-04-04 13:00:00, 0.0
202.0, 84.0, 11.1, 0.0, -5.0, 7.8, -2.7, -1.2, 193.0, 0.0, 0.0, 79.0, 2020-04-04 14:00:00, 0.0
215.0, 77.0, 11.9, 0.0, -4.4, 8.2, -0.9, -1.6, 185.0, 0.0, 0.0, 79.0, 2020-04-04 15:00:00, 0.0
233.0, 79.0, 7.8, 0.0, -4.4, 8.2, -1.2, -2.1, 202.0, 0.0, 0.0, 80.0, 2020-04-04 16:00:00, 0.0
125.0, 79.0, 8.2, 0.0, -4.8, 2.8, -1.6, -2.8, 215.0, 0.0, 0.0, 64.0, 2020-04-04 17:00:00, 0.0
23.0, 80.0, 8.2, 0.0, -5.1, 3.4, -2.1, -4.2, 233.0, 0.0, 0.0, 83.0, 2020-04-04 18:00:00, 0.0
29.0, 64.0, 2.8, 0.0, -8.7, 6.6, -2.8, -5.0, 125.0, 0.0, 0.0, 83.0, 2020-04-04 19:00:00, 0.0
21.0, 83.0, 3.4, 0.0, -6.7, 8.6, -4.2, -6.0, 23.0, 0.0, 0.0, 84.0, 2020-04-04 20:00:00, 0.0
22.0, 83.0, 6.6, 0.0, -7.4, 8.3, -5.0, -6.7, 29.0, 0.0, 0.0, 84.0, 2020-04-04 21:00:00, 0.0
19.0, 84.0, 8.6, 0.0, -8.3, 6.6, -6.0, -7.2, 21.0, 0.0, 0.0, 83.0, 2020-04-04 22:00:00, 0.0
15.0, 84.0, 8.3, 0.0, -8.9, 5.5, -6.7, -7.4, 22.0, 0.0, 0.0, 85.0, 2020-04-04 23:00:00, 0.0
23.0, 83.0, 6.6, 0.0, -9.6, 5.8, -7.2, -7.4, 19.0, 0.0, 0.0, 85.0, 2020-04-05 00:00:00, 0.0
23.0, 85.0, 5.5, 0.0, -9.5, 4.9, -7.4, -7.3, 15.0, 0.0, 0.0, 85.0, 2020-04-05 01:00:00, 0.0
32.0, 85.0, 5.8, 0.0, -9.5, 4.7, -7.4, -7.3, 23.0, 0.0, 0.0, 85.0, 2020-04-05 02:00:00, 0.0
10.0, 85.0, 4.9, 0.0, -9.4, 3.3, -7.3, -7.4, 23.0, 0.0, 0.0, 85.0, 2020-04-05 03:00:00, 0.0
15.0, 85.0, 4.7, 0.0, -9.4, 3.5, -7.3, -7.6, 32.0, 0.0, 0.0, 85.0, 2020-04-05 04:00:00, 0.0
60.0, 85.0, 3.3, 0.0, -9.5, 3.1, -7.4, -7.3, 10.0, 0.0, 0.0, 88.0, 2020-04-05 05:00:00, 0.0
218.0, 85.0, 3.5, 0.0, -9.7, 2.8, -7.6, -6.7, 15.0, 0.0, 0.0, 89.0, 2020-04-05 06:00:00, 0.0
237.0, 88.0, 3.1, 0.0, -8.9, 6.2, -7.3, -5.6, 60.0, 0.0, 0.0, 84.0, 2020-04-05 07:00:00, 0.0
216.0, 89.0, 2.8, 0.0, -8.2, 8.5, -6.7, -4.6, 218.0, 0.0, 0.0, 87.0, 2020-04-05 08:00:00, 0.0
189.0, 84.0, 6.2, 0.0, -7.9, 6.3, -5.6, -3.7, 237.0, 0.0, 0.0, 85.0, 2020-04-05 09:00:00, 0.0
195.0, 87.0, 8.5, 0.0, -6.4, 6.0, -4.6, -3.0, 216.0, 0.0, 0.0, 84.0, 2020-04-05 10:00:00, 0.0
204.0, 85.0, 6.3, 0.0, -5.9, 6.2, -3.7, -2.3, 189.0, 0.0, 0.0, 85.0, 2020-04-05 11:00:00, 0.0
200.0, 84.0, 6.0, 0.0, -5.3, 6.7, -3.0, -1.7, 195.0, 0.0, 0.0, 83.0, 2020-04-05 12:00:00, 0.0
202.0, 85.0, 6.2, 0.0, -4.5, 5.7, -2.3, -1.5, 204.0, 0.0, 0.0, 84.0, 2020-04-05 13:00:00, 0.0
257.0, 83.0, 6.7, 0.0, -4.2, 4.4, -1.7, -1.5, 200.0, 0.0, 0.0, 79.0, 2020-04-05 14:00:00, 0.0
245.0, 84.0, 5.7, 0.0, -3.8, 5.6, -1.5, -1.6, 202.0, 0.0, 0.0, 88.0, 2020-04-05 15:00:00, 0.0
240.0, 79.0, 4.4, 0.0, -4.7, 3.9, -1.5, -1.8, 257.0, 0.0, 0.0, 93.0, 2020-04-05 16:00:00, 0.0
146.0, 88.0, 5.6, 0.0, -3.3, 2.5, -1.6, -2.1, 245.0, 0.0, 0.0, 94.0, 2020-04-05 17:00:00, 0.0
101.0, 93.0, 3.9, 0.0, -2.8, 2.1, -1.8, -2.4, 240.0, 0.0, 0.0, 94.0, 2020-04-05 18:00:00, 0.0
289.0, 94.0, 2.5, 0.0, -2.9, 2.0, -2.1, -2.6, 146.0, 0.0, 0.0, 94.0, 2020-04-05 19:00:00, 0.0
324.0, 94.0, 2.1, 0.0, -3.2, 5.6, -2.4, -3.0, 101.0, 0.0, 0.0, 92.0, 2020-04-05 20:00:00, 0.0
28.0, 94.0, 2.0, 0.0, -3.4, 4.7, -2.6, -3.6, 289.0, 0.0, 0.0, 91.0, 2020-04-05 21:00:00, 0.0
355.0, 92.0, 5.6, 0.0, -4.1, 4.5, -3.0, -3.9, 324.0, 0.0, 0.0, 92.0, 2020-04-05 22:00:00, 0.0
332.0, 91.0, 4.7, 0.0, -4.9, 7.2, -3.6, -3.2, 28.0, 0.0, 0.0, 89.0, 2020-04-05 23:00:00, 0.0
349.0, 92.0, 4.5, 0.0, -5.0, 6.3, -3.9, -4.1, 355.0, 0.0, 0.0, 89.0, 2020-04-06 00:00:00, 0.0
320.0, 89.0, 7.2, 0.0, -4.8, 12.9, -3.2, -5.1, 332.0, 0.0, 0.0, 85.0, 2020-04-06 01:00:00, 0.0
340.0, 89.0, 6.3, 0.0, -5.6, 9.1, -4.1, -5.4, 349.0, 0.0, 0.0, 85.0, 2020-04-06 02:00:00, 0.0
354.0, 85.0, 12.9, 0.0, -7.2, 8.2, -5.1, -6.4, 320.0, 0.0, 0.0, 85.0, 2020-04-06 03:00:00, 0.0
28.0, 85.0, 9.1, 0.0, -7.5, 8.1, -5.4, -7.4, 340.0, 0.0, 0.0, 86.0, 2020-04-06 04:00:00, 0.0
27.0, 85.0, 8.2, 0.0, -8.5, 8.8, -6.4, -7.9, 354.0, 0.0, 0.0, 85.0, 2020-04-06 05:00:00, 0.0
12.0, 86.0, 8.1, 0.0, -9.3, 4.6, -7.4, -7.7, 28.0, 0.0, 0.0, 86.0, 2020-04-06 06:00:00, 0.0
172.0, 85.0, 8.8, 0.0, -10.0, 5.2, -7.9, -6.1, 27.0, 0.0, 0.0, 90.0, 2020-04-06 07:00:00, 0.0
207.0, 86.0, 4.6, 0.0, -9.6, 9.7, -7.7, -3.5, 12.0, 0.0, 0.0, 82.0, 2020-04-06 08:00:00, 0.0
198.0, None, None, 0.0, None, 7.1, None, -2.2, None, None, None, 79.0, 2020-04-06 09:00:00, None
228.0, 82.0, 9.7, 0.0, -6.1, 6.5, -3.5, -1.0, 207.0, 0.0, 0.0, 80.0, 2020-04-06 10:00:00, 0.0
204.0, 79.0, 7.1, 0.0, -5.3, 8.5, -2.2, -0.1, 198.0, 0.0, 0.0, 73.0, 2020-04-06 11:00:00, 0.0
183.0, 80.0, 6.5, 0.0, -4.0, 9.9, -1.0, 0.5, 228.0, 0.0, 0.0, 73.0, 2020-04-06 12:00:00, 0.0
169.0, 73.0, 8.5, 0.0, -4.4, 4.4, -0.1, 0.5, 204.0, 0.0, 0.0, 74.0, 2020-04-06 13:00:00, 0.0
186.0, 73.0, 9.9, 0.0, -3.8, 4.1, 0.5, 0.4, 183.0, 0.0, 0.0, 67.0, 2020-04-06 14:00:00, 0.0
352.0, 74.0, 4.4, 0.0, -3.6, 7.6, 0.5, 0.7, 169.0, 0.0, 0.0, 73.0, 2020-04-06 15:00:00, 0.0
321.0, 67.0, 4.1, 0.0, -5.0, 5.0, 0.4, 0.8, 186.0, 0.0, 0.0, 74.0, 2020-04-06 16:00:00, 0.0
38.0, 73.0, 7.6, 0.0, -3.6, 6.6, 0.7, 0.5, 352.0, 0.0, 0.0, 82.0, 2020-04-06 17:00:00, 0.0
13.0, 74.0, 5.0, 0.0, -3.3, 4.6, 0.8, -0.1, 321.0, 0.0, 0.0, 91.0, 2020-04-06 18:00:00, 0.0
57.0, 82.0, 6.6, 0.0, -2.2, 6.6, 0.5, -0.6, 38.0, 0.0, 0.0, 90.0, 2020-04-06 19:00:00, 0.0
7.0, 91.0, 4.6, 0.0, -1.4, 2.9, -0.1, -0.7, 13.0, 0.0, 0.0, 92.0, 2020-04-06 20:00:00, 0.0
8.0, 90.0, 6.6, 0.0, -2.0, 3.5, -0.6, -0.8, 57.0, 0.0, 0.0, 90.0, 2020-04-06 21:00:00, 0.0
62.0, 92.0, 2.9, 0.0, -1.8, 5.4, -0.7, -0.8, 7.0, 0.0, 0.0, 94.0, 2020-04-06 22:00:00, 0.0
344.0, 90.0, 3.5, 0.0, -2.2, 5.7, -0.8, -1.0, 8.0, 0.0, 0.0, 95.0, 2020-04-06 23:00:00, 0.0
27.0, 94.0, 5.4, 0.0, -1.6, 5.7, -0.8, -1.2, 62.0, 0.0, 0.0, 95.0, 2020-04-07 00:00:00, 0.0
325.0, 95.0, 5.7, 0.0, -1.7, 8.0, -1.0, -1.8, 344.0, 0.0, 0.0, 88.0, 2020-04-07 01:00:00, 0.0
320.0, 95.0, 5.7, 0.0, -1.9, 13.2, -1.2, -0.9, 27.0, 0.0, 0.0, 55.0, 2020-04-07 02:00:00, 0.0
318.0, 88.0, 8.0, 0.0, -3.5, 11.8, -1.8, -1.4, 325.0, 0.0, 0.0, 62.0, 2020-04-07 03:00:00, 0.0
332.0, 55.0, 13.2, 0.0, -8.8, 12.7, -0.9, -2.1, 320.0, 0.0, 0.0, 54.0, 2020-04-07 04:00:00, 0.0
316.0, 62.0, 11.8, 0.0, -7.7, 15.6, -1.4, -2.1, 318.0, 0.0, 0.0, 49.0, 2020-04-07 05:00:00, 0.0
327.0, 54.0, 12.7, 0.0, -10.2, 15.1, -2.1, -2.1, 332.0, 0.0, 0.0, 56.0, 2020-04-07 06:00:00, 0.0
327.0, 49.0, 15.6, 0.0, -11.4, 12.4, -2.1, -1.6, 316.0, 0.0, 0.0, 58.0, 2020-04-07 07:00:00, 0.0
308.0, 56.0, 15.1, 0.0, -9.7, 14.4, -2.1, -0.8, 327.0, 0.0, 0.0, 54.0, 2020-04-07 08:00:00, 0.0
296.0, 58.0, 12.4, 0.0, -8.8, 10.4, -1.6, -0.1, 327.0, 0.0, 0.0, 62.0, 2020-04-07 09:00:00, 0.0
248.0, 54.0, 14.4, 0.0, -8.9, 9.6, -0.8, 0.3, 308.0, 0.0, 0.0, 65.0, 2020-04-07 10:00:00, 0.0
239.0, 62.0, 10.4, 0.0, -6.5, 13.6, -0.1, 1.1, 296.0, 0.0, 0.0, 64.0, 2020-04-07 11:00:00, 0.0
255.0, 65.0, 9.6, 0.0, -5.5, 10.3, 0.3, 1.8, 248.0, 0.0, 0.0, 46.0, 2020-04-07 12:00:00, 0.0
270.0, 64.0, 13.6, 0.0, -4.9, 15.1, 1.1, 3.7, 239.0, 0.0, 0.0, 55.0, 2020-04-07 13:00:00, 0.0
288.0, 46.0, 10.3, 0.0, -8.6, 11.5, 1.8, 3.7, 255.0, 0.0, 0.0, 45.0, 2020-04-07 14:00:00, 0.0
257.0, 55.0, 15.1, 0.0, -4.5, 11.3, 3.7, 2.7, 270.0, 0.0, 0.0, 54.0, 2020-04-07 15:00:00, 0.0
227.0, 45.0, 11.5, 0.0, -7.1, 12.7, 3.7, 1.7, 288.0, 0.0, 0.0, 67.0, 2020-04-07 16:00:00, 0.0
284.0, 54.0, 11.3, 0.0, -5.7, 6.3, 2.7, 0.9, 257.0, 0.0, 0.0, 53.0, 2020-04-07 17:00:00, 0.0
347.0, 67.0, 12.7, 0.0, -3.8, 5.4, 1.7, -0.8, 227.0, 0.0, 0.0, 73.0, 2020-04-07 18:00:00, 0.0
356.0, 53.0, 6.3, 0.0, -7.6, 6.6, 0.9, -1.7, 284.0, 0.0, 0.0, 69.0, 2020-04-07 19:00:00, 0.0
312.0, 73.0, 5.4, 0.0, -5.0, 8.6, -0.8, -2.0, 347.0, 0.0, 0.0, 68.0, 2020-04-07 20:00:00, 0.0
322.0, 69.0, 6.6, 0.0, -6.6, 10.1, -1.7, -2.5, 356.0, 0.0, 0.0, 63.0, 2020-04-07 21:00:00, 0.0
321.0, 68.0, 8.6, 0.0, -7.1, 7.3, -2.0, -2.7, 312.0, 0.0, 0.0, 65.0, 2020-04-07 22:00:00, 0.0
300.0, 63.0, 10.1, 0.0, -8.6, 8.3, -2.5, -2.9, 322.0, 0.0, 0.0, 64.0, 2020-04-07 23:00:00, 0.0
325.0, 65.0, 7.3, 0.0, -8.4, 10.4, -2.7, -3.1, 321.0, 0.0, 0.0, 64.0, 2020-04-08 00:00:00, 0.0
328.0, 64.0, 8.3, 0.0, -8.8, 10.4, -2.9, -3.3, 300.0, 0.0, 0.0, 65.0, 2020-04-08 01:00:00, 0.0
341.0, 64.0, 10.4, 0.0, -8.9, 12.6, -3.1, -3.5, 325.0, 0.0, 0.0, 64.0, 2020-04-08 02:00:00, 0.0
331.0, 65.0, 10.4, 0.0, -8.9, 5.8, -3.3, -3.9, 328.0, 0.0, 0.0, 68.0, 2020-04-08 03:00:00, 0.0
82.0, 64.0, 12.6, 0.0, -9.3, 3.8, -3.5, -4.3, 341.0, 0.0, 0.0, 77.0, 2020-04-08 04:00:00, 0.0
57.0, 68.0, 5.8, 0.0, -8.9, 3.9, -3.9, -5.3, 331.0, 0.0, 0.0, 74.0, 2020-04-08 05:00:00, 0.0
25.0, 77.0, 3.8, 0.0, -7.7, 3.0, -4.3, -5.5, 82.0, 0.0, 0.0, 78.0, 2020-04-08 06:00:00, 0.0
88.0, 74.0, 3.9, 0.0, -9.2, 6.3, -5.3, -3.8, 57.0, 0.0, 0.0, 70.0, 2020-04-08 07:00:00, 0.0
181.0, 78.0, 3.0, 0.0, -8.7, 7.5, -5.5, -1.5, 25.0, 0.0, 0.0, 72.0, 2020-04-08 08:00:00, 0.0
211.0, 70.0, 6.3, 0.0, -8.5, 10.6, -3.8, 0.0, 88.0, 0.0, 0.0, 67.0, 2020-04-08 09:00:00, 0.0
254.0, 72.0, 7.5, 0.0, -5.9, 11.2, -1.5, 0.9, 181.0, 0.0, 0.0, 57.0, 2020-04-08 10:00:00, 0.0
247.0, 67.0, 10.6, 0.0, -5.4, 13.0, 0.0, 1.9, 211.0, 0.0, 0.0, 58.0, 2020-04-08 11:00:00, 0.0
228.0, 57.0, 11.2, 0.0, -6.7, 13.4, 0.9, 2.7, 254.0, 0.0, 0.0, 61.0, 2020-04-08 12:00:00, 0.0
231.0, 58.0, 13.0, 0.0, -5.5, 13.0, 1.9, 3.0, 247.0, 0.0, 0.0, 59.0, 2020-04-08 13:00:00, 0.0
228.0, 61.0, 13.4, 0.0, -4.1, 12.5, 2.7, 3.5, 228.0, 0.0, 0.0, 60.0, 2020-04-08 14:00:00, 0.0
242.0, 59.0, 13.0, 0.0, -4.2, 12.7, 3.0, 3.9, 231.0, 0.0, 0.0, 53.0, 2020-04-08 15:00:00, 0.0
267.0, 60.0, 12.5, 0.0, -3.5, 10.1, 3.5, 3.5, 228.0, 0.0, 0.0, 45.0, 2020-04-08 16:00:00, 0.0
321.0, 53.0, 12.7, 0.0, -4.8, 4.8, 3.9, 2.0, 242.0, 0.0, 0.0, 72.0, 2020-04-08 17:00:00, 0.0
17.0, 45.0, 10.1, 0.0, -7.3, 8.1, 3.5, -0.1, 267.0, 0.0, 0.0, 86.0, 2020-04-08 18:00:00, 0.0
24.0, 72.0, 4.8, 0.0, -2.5, 6.9, 2.0, -0.7, 321.0, 0.0, 0.0, 83.0, 2020-04-08 19:00:00, 0.0
28.0, 86.0, 8.1, 0.0, -2.2, 5.6, -0.1, -0.7, 17.0, 0.0, 0.0, 82.0, 2020-04-08 20:00:00, 0.0
28.0, 83.0, 6.9, 0.0, -3.2, 5.1, -0.7, -1.0, 24.0, 0.0, 0.0, 81.0, 2020-04-08 21:00:00, 0.0
14.0, 82.0, 5.6, 0.0, -3.4, 4.0, -0.7, -1.1, 28.0, 0.0, 0.0, 88.0, 2020-04-08 22:00:00, 0.0
23.0, 81.0, 5.1, 0.0, -3.8, 5.3, -1.0, -1.7, 28.0, 0.0, 0.0, 83.0, 2020-04-08 23:00:00, 0.0
84.0, 88.0, 4.0, 0.0, -2.8, 2.7, -1.1, -1.4, 14.0, 0.0, 0.0, 87.0, 2020-04-09 00:00:00, 0.0
118.0, 83.0, 5.3, 0.0, -4.2, 2.5, -1.7, -1.2, 23.0, 0.0, 0.0, 82.0, 2020-04-09 01:00:00, 0.0
51.0, 87.0, 2.7, 0.0, -3.3, 3.6, -1.4, -1.4, 84.0, 0.0, 0.0, 83.0, 2020-04-09 02:00:00, 0.0
70.0, 82.0, 2.5, 0.0, -3.9, 4.5, -1.2, -1.8, 118.0, 0.0, 0.0, 83.0, 2020-04-09 03:00:00, 0.0
96.0, 83.0, 3.6, 0.0, -3.9, 2.4, -1.4, -1.7, 51.0, 0.0, 0.0, 85.0, 2020-04-09 04:00:00, 0.0
342.0, 83.0, 4.5, 0.0, -4.3, 2.7, -1.8, -1.7, 70.0, 0.0, 0.0, 81.0, 2020-04-09 05:00:00, 0.0
133.0, 85.0, 2.4, 0.0, -3.9, 4.5, -1.7, -1.2, 96.0, 0.0, 0.0, 80.0, 2020-04-09 06:00:00, 0.0
166.0, 81.0, 2.7, 0.0, -4.5, 3.2, -1.7, -0.2, 342.0, 0.0, 0.0, 75.0, 2020-04-09 07:00:00, 0.0
142.0, 80.0, 4.5, 0.0, -4.2, 6.6, -1.2, 0.4, 133.0, 0.0, 0.0, 76.0, 2020-04-09 08:00:00, 0.0
160.0, 75.0, 3.2, 0.0, -4.1, 3.7, -0.2, 1.7, 166.0, 0.0, 0.0, 73.0, 2020-04-09 09:00:00, 0.0
156.0, 76.0, 6.6, 0.0, -3.3, 5.1, 0.4, 3.0, 142.0, 0.0, 0.0, 65.0, 2020-04-09 10:00:00, 0.0
170.0, 73.0, 3.7, 0.0, -2.6, 8.9, 1.7, 4.2, 160.0, 0.0, 0.0, 57.0, 2020-04-09 11:00:00, 0.0
190.0, 65.0, 5.1, 0.0, -2.9, 9.0, 3.0, 5.7, 156.0, 0.0, 0.0, 53.0, 2020-04-09 12:00:00, 0.0
165.0, 57.0, 8.9, 0.0, -3.6, 6.1, 4.2, 7.2, 170.0, 0.0, 0.0, 44.0, 2020-04-09 13:00:00, 0.0
147.0, 53.0, 9.0, 0.0, -3.1, 3.7, 5.7, 7.1, 190.0, 0.0, 0.0, 45.0, 2020-04-09 14:00:00, 0.0
192.0, 44.0, 6.1, 0.0, -4.2, 5.0, 7.2, 8.1, 165.0, 0.0, 0.0, 44.0, 2020-04-09 15:00:00, 0.0
12.0, 45.0, 3.7, 0.0, -4.0, 3.5, 7.1, 3.0, 147.0, 0.0, 0.0, 77.0, 2020-04-09 16:00:00, 0.0
21.0, 44.0, 5.0, 0.0, -3.4, 4.6, 8.1, 1.9, 192.0, 0.0, 0.0, 82.0, 2020-04-09 17:00:00, 0.0
31.0, 77.0, 3.5, 0.0, -0.6, 5.7, 3.0, 1.1, 12.0, 0.0, 0.0, 88.0, 2020-04-09 18:00:00, 0.0
3.0, 82.0, 4.6, 0.0, -0.8, 5.2, 1.9, 1.0, 21.0, 0.0, 0.0, 89.0, 2020-04-09 19:00:00, 0.0
357.0, 88.0, 5.7, 0.0, -0.7, 7.0, 1.1, 1.6, 31.0, 0.0, 0.0, 84.0, 2020-04-09 20:00:00, 0.0
1.0, 89.0, 5.2, 0.0, -0.6, 7.1, 1.0, 1.0, 3.0, 0.0, 0.0, 88.0, 2020-04-09 21:00:00, 0.0
13.0, 84.0, 7.0, 0.0, -0.8, 7.8, 1.6, 1.2, 357.0, 0.0, 0.0, 88.0, 2020-04-09 22:00:00, 0.0
42.0, 88.0, 7.1, 0.0, -0.8, 4.1, 1.0, 0.9, 1.0, 0.0, 0.0, 90.0, 2020-04-09 23:00:00, 0.0
305.0, 88.0, 7.8, 0.0, -0.6, 6.1, 1.2, 2.1, 13.0, 0.0, 0.0, 78.0, 2020-04-10 00:00:00, 0.0
24.0, 90.0, 4.1, 0.0, -0.6, 5.2, 0.9, 1.0, 42.0, 0.0, 0.0, 89.0, 2020-04-10 01:00:00, 0.0
7.0, 78.0, 6.1, 0.0, -1.3, 6.2, 2.1, 0.6, 305.0, 0.0, 0.0, 92.0, 2020-04-10 02:00:00, 0.0
19.0, 89.0, 5.2, 0.0, -0.6, 6.3, 1.0, 0.5, 24.0, 0.0, 0.0, 91.0, 2020-04-10 03:00:00, 0.0
2.0, 92.0, 6.2, 0.0, -0.5, 5.8, 0.6, 2.1, 7.0, 0.0, 0.0, 82.0, 2020-04-10 04:00:00, 0.0
320.0, 91.0, 6.3, 0.0, -0.8, 12.6, 0.5, 2.2, 19.0, 0.0, 0.0, 76.0, 2020-04-10 05:00:00, 0.0
312.0, 82.0, 5.8, 0.0, -0.6, 11.8, 2.1, 2.4, 2.0, 0.0, 0.0, 75.0, 2020-04-10 06:00:00, 0.0
284.0, 76.0, 12.6, 0.0, -1.6, 16.1, 2.2, 3.7, 320.0, 0.0, 0.0, 68.0, 2020-04-10 07:00:00, 0.0
268.0, 75.0, 11.8, 0.0, -1.6, 17.4, 2.4, 6.2, 312.0, 0.0, 0.0, 58.0, 2020-04-10 08:00:00, 0.0
267.0, 68.0, 16.1, 0.0, -1.7, 14.8, 3.7, 7.3, 284.0, 0.0, 0.0, 52.0, 2020-04-10 09:00:00, 0.0
252.0, 58.0, 17.4, 0.0, -1.4, 13.6, 6.2, 7.4, 268.0, 0.0, 0.0, 49.0, 2020-04-10 10:00:00, 0.0
236.0, 52.0, 14.8, 0.0, -1.9, 12.3, 7.3, 8.7, 267.0, 0.0, 0.0, 41.0, 2020-04-10 11:00:00, 0.0
267.0, 49.0, 13.6, 0.0, -2.6, 11.3, 7.4, 10.7, 252.0, 0.0, 0.0, 34.0, 2020-04-10 12:00:00, 0.0
288.0, 41.0, 12.3, 0.0, -3.8, 13.8, 8.7, 11.5, 236.0, 0.0, 0.0, 25.0, 2020-04-10 13:00:00, 0.0
231.0, 34.0, 11.3, 0.0, -4.5, 13.6, 10.7, 10.1, 267.0, 0.0, 0.0, 33.0, 2020-04-10 14:00:00, 0.0
256.0, 25.0, 13.8, 0.0, -7.8, 11.3, 11.5, 8.7, 288.0, 0.0, 0.0, 31.0, 2020-04-10 15:00:00, 0.0
234.0, 33.0, 13.6, 0.0, -5.4, 5.7, 10.1, 6.3, 231.0, 0.0, 0.0, 49.0, 2020-04-10 16:00:00, 0.0
290.0, 31.0, 11.3, 0.0, -7.5, 6.5, 8.7, 5.5, 256.0, 0.0, 0.0, 47.0, 2020-04-10 17:00:00, 0.0
318.0, 49.0, 5.7, 0.0, -3.6, 9.5, 6.3, 5.0, 234.0, 0.0, 0.0, 36.0, 2020-04-10 18:00:00, 0.0
301.0, 47.0, 6.5, 0.0, -4.9, 12.8, 5.5, 4.6, 290.0, 0.0, 0.0, 44.0, 2020-04-10 19:00:00, 0.0
322.0, 36.0, 9.5, 0.0, -8.8, 9.3, 5.0, 3.2, 318.0, 0.0, 0.0, 56.0, 2020-04-10 20:00:00, 0.0
325.0, 44.0, 12.8, 0.0, -6.6, 10.8, 4.6, 1.5, 301.0, 0.0, 0.0, 78.0, 2020-04-10 21:00:00, 0.0
316.0, 56.0, 9.3, 0.0, -4.7, 9.1, 3.2, 0.9, 322.0, 0.0, 0.0, 70.0, 2020-04-10 22:00:00, 0.0
292.0, 78.0, 10.8, 0.0, -1.9, 12.0, 1.5, 0.0, 325.0, 0.0, 0.0, 68.0, 2020-04-10 23:00:00, 0.0
311.0, 70.0, 9.1, 0.0, -3.9, 9.9, 0.9, -0.2, 316.0, 0.0, 0.0, 55.0, 2020-04-11 00:00:00, 0.0
306.0, 68.0, 12.0, 0.0, -5.2, 10.6, 0.0, -1.0, 292.0, 0.0, 0.0, 59.0, 2020-04-11 01:00:00, 0.0
297.0, 55.0, 9.9, 0.0, -8.1, 11.1, -0.2, -1.5, 311.0, 0.0, 0.0, 60.0, 2020-04-11 02:00:00, 0.0
325.0, 59.0, 10.6, 0.0, -8.0, 10.8, -1.0, -2.3, 306.0, 0.0, 0.0, 61.0, 2020-04-11 03:00:00, 0.0
345.0, 60.0, 11.1, 0.0, -8.3, 9.7, -1.5, -2.7, 297.0, 0.0, 0.0, 48.0, 2020-04-11 04:00:00, 0.0
1.0, 61.0, 10.8, 0.0, -8.8, 11.5, -2.3, -2.7, 325.0, 0.0, 0.0, 41.0, 2020-04-11 05:00:00, 0.0
102.0, 48.0, 9.7, 0.0, -12.2, 8.1, -2.7, -2.0, 345.0, 0.0, 0.0, 39.0, 2020-04-11 06:00:00, 0.0
179.0, 41.0, 11.5, 0.0, -14.1, 9.5, -2.7, 1.4, 1.0, 0.0, 0.0, 44.0, 2020-04-11 07:00:00, 0.0
140.0, 39.0, 8.1, 0.0, -14.1, 11.1, -2.0, 2.7, 102.0, 0.0, 0.0, 27.0, 2020-04-11 08:00:00, 0.0
229.0, 44.0, 9.5, 0.0, -9.5, 15.4, 1.4, 1.7, 179.0, 0.0, 0.0, 28.0, 2020-04-11 09:00:00, 0.0
309.0, 27.0, 11.1, 0.0, -14.4, 9.0, 2.7, 0.7, 140.0, 0.0, 0.0, 31.0, 2020-04-11 10:00:00, 0.0
243.0, 28.0, 15.4, 0.0, -14.9, 18.2, 1.7, 2.2, 229.0, 0.0, 0.0, 29.0, 2020-04-11 11:00:00, 0.0
230.0, 31.0, 9.0, 0.0, -14.5, 21.3, 0.7, 2.8, 309.0, 0.0, 0.0, 33.0, 2020-04-11 12:00:00, 0.0
234.0, 29.0, 18.2, 0.0, -14.0, 18.2, 2.2, 3.5, 243.0, 0.0, 0.0, 29.0, 2020-04-11 13:00:00, 0.0
225.0, 33.0, 21.3, 0.0, -11.9, 17.4, 2.8, 3.5, 230.0, 0.0, 0.0, 27.0, 2020-04-11 14:00:00, 0.0
236.0, 29.0, 18.2, 0.0, -12.9, 14.4, 3.5, 3.3, 234.0, 0.0, 0.0, 32.0, 2020-04-11 15:00:00, 0.0
229.0, 27.0, 17.4, 0.0, -13.8, 12.1, 3.5, 1.8, 225.0, 0.0, 0.0, 32.0, 2020-04-11 16:00:00, 0.0
248.0, 32.0, 14.4, 0.0, -11.8, 8.7, 3.3, 0.0, 236.0, 0.0, 0.0, 29.0, 2020-04-11 17:00:00, 0.0
351.0, 32.0, 12.1, 0.0, -13.2, 7.0, 1.8, -2.8, 229.0, 0.0, 0.0, 45.0, 2020-04-11 18:00:00, 0.0
352.0, 29.0, 8.7, 0.0, -15.9, 8.2, 0.0, -4.0, 248.0, 0.0, 0.0, 49.0, 2020-04-11 19:00:00, 0.0
13.0, 45.0, 7.0, 0.0, -13.1, 6.3, -2.8, -4.6, 351.0, 0.0, 0.0, 59.0, 2020-04-11 20:00:00, 0.0
13.0, 49.0, 8.2, 0.0, -13.1, 5.7, -4.0, -4.9, 352.0, 0.0, 0.0, 60.0, 2020-04-11 21:00:00, 0.0
15.0, 59.0, 6.3, 0.0, -11.4, 5.7, -4.6, -5.6, 13.0, 0.0, 0.0, 63.0, 2020-04-11 22:00:00, 0.0
26.0, 60.0, 5.7, 0.0, -11.5, 8.0, -4.9, -6.4, 13.0, 0.0, 0.0, 64.0, 2020-04-11 23:00:00, 0.0
37.0, 63.0, 5.7, 0.0, -11.5, 6.9, -5.6, -6.6, 15.0, 0.0, 0.0, 61.0, 2020-04-12 00:00:00, 0.0
12.0, 64.0, 8.0, 0.0, -12.1, 6.9, -6.4, -6.9, 26.0, 0.0, 0.0, 63.0, 2020-04-12 01:00:00, 0.0
349.0, 61.0, 6.9, 0.0, -12.9, 6.8, -6.6, -7.4, 37.0, 0.0, 0.0, 58.0, 2020-04-12 02:00:00, 0.0
25.0, 63.0, 6.9, 0.0, -12.8, 5.4, -6.9, -7.6, 12.0, 0.0, 0.0, 64.0, 2020-04-12 03:00:00, 0.0
331.0, 58.0, 6.8, 0.0, -14.2, 7.3, -7.4, -6.7, 349.0, 0.0, 0.0, 47.0, 2020-04-12 04:00:00, 0.0
359.0, 64.0, 5.4, 0.0, -13.2, 6.4, -7.6, -6.8, 25.0, 0.0, 0.0, 61.0, 2020-04-12 05:00:00, 0.0
177.0, 47.0, 7.3, 0.0, -16.1, 4.5, -6.7, -4.9, 331.0, 0.0, 0.0, 47.0, 2020-04-12 06:00:00, 0.0
226.0, 61.0, 6.4, 0.0, -13.1, 8.2, -6.8, -0.9, 359.0, 0.0, 0.0, 42.0, 2020-04-12 07:00:00, 0.0
245.0, 47.0, 4.5, 0.0, -14.5, 12.4, -4.9, -0.8, 177.0, 0.0, 0.0, 33.0, 2020-04-12 08:00:00, 0.0
238.0, 42.0, 8.2, 0.0, -12.2, 15.7, -0.9, 1.0, 226.0, 0.0, 0.0, 36.0, 2020-04-12 09:00:00, 0.0
248.0, 33.0, 12.4, 0.0, -15.1, 17.1, -0.8, 0.8, 245.0, 0.0, 0.0, 39.0, 2020-04-12 10:00:00, 0.0
228.0, 36.0, 15.7, 0.0, -12.4, 21.7, 1.0, 1.8, 238.0, 0.0, 0.0, 40.0, 2020-04-12 11:00:00, 0.0
229.0, 39.0, 17.1, 0.0, -11.6, 19.8, 0.8, 3.4, 248.0, 0.0, 0.0, 36.0, 2020-04-12 12:00:00, 0.0
232.0, 40.0, 21.7, 0.0, -10.4, 19.1, 1.8, 3.7, 228.0, 0.0, 0.0, 33.0, 2020-04-12 13:00:00, 0.0
233.0, 36.0, 19.8, 0.0, -10.3, 16.4, 3.4, 4.2, 229.0, 0.0, 0.0, 33.0, 2020-04-12 14:00:00, 0.0
243.0, 33.0, 19.1, 0.0, -11.1, 14.0, 3.7, 2.8, 232.0, 0.0, 0.0, 30.0, 2020-04-12 15:00:00, 0.0
247.0, 33.0, 16.4, 0.0, -10.6, 9.2, 4.2, 1.8, 233.0, 0.0, 0.0, 28.0, 2020-04-12 16:00:00, 0.0
258.0, 30.0, 14.0, 0.0, -13.1, 10.8, 2.8, 1.0, 243.0, 0.0, 0.0, 28.0, 2020-04-12 17:00:00, 0.0
6.0, 28.0, 9.2, 0.0, -14.8, 7.4, 1.8, -2.1, 247.0, 0.0, 0.0, 51.0, 2020-04-12 18:00:00, 0.0
18.0, 28.0, 10.8, 0.0, -15.5, 8.2, 1.0, -3.4, 258.0, 0.0, 0.0, 59.0, 2020-04-12 19:00:00, 0.0
14.0, 51.0, 7.4, 0.0, -10.9, 7.7, -2.1, -3.8, 6.0, 0.0, 0.0, 64.0, 2020-04-12 20:00:00, 0.0
6.0, 59.0, 8.2, 0.0, -10.3, 6.6, -3.4, -4.5, 18.0, 0.0, 0.0, 63.0, 2020-04-12 21:00:00, 0.0
13.0, 64.0, 7.7, 0.0, -9.6, 6.1, -3.8, -5.1, 14.0, 0.0, 0.0, 62.0, 2020-04-12 22:00:00, 0.0
18.0, 63.0, 6.6, 0.0, -10.5, 6.5, -4.5, -5.7, 6.0, 0.0, 0.0, 61.0, 2020-04-12 23:00:00, 0.0
324.0, 62.0, 6.1, 0.0, -11.2, 7.3, -5.1, -5.0, 13.0, 0.0, 0.0, 64.0, 2020-04-13 00:00:00, 0.0
10.0, 61.0, 6.5, 0.0, -12.0, 4.0, -5.7, -6.3, 18.0, 0.0, 0.0, 69.0, 2020-04-13 01:00:00, 0.0
11.0, 64.0, 7.3, 0.0, -10.8, 5.1, -5.0, -7.1, 324.0, 0.0, 0.0, 68.0, 2020-04-13 02:00:00, 0.0
324.0, 69.0, 4.0, 0.0, -11.1, 6.3, -6.3, -6.0, 10.0, 0.0, 0.0, 57.0, 2020-04-13 03:00:00, 0.0
324.0, 68.0, 5.1, 0.0, -12.0, 7.5, -7.1, -6.1, 11.0, 0.0, 0.0, 58.0, 2020-04-13 04:00:00, 0.0
307.0, 57.0, 6.3, 0.0, -13.1, 6.9, -6.0, -5.8, 324.0, 0.0, 0.0, 57.0, 2020-04-13 05:00:00, 0.0
46.0, 58.0, 7.5, 0.0, -13.0, 4.3, -6.1, -4.5, 324.0, 0.0, 0.0, 53.0, 2020-04-13 06:00:00, 0.0
172.0, 57.0, 6.9, 0.0, -13.0, 6.0, -5.8, -0.7, 307.0, 0.0, 0.0, 46.0, 2020-04-13 07:00:00, 0.0
162.0, 53.0, 4.3, 0.0, -12.6, 7.1, -4.5, 1.7, 46.0, 0.0, 0.0, 43.0, 2020-04-13 08:00:00, 0.0
238.0, 46.0, 6.0, 0.0, -10.9, 12.1, -0.7, 3.1, 172.0, 0.0, 0.0, 38.0, 2020-04-13 09:00:00, 0.0
243.0, 43.0, 7.1, 0.0, -9.5, 14.5, 1.7, 3.9, 162.0, 0.0, 0.0, 38.0, 2020-04-13 10:00:00, 0.0
228.0, 38.0, 12.1, 0.0, -9.8, 14.0, 3.1, 5.3, 238.0, 0.0, 0.0, 36.0, 2020-04-13 11:00:00, 0.0
230.0, 38.0, 14.5, 0.0, -9.1, 16.9, 3.9, 6.6, 243.0, 0.0, 0.0, 27.0, 2020-04-13 12:00:00, 0.0
239.0, 36.0, 14.0, 0.0, -8.6, 15.0, 5.3, 6.8, 228.0, 0.0, 0.0, 26.0, 2020-04-13 13:00:00, 0.0
224.0, 27.0, 16.9, 0.0, -11.1, 12.7, 6.6, 6.2, 230.0, 0.0, 0.0, 29.0, 2020-04-13 14:00:00, 0.0
239.0, 26.0, 15.0, 0.0, -11.4, 7.1, 6.8, 6.8, 239.0, 0.0, 0.0, 28.0, 2020-04-13 15:00:00, 0.0
93.0, 29.0, 12.7, 0.0, -10.5, 2.5, 6.2, 5.0, 224.0, 0.0, 0.0, 55.0, 2020-04-13 16:00:00, 0.0
353.0, 28.0, 7.1, 0.0, -10.4, 5.0, 6.8, 3.2, 239.0, 0.0, 0.0, 62.0, 2020-04-13 17:00:00, 0.0
333.0, 55.0, 2.5, 0.0, -3.3, 6.6, 5.0, 2.1, 93.0, 0.0, 0.0, 62.0, 2020-04-13 18:00:00, 0.0
334.0, 62.0, 5.0, 0.0, -3.4, 5.0, 3.2, 1.9, 353.0, 0.0, 0.0, 64.0, 2020-04-13 19:00:00, 0.0
23.0, 62.0, 6.6, 0.0, -4.4, 4.5, 2.1, 1.5, 333.0, 0.0, 0.0, 75.0, 2020-04-13 20:00:00, 0.0
16.0, 64.0, 5.0, 0.0, -4.2, 4.6, 1.9, 1.4, 334.0, 0.0, 0.0, 73.0, 2020-04-13 21:00:00, 0.0
330.0, 75.0, 4.5, 0.0, -2.4, 6.8, 1.5, 1.9, 23.0, 0.0, 0.0, 76.0, 2020-04-13 22:00:00, 0.0
96.0, 73.0, 4.6, 0.0, -2.9, 5.6, 1.4, 1.0, 16.0, 0.0, 0.0, 79.0, 2020-04-13 23:00:00, 0.0
314.0, 76.0, 6.8, 0.0, -1.9, 2.9, 1.9, 0.4, 330.0, 0.0, 0.0, 86.0, 2020-04-14 00:00:00, 0.0
329.0, 79.0, 5.6, 0.0, -2.2, 4.1, 1.0, 0.3, 96.0, 0.0, 0.0, 84.0, 2020-04-14 01:00:00, 0.0
94.0, 86.0, 2.9, 0.0, -1.7, 2.6, 0.4, 0.1, 314.0, 0.0, 0.0, 88.0, 2020-04-14 02:00:00, 0.0
289.0, 84.0, 4.1, 0.0, -2.1, 3.8, 0.3, 0.6, 329.0, 0.0, 0.0, 82.0, 2020-04-14 03:00:00, 0.0
93.0, 88.0, 2.6, 0.0, -1.6, 4.4, 0.1, 0.6, 94.0, 0.0, 0.0, 80.0, 2020-04-14 04:00:00, 0.0
91.0, 82.0, 3.8, 0.0, -2.1, 2.9, 0.6, 0.3, 289.0, 0.0, 0.0, 85.0, 2020-04-14 05:00:00, 0.0
128.0, 80.0, 4.4, 0.0, -2.4, 3.6, 0.6, 0.9, 93.0, 0.0, 0.0, 80.0, 2020-04-14 06:00:00, 0.0
170.0, 85.0, 2.9, 0.0, -1.9, 2.7, 0.3, 1.6, 91.0, 0.0, 0.0, 79.0, 2020-04-14 07:00:00, 0.0
174.0, 80.0, 3.6, 0.0, -2.2, 3.3, 0.9, 2.3, 128.0, 0.0, 0.0, 74.0, 2020-04-14 08:00:00, 0.0
179.0, 79.0, 2.7, 0.0, -1.6, 4.0, 1.6, 3.1, 170.0, 0.0, 0.0, 72.0, 2020-04-14 09:00:00, 0.0
190.0, 74.0, 3.3, 0.0, -1.9, 4.9, 2.3, 3.9, 174.0, 0.0, 0.0, 68.0, 2020-04-14 10:00:00, 0.0
188.0, 72.0, 4.0, 0.0, -1.5, 5.9, 3.1, 4.8, 179.0, 0.0, 0.0, 63.0, 2020-04-14 11:00:00, 0.0
174.0, 68.0, 4.9, 0.0, -1.5, 7.1, 3.9, 6.9, 190.0, 0.0, 0.0, 55.0, 2020-04-14 12:00:00, 0.0
182.0, 63.0, 5.9, 0.0, -1.6, 5.1, 4.8, 6.1, 188.0, 0.0, 0.0, 57.0, 2020-04-14 13:00:00, 0.0
234.0, 55.0, 7.1, 0.0, -1.5, 9.9, 6.9, 7.2, 174.0, 0.0, 0.0, 55.0, 2020-04-14 14:00:00, 0.0
272.0, 57.0, 5.1, 0.0, -1.8, 9.7, 6.1, 6.6, 182.0, 0.0, 0.0, 58.0, 2020-04-14 15:00:00, 0.0
294.0, 55.0, 9.9, 0.0, -1.2, 8.5, 7.2, 5.4, 234.0, 0.0, 0.0, 69.0, 2020-04-14 16:00:00, 0.0
313.0, 58.0, 9.7, 0.0, -1.1, 7.3, 6.6, 4.3, 272.0, 0.0, 0.0, 75.0, 2020-04-14 17:00:00, 0.0
297.0, 69.0, 8.5, 0.0, 0.2, 11.1, 5.4, 3.3, 294.0, 0.0, 0.0, 90.0, 2020-04-14 18:00:00, 0.0
302.0, 75.0, 7.3, 0.0, 0.3, 11.2, 4.3, 2.3, 313.0, 0.0, 0.0, 93.0, 2020-04-14 19:00:00, 0.0
305.0, 90.0, 11.1, 0.0, 1.8, 12.6, 3.3, 3.2, 297.0, 0.0, 0.0, 86.0, 2020-04-14 20:00:00, 0.0
322.0, 93.0, 11.2, 0.0, 1.3, 7.3, 2.3, 2.0, 302.0, 0.0, 0.0, 89.0, 2020-04-14 21:00:00, 0.0
332.0, 86.0, 12.6, 0.0, 1.1, 10.3, 3.2, 2.5, 305.0, 0.0, 0.0, 77.0, 2020-04-14 22:00:00, 0.0
358.0, 89.0, 7.3, 0.0, 0.4, 10.2, 2.0, 2.3, 322.0, 0.0, 0.0, 70.0, 2020-04-14 23:00:00, 0.0
344.0, 77.0, 10.3, 0.0, -1.1, 10.2, 2.5, 1.5, 332.0, 0.0, 0.0, 81.0, 2020-04-15 00:00:00, 0.0
6.0, 70.0, 10.2, 0.0, -2.6, 6.6, 2.3, -0.8, 358.0, 0.0, 0.0, 89.0, 2020-04-15 01:00:00, 0.0
52.0, 81.0, 10.2, 0.0, -1.4, 6.7, 1.5, -0.9, 344.0, 0.0, 0.0, 84.0, 2020-04-15 02:00:00, 0.0
28.0, 89.0, 6.6, 0.0, -2.4, 5.4, -0.8, -1.2, 6.0, 0.0, 0.0, 81.0, 2020-04-15 03:00:00, 0.0
327.0, 84.0, 6.7, 0.0, -3.3, 9.2, -0.9, 0.1, 52.0, 0.0, 0.0, 66.0, 2020-04-15 04:00:00, 0.0
312.0, 81.0, 5.4, 0.0, -4.0, 13.6, -1.2, 1.1, 28.0, 0.0, 0.0, 67.0, 2020-04-15 05:00:00, 0.0
304.0, 66.0, 9.2, 0.0, -5.5, 12.2, 0.1, 2.3, 327.0, 0.0, 0.0, 57.0, 2020-04-15 06:00:00, 0.0
301.0, 67.0, 13.6, 0.0, -4.3, 8.4, 1.1, 3.5, 312.0, 0.0, 0.0, 55.0, 2020-04-15 07:00:00, 0.0
253.0, None, None, 0.0, None, 14.2, None, 4.9, None, None, None, 55.0, 2020-04-15 08:00:00, None
247.0, 55.0, 8.4, 0.0, -4.7, 16.2, 3.5, 5.6, 301.0, 0.0, 0.0, 45.0, 2020-04-15 09:00:00, 0.0
266.0, 55.0, 14.2, 0.0, -3.4, 14.2, 4.9, 4.9, 253.0, 0.0, 0.0, 42.0, 2020-04-15 10:00:00, 0.0
232.0, 45.0, 16.2, 0.0, -5.4, 15.7, 5.6, 5.3, 247.0, 0.0, 0.0, 35.0, 2020-04-15 11:00:00, 0.0
243.0, 42.0, 14.2, 0.0, -6.9, 13.5, 4.9, 6.5, 266.0, 0.0, 0.0, 36.0, 2020-04-15 12:00:00, 0.0
229.0, 35.0, 15.7, 0.0, -8.9, 15.8, 5.3, 8.6, 232.0, 0.0, 0.0, 27.0, 2020-04-15 13:00:00, 0.0
242.0, 36.0, 13.5, 0.0, -7.5, 10.7, 6.5, 8.0, 243.0, 0.0, 0.0, 28.0, 2020-04-15 14:00:00, 0.0
50.0, 27.0, 15.8, 0.0, -9.3, 7.0, 8.6, 6.5, 229.0, 0.0, 0.0, 26.0, 2020-04-15 15:00:00, 0.0
253.0, 28.0, 10.7, 0.0, -9.4, 10.4, 8.0, 6.3, 242.0, 0.0, 0.0, 31.0, 2020-04-15 16:00:00, 0.0
293.0, 26.0, 7.0, 0.0, -11.6, 5.7, 6.5, 4.9, 50.0, 0.0, 0.0, 49.0, 2020-04-15 17:00:00, 0.0
14.0, 31.0, 10.4, 0.0, -9.6, 7.0, 6.3, 0.5, 253.0, 0.0, 0.0, 72.0, 2020-04-15 18:00:00, 0.0
2.0, 49.0, 5.7, 0.0, -4.9, 7.6, 4.9, -0.5, 293.0, 0.0, 0.0, 73.0, 2020-04-15 19:00:00, 0.0
24.0, 72.0, 7.0, 0.0, -4.0, 10.3, 0.5, -0.9, 14.0, 0.0, 0.0, 67.0, 2020-04-15 20:00:00, 0.0
18.0, 73.0, 7.6, 0.0, -4.7, 8.7, -0.5, -1.3, 2.0, 0.0, 0.0, 67.0, 2020-04-15 21:00:00, 0.0
18.0, 67.0, 10.3, 0.0, -6.3, 7.7, -0.9, -1.9, 24.0, 0.0, 0.0, 70.0, 2020-04-15 22:00:00, 0.0
21.0, 67.0, 8.7, 0.0, -6.6, 9.5, -1.3, -2.2, 18.0, 0.0, 0.0, 64.0, 2020-04-15 23:00:00, 0.0
24.0, 70.0, 7.7, 0.0, -6.6, 5.8, -1.9, -2.7, 18.0, 0.0, 0.0, 66.0, 2020-04-16 00:00:00, 0.0
20.0, 64.0, 9.5, 0.0, -8.1, 5.4, -2.2, -3.5, 21.0, 0.0, 0.0, 73.0, 2020-04-16 01:00:00, 0.0
21.0, 66.0, 5.8, 0.0, -8.2, 6.6, -2.7, -3.6, 24.0, 0.0, 0.0, 70.0, 2020-04-16 02:00:00, 0.0
32.0, 73.0, 5.4, 0.0, -7.6, 5.3, -3.5, -4.1, 20.0, 0.0, 0.0, 73.0, 2020-04-16 03:00:00, 0.0
24.0, 70.0, 6.6, 0.0, -8.3, 4.2, -3.6, -4.6, 21.0, 0.0, 0.0, 73.0, 2020-04-16 04:00:00, 0.0
19.0, 73.0, 5.3, 0.0, -8.2, 4.2, -4.1, -4.5, 32.0, 0.0, 0.0, 76.0, 2020-04-16 05:00:00, 0.0
135.0, 73.0, 4.2, 0.0, -8.7, 4.0, -4.6, -1.2, 24.0, 0.0, 0.0, 56.0, 2020-04-16 06:00:00, 0.0
145.0, 76.0, 4.2, 0.0, -8.1, 6.0, -4.5, 2.2, 19.0, 0.0, 0.0, 53.0, 2020-04-16 07:00:00, 0.0
149.0, 56.0, 4.0, 0.0, -8.9, 6.4, -1.2, 4.0, 135.0, 0.0, 0.0, 43.0, 2020-04-16 08:00:00, 0.0
174.0, 53.0, 6.0, 0.0, -6.4, 8.4, 2.2, 4.8, 145.0, 0.0, 0.0, 37.0, 2020-04-16 09:00:00, 0.0
185.0, 43.0, 6.4, 0.0, -7.4, 9.3, 4.0, 6.1, 149.0, 0.0, 0.0, 31.0, 2020-04-16 10:00:00, 0.0
176.0, 37.0, 8.4, 0.0, -8.7, 6.8, 4.8, 7.8, 174.0, 0.0, 0.0, 30.0, 2020-04-16 11:00:00, 0.0
204.0, 31.0, 9.3, 0.0, -9.8, 10.8, 6.1, 8.7, 185.0, 0.0, 0.0, 29.0, 2020-04-16 12:00:00, 0.0
215.0, 30.0, 6.8, 0.0, -8.7, 10.3, 7.8, 10.1, 176.0, 0.0, 0.0, 31.0, 2020-04-16 13:00:00, 0.0
206.0, 29.0, 10.8, 0.0, -8.3, 7.3, 8.7, 11.5, 204.0, 0.0, 0.0, 26.0, 2020-04-16 14:00:00, 0.0
202.0, 31.0, 10.3, 0.0, -6.3, 8.0, 10.1, 11.3, 215.0, 0.0, 0.0, 23.0, 2020-04-16 15:00:00, 0.0
212.0, 26.0, 7.3, 0.0, -7.3, 5.0, 11.5, 11.3, 206.0, 0.0, 0.0, 24.0, 2020-04-16 16:00:00, 0.0
26.0, 23.0, 8.0, 0.0, -9.1, 5.0, 11.3, 3.6, 202.0, 0.0, 0.0, 63.0, 2020-04-16 17:00:00, 0.0
20.0, 24.0, 5.0, 0.0, -8.5, 6.9, 11.3, 1.7, 212.0, 0.0, 0.0, 74.0, 2020-04-16 18:00:00, 0.0
14.0, 63.0, 5.0, 0.0, -2.8, 7.8, 3.6, 1.2, 26.0, 0.0, 0.0, 72.0, 2020-04-16 19:00:00, 0.0
22.0, 74.0, 6.9, 0.0, -2.4, 6.5, 1.7, 1.0, 20.0, 0.0, 0.0, 76.0, 2020-04-16 20:00:00, 0.0
24.0, 72.0, 7.8, 0.0, -3.3, 5.9, 1.2, 0.7, 14.0, 0.0, 0.0, 76.0, 2020-04-16 21:00:00, 0.0
27.0, 76.0, 6.5, 0.0, -2.8, 4.4, 1.0, 0.9, 22.0, 0.0, 0.0, 77.0, 2020-04-16 22:00:00, 0.0
6.0, 76.0, 5.9, 0.0, -3.0, 3.5, 0.7, 0.8, 24.0, 0.0, 0.0, 81.0, 2020-04-16 23:00:00, 0.0
112.0, 77.0, 4.4, 0.0, -2.7, 3.7, 0.9, 1.2, 27.0, 0.0, 0.0, 73.0, 2020-04-17 00:00:00, 0.0
38.0, 81.0, 3.5, 0.0, -2.1, 3.5, 0.8, 0.9, 6.0, 0.0, 0.0, 78.0, 2020-04-17 01:00:00, 0.0
61.0, 73.0, 3.7, 0.0, -3.1, 4.1, 1.2, 1.0, 112.0, 0.0, 0.0, 78.0, 2020-04-17 02:00:00, 0.0
66.0, 78.0, 3.5, 0.0, -2.5, 5.7, 0.9, 0.9, 38.0, 0.0, 0.0, 73.0, 2020-04-17 03:00:00, 0.0
73.0, 78.0, 4.1, 0.0, -2.4, 4.4, 1.0, 0.8, 61.0, 0.0, 0.0, 72.0, 2020-04-17 04:00:00, 0.0
136.0, 73.0, 5.7, 0.0, -3.4, 3.6, 0.9, 0.9, 66.0, 0.0, 0.0, 67.0, 2020-04-17 05:00:00, 0.0
118.0, 72.0, 4.4, 0.0, -3.7, 4.7, 0.8, 1.3, 73.0, 0.0, 0.0, 62.0, 2020-04-17 06:00:00, 0.0
77.0, 67.0, 3.6, 0.0, -4.5, 8.4, 0.9, 2.4, 136.0, 0.0, 0.0, 78.0, 2020-04-17 07:00:00, 0.0
123.0, 62.0, 4.7, 0.0, -5.2, 3.7, 1.3, 2.6, 118.0, 0.0, 0.0, 84.0, 2020-04-17 08:00:00, 0.0
148.0, 78.0, 8.4, 0.0, -1.0, 3.7, 2.4, 2.3, 77.0, 0.0, 0.0, 88.0, 2020-04-17 09:00:00, 0.0
156.0, None, None, 0.0, None, 5.9, None, 3.3, None, None, None, 86.0, 2020-04-17 10:00:00, None
186.0, 88.0, 3.7, 0.0, 0.5, 6.2, 2.3, 4.1, 148.0, 0.0, 0.0, 82.0, 2020-04-17 11:00:00, 0.0
195.0, 86.0, 5.9, 0.0, 1.2, 5.8, 3.3, 6.2, 156.0, 0.0, 0.0, 69.0, 2020-04-17 12:00:00, 0.0
214.0, 82.0, 6.2, 0.0, 1.3, 5.4, 4.1, 6.0, 186.0, 0.0, 0.0, 65.0, 2020-04-17 13:00:00, 0.0
221.0, 69.0, 5.8, 0.0, 0.9, 6.9, 6.2, 6.5, 195.0, 0.0, 0.0, 66.0, 2020-04-17 14:00:00, 0.0
221.0, 65.0, 5.4, 0.0, -0.1, 6.2, 6.0, 6.0, 214.0, 0.0, 0.0, 68.0, 2020-04-17 15:00:00, 0.0
238.0, 66.0, 6.9, 0.0, 0.6, 4.3, 6.5, 5.8, 221.0, 0.0, 0.0, 71.0, 2020-04-17 16:00:00, 0.0
69.0, 68.0, 6.2, 0.0, 0.5, 3.0, 6.0, 3.0, 221.0, 0.0, 0.0, 83.0, 2020-04-17 17:00:00, 0.0
31.0, 71.0, 4.3, 0.0, 1.0, 3.9, 5.8, 1.7, 238.0, 0.0, 0.0, 90.0, 2020-04-17 18:00:00, 0.0
30.0, 83.0, 3.0, 0.0, 0.4, 5.8, 3.0, 1.1, 69.0, 0.0, 0.0, 94.0, 2020-04-17 19:00:00, 0.0
23.0, 90.0, 3.9, 0.0, 0.2, 5.9, 1.7, 0.8, 31.0, 0.0, 0.0, 94.0, 2020-04-17 20:00:00, 0.0
32.0, 94.0, 5.8, 0.0, 0.2, 4.8, 1.1, 0.8, 30.0, 0.0, 0.0, 94.0, 2020-04-17 21:00:00, 0.0
30.0, 94.0, 5.9, 0.0, -0.1, 4.6, 0.8, 0.7, 23.0, 0.0, 0.0, 93.0, 2020-04-17 22:00:00, 0.0
45.0, 94.0, 4.8, 0.0, -0.1, 3.6, 0.8, 0.7, 32.0, 0.0, 0.0, 94.0, 2020-04-17 23:00:00, 0.0
349.0, 93.0, 4.6, 0.0, -0.3, 4.7, 0.7, 1.6, 30.0, 0.0, 0.0, 90.0, 2020-04-18 00:00:00, 0.0
8.0, 94.0, 3.6, 0.0, -0.2, 3.8, 0.7, 0.9, 45.0, 0.0, 0.0, 93.0, 2020-04-18 01:00:00, 0.0
324.0, 90.0, 4.7, 0.0, 0.1, 3.5, 1.6, 0.8, 349.0, 0.0, 0.0, 94.0, 2020-04-18 02:00:00, 0.0
356.0, 93.0, 3.8, 0.0, -0.1, 3.1, 0.9, 0.7, 8.0, 0.0, 0.0, 94.0, 2020-04-18 03:00:00, 0.0
3.0, 94.0, 3.5, 0.0, -0.1, 4.6, 0.8, 0.1, 324.0, 0.0, 0.0, 93.0, 2020-04-18 04:00:00, 0.0
45.0, 94.0, 3.1, 0.0, -0.2, 2.5, 0.7, 0.5, 356.0, 0.0, 0.0, 93.0, 2020-04-18 05:00:00, 0.0
138.0, 93.0, 4.6, 0.0, -0.9, 4.4, 0.1, 3.7, 3.0, 0.0, 0.0, 81.0, 2020-04-18 06:00:00, 0.0
197.0, 93.0, 2.5, 0.0, -0.5, 3.7, 0.5, 3.8, 45.0, 0.0, 0.0, 83.0, 2020-04-18 07:00:00, 0.0
187.0, 81.0, 4.4, 0.0, 0.7, 5.6, 3.7, 5.8, 138.0, 0.0, 0.0, 71.0, 2020-04-18 08:00:00, 0.0
225.0, 83.0, 3.7, 0.0, 1.2, 8.5, 3.8, 6.7, 197.0, 0.0, 0.0, 63.0, 2020-04-18 09:00:00, 0.0
200.0, 71.0, 5.6, 0.0, 1.0, 7.3, 5.8, 8.7, 187.0, 0.0, 0.0, 47.0, 2020-04-18 10:00:00, 0.0
195.0, 63.0, 8.5, 0.0, 0.2, 7.9, 6.7, 10.0, 225.0, 0.0, 0.0, 46.0, 2020-04-18 11:00:00, 0.0
178.0, 47.0, 7.3, 0.0, -2.0, 8.5, 8.7, 12.2, 200.0, 0.0, 0.0, 36.0, 2020-04-18 12:00:00, 0.0
180.0, 46.0, 7.9, 0.0, -1.1, 10.3, 10.0, 12.3, 195.0, 0.0, 0.0, 37.0, 2020-04-18 13:00:00, 0.0
178.0, 36.0, 8.5, 0.0, -2.4, 9.4, 12.2, 11.9, 178.0, 0.0, 0.0, 38.0, 2020-04-18 14:00:00, 0.0
181.0, 37.0, 10.3, 0.0, -2.0, 6.0, 12.3, 10.5, 180.0, 0.0, 0.0, 42.0, 2020-04-18 15:00:00, 0.0
48.0, 38.0, 9.4, 0.0, -2.0, 3.0, 11.9, 5.1, 178.0, 0.0, 0.0, 68.0, 2020-04-18 16:00:00, 0.0
74.0, 42.0, 6.0, 0.0, -1.9, 3.2, 10.5, 5.9, 181.0, 0.0, 0.0, 63.0, 2020-04-18 17:00:00, 0.0
18.0, 68.0, 3.0, 0.0, -0.3, 5.9, 5.1, 2.3, 48.0, 0.0, 0.0, 79.0, 2020-04-18 18:00:00, 0.0
22.0, 63.0, 3.2, 0.0, -0.6, 8.5, 5.9, 1.6, 74.0, 0.0, 0.0, 81.0, 2020-04-18 19:00:00, 0.0
13.0, 79.0, 5.9, 0.0, -1.0, 6.8, 2.3, 1.3, 18.0, 0.0, 0.0, 83.0, 2020-04-18 20:00:00, 0.0
23.0, 81.0, 8.5, 0.0, -1.3, 7.9, 1.6, 0.9, 22.0, 0.0, 0.0, 85.0, 2020-04-18 21:00:00, 0.0
21.0, 83.0, 6.8, 0.0, -1.3, 6.2, 1.3, 0.9, 13.0, 0.0, 0.0, 84.0, 2020-04-18 22:00:00, 0.0
22.0, 85.0, 7.9, 0.0, -1.3, 6.3, 0.9, 0.5, 23.0, 0.0, 0.0, 87.0, 2020-04-18 23:00:00, 0.0
11.0, 84.0, 6.2, 0.0, -1.5, 4.6, 0.9, 0.1, 21.0, 0.0, 0.0, 87.0, 2020-04-19 00:00:00, 0.0
24.0, 87.0, 6.3, 0.0, -1.4, 4.2, 0.5, -0.2, 22.0, 0.0, 0.0, 87.0, 2020-04-19 01:00:00, 0.0
30.0, 87.0, 4.6, 0.0, -1.8, 3.5, 0.1, -0.9, 11.0, 0.0, 0.0, 89.0, 2020-04-19 02:00:00, 0.0
11.0, 87.0, 4.2, 0.0, -2.1, 4.5, -0.2, -1.3, 24.0, 0.0, 0.0, 90.0, 2020-04-19 03:00:00, 0.0
3.0, 89.0, 3.5, 0.0, -2.5, 3.2, -0.9, -1.4, 30.0, 0.0, 0.0, 89.0, 2020-04-19 04:00:00, 0.0
37.0, None, None, 0.0, None, 2.3, None, -1.0, None, None, None, 90.0, 2020-04-19 05:00:00, None
177.0, None, None, 0.0, None, 2.3, None, 1.9, None, None, None, 75.0, 2020-04-19 06:00:00, None
192.0, None, None, 0.0, None, 5.0, None, 4.8, None, None, None, 68.0, 2020-04-19 07:00:00, None
194.0, None, None, 0.0, None, 6.1, None, 6.5, None, None, None, 61.0, 2020-04-19 08:00:00, None
210.0, None, None, 0.0, None, 6.2, None, 9.1, None, None, None, 51.0, 2020-04-19 09:00:00, None
210.0, None, None, 0.0, None, 6.7, None, 10.9, None, None, None, 44.0, 2020-04-19 10:00:00, None
219.0, None, None, 0.0, None, 7.2, None, 12.7, None, None, None, 36.0, 2020-04-19 11:00:00, None
218.0, None, None, 0.0, None, 13.1, None, 13.9, None, None, None, 29.0, 2020-04-19 12:00:00, None
226.0, None, None, 0.0, None, 11.0, None, 15.1, None, None, None, 25.0, 2020-04-19 13:00:00, None
200.0, None, None, 0.0, None, 11.2, None, 15.5, None, None, None, 23.0, 2020-04-19 14:00:00, None
216.0, None, None, 0.0, None, 9.0, None, 15.6, None, None, None, 24.0, 2020-04-19 15:00:00, None
231.0, None, None, 0.0, None, 6.4, None, 14.7, None, None, None, 32.0, 2020-04-19 16:00:00, None
28.0, None, None, 0.0, None, 3.6, None, 8.3, None, None, None, 51.0, 2020-04-19 17:00:00, None
15.0, None, None, 0.0, None, 4.7, None, 4.3, None, None, None, 67.0, 2020-04-19 18:00:00, None
32.0, None, None, 0.0, None, 6.4, None, 3.4, None, None, None, 72.0, 2020-04-19 19:00:00, None
23.0, None, None, 0.0, None, 6.5, None, 2.5, None, None, None, 78.0, 2020-04-19 20:00:00, None
24.0, None, None, 0.0, None, 6.6, None, 1.8, None, None, None, 81.0, 2020-04-19 21:00:00, None
26.0, None, None, 0.0, None, 5.8, None, 1.7, None, None, None, 79.0, 2020-04-19 22:00:00, None
19.0, None, None, 0.0, None, 5.4, None, 1.2, None, None, None, 84.0, 2020-04-19 23:00:00, None
27.0, None, None, 0.0, None, 4.3, None, 1.0, None, None, None, 84.0, 2020-04-20 00:00:00, None
31.0, None, None, 0.0, None, 5.3, None, 0.6, None, None, None, 86.0, 2020-04-20 01:00:00, None
21.0, None, None, 0.0, None, 4.5, None, 0.5, None, None, None, 85.0, 2020-04-20 02:00:00, None
24.0, 86.0, 5.3, 0.0, -1.5, 5.0, 0.6, 0.0, 31.0, 0.0, None, 89.0, 2020-04-20 03:00:00, 0.0
16.0, 85.0, 4.5, 0.0, -1.7, 4.2, 0.5, 0.0, 21.0, 0.0, 0.0, 88.0, 2020-04-20 04:00:00, 0.0
20.0, 89.0, 5.0, 0.0, -1.6, 2.9, 0.0, -0.3, 24.0, 0.0, 0.0, 90.0, 2020-04-20 05:00:00, 0.0
33.0, 88.0, 4.2, 0.0, -1.7, 2.5, 0.0, 2.7, 16.0, 0.0, 0.0, 71.0, 2020-04-20 06:00:00, 0.0
204.0, 90.0, 2.9, 0.0, -1.7, 3.9, -0.3, 6.0, 20.0, 0.0, 0.0, 60.0, 2020-04-20 07:00:00, 0.0
178.0, 71.0, 2.5, 0.0, -2.0, 2.8, 2.7, 7.0, 33.0, 0.0, 0.0, 57.0, 2020-04-20 08:00:00, 0.0
112.0, 60.0, 3.9, 0.0, -1.2, 3.3, 6.0, 9.1, 204.0, 0.0, 0.0, 50.0, 2020-04-20 09:00:00, 0.0
149.0, 57.0, 2.8, 0.0, -0.9, 5.4, 7.0, 12.1, 178.0, 0.0, 0.0, 39.0, 2020-04-20 10:00:00, 0.0
181.0, 50.0, 3.3, 0.0, -0.8, 7.9, 9.1, 13.4, 112.0, 0.0, 0.0, 34.0, 2020-04-20 11:00:00, 0.0
167.0, 39.0, 5.4, 0.0, -1.4, 7.8, 12.1, 15.1, 149.0, 0.0, 0.0, 30.0, 2020-04-20 12:00:00, 0.0
187.0, 34.0, 7.9, 0.0, -2.1, 7.2, 13.4, 16.6, 181.0, 0.0, 0.0, 27.0, 2020-04-20 13:00:00, 0.0
135.0, 30.0, 7.8, 0.0, -2.3, 3.4, 15.1, 18.1, 167.0, 0.0, 0.0, 27.0, 2020-04-20 14:00:00, 0.0
91.0, 27.0, 7.2, 0.0, -2.5, 2.4, 16.6, 11.8, 187.0, 0.0, 0.0, 45.0, 2020-04-20 15:00:00, 0.0
73.0, 27.0, 3.4, 0.0, -1.2, 4.3, 18.1, 10.0, 135.0, 0.0, 0.0, 47.0, 2020-04-20 16:00:00, 0.0
34.0, 45.0, 2.4, 0.0, 0.3, 5.1, 11.8, 8.2, 91.0, 0.0, 0.0, 53.0, 2020-04-20 17:00:00, 0.0
31.0, 47.0, 4.3, 0.0, -0.8, 4.3, 10.0, 4.5, 73.0, 0.0, 0.0, 70.0, 2020-04-20 18:00:00, 0.0
13.0, 53.0, 5.1, 0.0, -0.8, 5.9, 8.2, 3.9, 34.0, 0.0, 0.0, 72.0, 2020-04-20 19:00:00, 0.0
40.0, 70.0, 4.3, 0.0, -0.5, 6.1, 4.5, 4.1, 31.0, 0.0, 0.0, 71.0, 2020-04-20 20:00:00, 0.0
41.0, 72.0, 5.9, 0.0, -0.7, 5.6, 3.9, 4.1, 13.0, 0.0, 0.0, 72.0, 2020-04-20 21:00:00, 0.0
31.0, 71.0, 6.1, 0.0, -0.7, 3.8, 4.1, 3.2, 40.0, 0.0, 0.0, 78.0, 2020-04-20 22:00:00, 0.0
20.0, 72.0, 5.6, 0.0, -0.5, 5.2, 4.1, 2.7, 41.0, 0.0, 0.0, 80.0, 2020-04-20 23:00:00, 0.0
11.0, 78.0, 3.8, 0.0, -0.3, 3.8, 3.2, 2.3, 31.0, 0.0, 0.0, 80.0, 2020-04-21 00:00:00, 0.0
27.0, 80.0, 5.2, 0.0, -0.4, 5.4, 2.7, 2.4, 20.0, 0.0, 0.0, 80.0, 2020-04-21 01:00:00, 0.0
26.0, 80.0, 3.8, 0.0, -0.8, 3.8, 2.3, 2.0, 11.0, 0.0, 0.0, 84.0, 2020-04-21 02:00:00, 0.0
37.0, 80.0, 5.4, 0.0, -0.7, 3.0, 2.4, 2.1, 27.0, 0.0, 0.0, 83.0, 2020-04-21 03:00:00, 0.0
26.0, 84.0, 3.8, 0.0, -0.4, 2.8, 2.0, 2.2, 26.0, 0.0, 0.0, 83.0, 2020-04-21 04:00:00, 0.0
48.0, 83.0, 3.0, 0.0, -0.5, 5.4, 2.1, 2.6, 37.0, 0.0, 0.0, 81.0, 2020-04-21 05:00:00, 0.0
318.0, 83.0, 2.8, 0.0, -0.4, 3.4, 2.2, 3.4, 26.0, 0.0, 0.0, 78.0, 2020-04-21 06:00:00, 0.0
153.0, 81.0, 5.4, 0.0, -0.3, 4.5, 2.6, 5.9, 48.0, 0.0, 0.0, 66.0, 2020-04-21 07:00:00, 0.0
30.0, 78.0, 3.4, 0.0, -0.1, 4.3, 3.4, 4.1, 318.0, 0.0, 0.0, 77.0, 2020-04-21 08:00:00, 0.0
347.0, 66.0, 4.5, 0.0, 0.0, 5.2, 5.9, 5.0, 153.0, 0.0, 0.0, 68.0, 2020-04-21 09:00:00, 0.0
327.0, 77.0, 4.3, 0.0, 0.4, 6.6, 4.1, 7.0, 30.0, 0.0, 0.0, 60.0, 2020-04-21 10:00:00, 0.0
291.0, 68.0, 5.2, 0.0, -0.4, 4.5, 5.0, 9.4, 347.0, 0.0, 0.0, 53.0, 2020-04-21 11:00:00, 0.0
296.0, 60.0, 6.6, 0.0, -0.2, 6.2, 7.0, 8.8, 327.0, 0.0, 0.0, 54.0, 2020-04-21 12:00:00, 0.0
229.0, 53.0, 4.5, 0.0, 0.3, 4.7, 9.4, 12.4, 291.0, 0.0, 0.0, 43.0, 2020-04-21 13:00:00, 0.0
323.0, 54.0, 6.2, 0.0, 0.0, 3.1, 8.8, 6.1, 296.0, 0.0, 0.0, 63.0, 2020-04-21 14:00:00, 0.0
43.0, 43.0, 4.7, 0.0, 0.2, 3.3, 12.4, 6.0, 229.0, 0.0, 0.0, 63.0, 2020-04-21 15:00:00, 0.0
15.0, 63.0, 3.1, 0.0, -0.4, 3.9, 6.1, 5.3, 323.0, 0.0, 0.0, 66.0, 2020-04-21 16:00:00, 0.0
356.0, 63.0, 3.3, 0.0, -0.5, 5.6, 6.0, 4.5, 43.0, 0.0, 0.0, 67.0, 2020-04-21 17:00:00, 0.0
10.0, 66.0, 3.9, 0.0, -0.5, 5.2, 5.3, 3.4, 15.0, 0.0, 0.0, 75.0, 2020-04-21 18:00:00, 0.0
24.0, 67.0, 5.6, 0.0, -1.1, 6.0, 4.5, 2.8, 356.0, 0.0, 0.0, 76.0, 2020-04-21 19:00:00, 0.0
63.0, 75.0, 5.2, 0.0, -0.6, 5.2, 3.4, 2.6, 10.0, 0.0, 0.0, 79.0, 2020-04-21 20:00:00, 0.0
23.0, 76.0, 6.0, 0.0, -1.0, 5.3, 2.8, 3.0, 24.0, 0.0, 0.0, 77.0, 2020-04-21 21:00:00, 0.0
10.0, 79.0, 5.2, 0.0, -0.7, 4.4, 2.6, 2.6, 63.0, 0.0, 0.0, 80.0, 2020-04-21 22:00:00, 0.0
49.0, 77.0, 5.3, 0.0, -0.6, 4.0, 3.0, 2.5, 23.0, 0.0, 0.0, 84.0, 2020-04-21 23:00:00, 0.0
30.0, 80.0, 4.4, 0.0, -0.5, 4.1, 2.6, 2.4, 10.0, 0.0, 0.0, 94.0, 2020-04-22 00:00:00, 0.0
24.0, 84.0, 4.0, 0.0, 0.1, 7.9, 2.5, 2.1, 49.0, 0.0, 0.0, 95.0, 2020-04-22 01:00:00, 0.0
15.0, 94.0, 4.1, 0.0, 1.5, 3.6, 2.4, 1.9, 30.0, 0.0, 0.0, 96.0, 2020-04-22 02:00:00, 0.0
36.0, 95.0, 7.9, 0.0, 1.4, 3.2, 2.1, 1.8, 24.0, 0.0, 0.0, 96.0, 2020-04-22 03:00:00, 0.0
352.0, 96.0, 3.6, 0.0, 1.3, 3.4, 1.9, 1.6, 15.0, 0.0, 0.0, 97.0, 2020-04-22 04:00:00, 0.0
344.0, 96.0, 3.2, 0.0, 1.2, 3.9, 1.8, 2.3, 36.0, 0.0, 0.0, 97.0, 2020-04-22 05:00:00, 0.0
252.0, 97.0, 3.4, 0.0, 1.2, 2.7, 1.6, 3.9, 352.0, 0.0, 0.0, 95.0, 2020-04-22 06:00:00, 0.0
156.0, 97.0, 3.9, 0.0, 1.9, 2.8, 2.3, 5.3, 344.0, 0.0, 0.0, 89.0, 2020-04-22 07:00:00, 0.0
285.0, 95.0, 2.7, 0.0, 3.2, 3.5, 3.9, 6.7, 252.0, 0.0, 0.0, 88.0, 2020-04-22 08:00:00, 0.0
282.0, 89.0, 2.8, 0.0, 3.6, 6.9, 5.3, 7.3, 156.0, 0.0, 0.0, 77.0, 2020-04-22 09:00:00, 0.0
271.0, 88.0, 3.5, 0.0, 4.9, 9.5, 6.7, 8.4, 285.0, 0.0, 0.0, 67.0, 2020-04-22 10:00:00, 0.0
222.0, 77.0, 6.9, 0.0, 3.5, 9.2, 7.3, 11.4, 282.0, 0.0, 0.0, 47.0, 2020-04-22 11:00:00, 0.0
197.0, 67.0, 9.5, 0.0, 2.6, 6.7, 8.4, 12.6, 271.0, 0.0, 0.0, 43.0, 2020-04-22 12:00:00, 0.0
267.0, 47.0, 9.2, 0.0, 0.5, 11.2, 11.4, 9.4, 222.0, 0.0, 0.0, 51.0, 2020-04-22 13:00:00, 0.0
171.0, 43.0, 6.7, 0.0, 0.4, 6.7, 12.6, 11.8, 197.0, 0.0, 0.0, 41.0, 2020-04-22 14:00:00, 0.0
232.0, 51.0, 11.2, 0.0, -0.2, 8.3, 9.4, 10.9, 267.0, 0.0, 0.0, 43.0, 2020-04-22 15:00:00, 0.0
341.0, 41.0, 6.7, 0.0, -1.0, 6.2, 11.8, 5.3, 171.0, 0.0, 0.0, 73.0, 2020-04-22 16:00:00, 0.0
343.0, 43.0, 8.3, 0.0, -1.2, 5.9, 10.9, 4.6, 232.0, 0.0, 0.0, 74.0, 2020-04-22 17:00:00, 0.0
7.0, 73.0, 6.2, 0.0, 0.9, 6.9, 5.3, 2.5, 341.0, 0.0, 0.0, 80.0, 2020-04-22 18:00:00, 0.0
18.0, 74.0, 5.9, 0.0, 0.4, 5.5, 4.6, 2.6, 343.0, 0.0, 0.0, 78.0, 2020-04-22 19:00:00, 0.0
21.0, 80.0, 6.9, 0.0, -0.6, 5.0, 2.5, 2.1, 7.0, 0.0, 0.0, 80.0, 2020-04-22 20:00:00, 0.0
21.0, 78.0, 5.5, 0.0, -0.8, 6.3, 2.6, 1.7, 18.0, 0.0, 0.0, 82.0, 2020-04-22 21:00:00, 0.0
29.0, 80.0, 5.0, 0.0, -1.0, 7.0, 2.1, 1.6, 21.0, 0.0, 0.0, 81.0, 2020-04-22 22:00:00, 0.0
13.0, 82.0, 6.3, 0.0, -1.0, 4.0, 1.7, 1.6, 21.0, 0.0, 0.0, 84.0, 2020-04-22 23:00:00, 0.0
342.0, 81.0, 7.0, 0.0, -1.3, 3.1, 1.6, 1.5, 29.0, 0.0, 0.0, 85.0, 2020-04-23 00:00:00, 0.0
3.0, 84.0, 4.0, 0.0, -0.8, 3.8, 1.6, 1.3, 13.0, 0.0, 0.0, 87.0, 2020-04-23 01:00:00, 0.0
20.0, 85.0, 3.1, 0.0, -0.7, 5.0, 1.5, 1.5, 342.0, 0.0, 0.0, 87.0, 2020-04-23 02:00:00, 0.0
347.0, 87.0, 3.8, 0.0, -0.6, 3.4, 1.3, 0.8, 3.0, 0.0, 0.0, 91.0, 2020-04-23 03:00:00, 0.0
4.0, 87.0, 5.0, 0.0, -0.4, 3.6, 1.5, 1.2, 20.0, 0.0, 0.0, 91.0, 2020-04-23 04:00:00, 0.0
338.0, 91.0, 3.4, 0.0, -0.5, 3.9, 0.8, 1.8, 347.0, 0.0, 0.0, 88.0, 2020-04-23 05:00:00, 0.0
146.0, 91.0, 3.6, 0.0, -0.1, 3.2, 1.2, 3.4, 4.0, 0.0, 0.0, 84.0, 2020-04-23 06:00:00, 0.0
136.0, 88.0, 3.9, 0.0, 0.0, 3.9, 1.8, 4.4, 338.0, 0.0, 0.0, 79.0, 2020-04-23 07:00:00, 0.0
153.0, 84.0, 3.2, 0.0, 1.0, 4.4, 3.4, 5.6, 146.0, 0.0, 0.0, 75.0, 2020-04-23 08:00:00, 0.0
286.0, 79.0, 3.9, 0.0, 1.1, 6.0, 4.4, 8.1, 136.0, 0.0, 0.0, 66.0, 2020-04-23 09:00:00, 0.0
244.0, 75.0, 4.4, 0.0, 1.5, 8.8, 5.6, 9.5, 153.0, 0.0, 0.0, 40.0, 2020-04-23 10:00:00, 0.0
253.0, 66.0, 6.0, 0.0, 2.1, 11.5, 8.1, 11.8, 286.0, 0.0, 0.0, 32.0, 2020-04-23 11:00:00, 0.0
248.0, 40.0, 8.8, 0.0, -3.4, 8.9, 9.5, 10.8, 244.0, 0.0, 0.0, 34.0, 2020-04-23 12:00:00, 0.0
255.0, 32.0, 11.5, 0.0, -4.4, 10.6, 11.8, 10.0, 253.0, 0.0, 0.0, 33.0, 2020-04-23 13:00:00, 0.0
236.0, 34.0, 8.9, 0.0, -4.4, 11.9, 10.8, 11.9, 248.0, 0.0, 0.0, 28.0, 2020-04-23 14:00:00, 0.0
246.0, 33.0, 10.6, 0.0, -5.5, 12.2, 10.0, 12.8, 255.0, 0.0, 0.0, 29.0, 2020-04-23 15:00:00, 0.0
236.0, 28.0, 11.9, 0.0, -6.0, 10.4, 11.9, 10.3, 236.0, 0.0, 0.0, 33.0, 2020-04-23 16:00:00, 0.0
164.0, 29.0, 12.2, 0.0, -4.8, 4.6, 12.8, 6.7, 246.0, 0.0, 0.0, 54.0, 2020-04-23 17:00:00, 0.0
51.0, 33.0, 10.4, 0.0, -5.3, 2.8, 10.3, 2.9, 236.0, 0.0, 0.0, 74.0, 2020-04-23 18:00:00, 0.0
44.0, 54.0, 4.6, 0.0, -1.9, 5.0, 6.7, 2.6, 164.0, 0.0, 0.0, 72.0, 2020-04-23 19:00:00, 0.0
26.0, 74.0, 2.8, 0.0, -1.3, 5.7, 2.9, 2.2, 51.0, 0.0, 0.0, 75.0, 2020-04-23 20:00:00, 0.0
21.0, 72.0, 5.0, 0.0, -1.9, 5.8, 2.6, 1.8, 44.0, 0.0, 0.0, 78.0, 2020-04-23 21:00:00, 0.0
18.0, 75.0, 5.7, 0.0, -1.8, 6.1, 2.2, 0.9, 26.0, 0.0, 0.0, 80.0, 2020-04-23 22:00:00, 0.0
32.0, 78.0, 5.8, 0.0, -1.6, 5.0, 1.8, 0.4, 21.0, 0.0, 0.0, 78.0, 2020-04-23 23:00:00, 0.0
8.0, 80.0, 6.1, 0.0, -2.2, 4.6, 0.9, 1.2, 18.0, 0.0, 0.0, 80.0, 2020-04-24 00:00:00, 0.0
5.0, 78.0, 5.0, 0.0, -3.0, 5.1, 0.4, 0.5, 32.0, 0.0, 0.0, 84.0, 2020-04-24 01:00:00, 0.0
97.0, 80.0, 4.6, 0.0, -1.9, 4.1, 1.2, 0.3, 8.0, 0.0, 0.0, 84.0, 2020-04-24 02:00:00, 0.0
6.0, 84.0, 5.1, 0.0, -1.9, 5.3, 0.5, 0.1, 5.0, 0.0, 0.0, 85.0, 2020-04-24 03:00:00, 0.0
28.0, 84.0, 4.1, 0.0, -2.1, 4.5, 0.3, -0.1, 97.0, 0.0, 0.0, 87.0, 2020-04-24 04:00:00, 0.0
350.0, 85.0, 5.3, 0.0, -2.1, 2.7, 0.1, 0.0, 6.0, 0.0, 0.0, 88.0, 2020-04-24 05:00:00, 0.0
168.0, 87.0, 4.5, 0.0, -2.0, 3.8, -0.1, 2.9, 28.0, 0.0, 0.0, 75.0, 2020-04-24 06:00:00, 0.0
117.0, 88.0, 2.7, 0.0, -1.7, 3.0, 0.0, 4.5, 350.0, 0.0, 0.0, 71.0, 2020-04-24 07:00:00, 0.0
1.0, 75.0, 3.8, 0.0, -1.1, 5.8, 2.9, 5.6, 168.0, 0.0, 0.0, 57.0, 2020-04-24 08:00:00, 0.0
130.0, 71.0, 3.0, 0.0, -0.3, 5.6, 4.5, 8.5, 117.0, 0.0, 0.0, 53.0, 2020-04-24 09:00:00, 0.0
174.0, 57.0, 5.8, 0.0, -2.2, 6.4, 5.6, 9.4, 1.0, 0.0, 0.0, 46.0, 2020-04-24 10:00:00, 0.0
175.0, 53.0, 5.6, 0.0, -0.5, 5.7, 8.5, 11.5, 130.0, 0.0, 0.0, 35.0, 2020-04-24 11:00:00, 0.0
223.0, 46.0, 6.4, 0.0, -1.6, 4.4, 9.4, 11.4, 174.0, 0.0, 0.0, 31.0, 2020-04-24 12:00:00, 0.0
184.0, 35.0, 5.7, 0.0, -3.4, 6.6, 11.5, 13.0, 175.0, 0.0, 0.0, 27.0, 2020-04-24 13:00:00, 0.0
129.0, 31.0, 4.4, 0.0, -5.1, 7.3, 11.4, 13.5, 223.0, 0.0, 0.0, 27.0, 2020-04-24 14:00:00, 0.0
147.0, 27.0, 6.6, 0.0, -5.6, 7.4, 13.0, 13.6, 184.0, 0.0, 0.0, 28.0, 2020-04-24 15:00:00, 0.0
238.0, 27.0, 7.3, 0.0, -5.1, 4.1, 13.5, 14.4, 129.0, 0.0, 0.0, 36.0, 2020-04-24 16:00:00, 0.0
35.0, 28.0, 7.4, 0.0, -4.6, 3.6, 13.6, 6.2, 147.0, 0.0, 0.0, 54.0, 2020-04-24 17:00:00, 0.0
20.0, 36.0, 4.1, 0.0, -0.5, 6.8, 14.4, 4.0, 238.0, 0.0, 0.0, 60.0, 2020-04-24 18:00:00, 0.0
31.0, 54.0, 3.6, 0.0, -2.4, 7.3, 6.2, 3.2, 35.0, 0.0, 0.0, 66.0, 2020-04-24 19:00:00, 0.0
40.0, 60.0, 6.8, 0.0, -3.1, 8.5, 4.0, 2.9, 20.0, 0.0, 0.0, 67.0, 2020-04-24 20:00:00, 0.0
30.0, 66.0, 7.3, 0.0, -2.5, 5.2, 3.2, 2.5, 31.0, 0.0, 0.0, 71.0, 2020-04-24 21:00:00, 0.0
42.0, 67.0, 8.5, 0.0, -2.6, 6.4, 2.9, 2.6, 40.0, 0.0, 0.0, 70.0, 2020-04-24 22:00:00, 0.0
93.0, 71.0, 5.2, 0.0, -2.2, 5.3, 2.5, 2.7, 30.0, 0.0, 0.0, 69.0, 2020-04-24 23:00:00, 0.0
65.0, 70.0, 6.4, 0.0, -2.3, 6.8, 2.6, 1.8, 42.0, 0.0, 0.0, 69.0, 2020-04-25 00:00:00, 0.0
94.0, 69.0, 5.3, 0.0, -2.4, 4.6, 2.7, 2.0, 93.0, 0.0, 0.0, 75.0, 2020-04-25 01:00:00, 0.0
61.0, 69.0, 6.8, 0.0, -3.3, 6.6, 1.8, 2.3, 65.0, 0.0, 0.0, 64.0, 2020-04-25 02:00:00, 0.0
74.0, 75.0, 4.6, 0.0, -2.0, 8.4, 2.0, 2.0, 94.0, 0.0, 0.0, 73.0, 2020-04-25 03:00:00, 0.0
87.0, 64.0, 6.6, 0.0, -3.8, 8.8, 2.3, 2.9, 61.0, 0.0, 0.0, 71.0, 2020-04-25 04:00:00, 0.0
95.0, 73.0, 8.4, 0.0, -2.3, 8.5, 2.0, 3.1, 74.0, 0.0, 0.0, 65.0, 2020-04-25 05:00:00, 0.0
58.0, 71.0, 8.8, 0.0, -1.8, 10.3, 2.9, 4.7, 87.0, 0.0, 0.0, 57.0, 2020-04-25 06:00:00, 0.0
95.0, 65.0, 8.5, 0.0, -2.8, 8.7, 3.1, 4.6, 95.0, 0.0, 0.0, 57.0, 2020-04-25 07:00:00, 0.0
144.0, 57.0, 10.3, 0.0, -3.1, 8.2, 4.7, 5.8, 58.0, 0.0, 0.0, 54.0, 2020-04-25 08:00:00, 0.0
109.0, 57.0, 8.7, 0.0, -3.2, 9.0, 4.6, 4.6, 95.0, 0.0, 0.0, 74.0, 2020-04-25 09:00:00, 0.0
96.0, 54.0, 8.2, 0.0, -2.8, 6.6, 5.8, 3.7, 144.0, 0.0, 0.0, 86.0, 2020-04-25 10:00:00, 0.0
81.0, 74.0, 9.0, 0.0, 0.4, 11.0, 4.6, 3.7, 109.0, 0.0, 0.0, 88.0, 2020-04-25 11:00:00, 0.0
81.0, 86.0, 6.6, 0.0, 1.6, 5.4, 3.7, 3.8, 96.0, 0.0, 0.0, 91.0, 2020-04-25 12:00:00, 0.0
111.0, 88.0, 11.0, 0.0, 1.9, 7.4, 3.7, 3.7, 81.0, 0.0, 0.0, 91.0, 2020-04-25 13:00:00, 0.0
93.0, 91.0, 5.4, 0.0, 2.5, 8.9, 3.8, 3.5, 81.0, 0.0, 0.0, 94.0, 2020-04-25 14:00:00, 0.0
113.0, 91.0, 7.4, 0.0, 2.4, 6.5, 3.7, 4.4, 111.0, 0.0, 0.0, 95.0, 2020-04-25 15:00:00, 0.0
338.0, 94.0, 8.9, 0.0, 2.6, 11.9, 3.5, 3.8, 93.0, 0.0, 0.0, 85.0, 2020-04-25 16:00:00, 0.0
327.0, 95.0, 6.5, 0.0, 3.7, 7.8, 4.4, 2.6, 113.0, 0.0, 0.0, 91.0, 2020-04-25 17:00:00, 0.0
28.0, 85.0, 11.9, 0.0, 1.5, 6.3, 3.8, 1.8, 338.0, 0.0, 0.0, 95.0, 2020-04-25 18:00:00, 0.0
359.0, 91.0, 7.8, 0.0, 1.3, 6.3, 2.6, 1.4, 327.0, 0.0, 0.0, 96.0, 2020-04-25 19:00:00, 0.0
19.0, 95.0, 6.3, 0.0, 1.1, 6.4, 1.8, 0.8, 28.0, 0.0, 0.0, 96.0, 2020-04-25 20:00:00, 0.0
331.0, 96.0, 6.3, 0.0, 0.8, 4.2, 1.4, 0.9, 359.0, 0.0, 0.0, 96.0, 2020-04-25 21:00:00, 0.0
121.0, 96.0, 6.4, 0.0, 0.2, 4.8, 0.8, 0.9, 19.0, 0.0, 0.0, 96.0, 2020-04-25 22:00:00, 0.0
216.0, 96.0, 4.2, 0.0, 0.3, 6.1, 0.9, 0.8, 331.0, 0.0, 0.0, 97.0, 2020-04-25 23:00:00, 0.0
285.0, 96.0, 4.8, 0.0, 0.3, 5.6, 0.9, 0.7, 121.0, 0.0, 0.0, 97.0, 2020-04-26 00:00:00, 0.0
201.0, 97.0, 6.1, 0.0, 0.4, 2.5, 0.8, 0.1, 216.0, 0.0, 0.0, 96.0, 2020-04-26 01:00:00, 0.0
50.0, 97.0, 5.6, 0.0, 0.3, 2.8, 0.7, -0.1, 285.0, 0.0, 0.0, 97.0, 2020-04-26 02:00:00, 0.0
333.0, 96.0, 2.5, 0.0, -0.5, 4.1, 0.1, -0.1, 201.0, 0.0, 0.0, 97.0, 2020-04-26 03:00:00, 0.0
41.0, 97.0, 2.8, 0.0, -0.5, 2.6, -0.1, -0.1, 50.0, 0.0, 0.0, 97.0, 2020-04-26 04:00:00, 0.0
132.0, 97.0, 4.1, 0.0, -0.5, 3.7, -0.1, 0.3, 333.0, 0.0, 0.0, 97.0, 2020-04-26 05:00:00, 0.0
219.0, 97.0, 2.6, 0.0, -0.5, 3.5, -0.1, 1.6, 41.0, 0.0, 0.0, 96.0, 2020-04-26 06:00:00, 0.0
213.0, 97.0, 3.7, 0.0, -0.1, 4.1, 0.3, 3.0, 132.0, 0.0, 0.0, 95.0, 2020-04-26 07:00:00, 0.0
162.0, 96.0, 3.5, 0.0, 1.0, 4.7, 1.6, 5.7, 219.0, 0.0, 0.0, 70.0, 2020-04-26 08:00:00, 0.0
166.0, 95.0, 4.1, 0.0, 2.3, 3.4, 3.0, 5.4, 213.0, 0.0, 0.0, 76.0, 2020-04-26 09:00:00, 0.0
160.0, 70.0, 4.7, 0.0, 0.7, 5.4, 5.7, 7.8, 162.0, 0.0, 0.0, 65.0, 2020-04-26 10:00:00, 0.0
165.0, 76.0, 3.4, 0.0, 1.5, 9.2, 5.4, 9.6, 166.0, 0.0, 0.0, 54.0, 2020-04-26 11:00:00, 0.0
154.0, 65.0, 5.4, 0.0, 1.6, 6.7, 7.8, 8.4, 160.0, 0.0, 0.0, 58.0, 2020-04-26 12:00:00, 0.0
136.0, 54.0, 9.2, 0.0, 0.8, 4.9, 9.6, 8.2, 165.0, 0.0, 0.0, 51.0, 2020-04-26 13:00:00, 0.0
130.0, 58.0, 6.7, 0.0, 0.6, 5.0, 8.4, 7.8, 154.0, 0.0, 0.0, 55.0, 2020-04-26 14:00:00, 0.0
162.0, None, None, 0.0, None, 5.3, None, 8.0, None, None, None, 56.0, 2020-04-26 15:00:00, None
200.0, 55.0, 5.0, 0.0, -0.7, 3.6, 7.8, 6.5, 130.0, 0.0, 0.0, 61.0, 2020-04-26 16:00:00, 0.0
78.0, 56.0, 5.3, 0.0, -0.2, 10.7, 8.0, 4.9, 162.0, 0.0, 0.0, 68.0, 2020-04-26 17:00:00, 0.0
53.0, 61.0, 3.6, 0.0, -0.5, 4.5, 6.5, 2.5, 200.0, 0.0, 0.0, 84.0, 2020-04-26 18:00:00, 0.0
26.0, 68.0, 10.7, 0.0, -0.5, 6.2, 4.9, 2.0, 78.0, 0.0, 0.0, 92.0, 2020-04-26 19:00:00, 0.0
18.0, 84.0, 4.5, 0.0, 0.1, 5.3, 2.5, 1.6, 53.0, 0.0, 0.0, 93.0, 2020-04-26 20:00:00, 0.0
74.0, 92.0, 6.2, 0.0, 0.8, 5.6, 2.0, 1.9, 26.0, 0.0, 0.0, 91.0, 2020-04-26 21:00:00, 0.0
47.0, 93.0, 5.3, 0.0, 0.6, 6.1, 1.6, 1.7, 18.0, 0.0, 0.0, 94.0, 2020-04-26 22:00:00, 0.0
55.0, 91.0, 5.6, 0.0, 0.6, 3.6, 1.9, 1.5, 74.0, 0.0, 0.0, 95.0, 2020-04-26 23:00:00, 0.0
80.0, 94.0, 6.1, 0.0, 0.8, 5.5, 1.7, 1.4, 47.0, 0.0, 0.0, 96.0, 2020-04-27 00:00:00, 0.0
270.0, 95.0, 3.6, 0.0, 0.8, 2.4, 1.5, 1.5, 55.0, 0.0, 0.0, 96.0, 2020-04-27 01:00:00, 0.0
83.0, 96.0, 5.5, 0.0, 0.8, 8.3, 1.4, 1.6, 80.0, 0.0, 0.0, 96.0, 2020-04-27 02:00:00, 0.0
96.0, 96.0, 2.4, 0.0, 0.9, 6.1, 1.5, 1.5, 270.0, 0.0, 0.0, 96.0, 2020-04-27 03:00:00, 0.0
101.0, 96.0, 8.3, 0.0, 1.0, 9.8, 1.6, 1.6, 83.0, 0.0, 0.0, 96.0, 2020-04-27 04:00:00, 0.0
79.0, 96.0, 6.1, 0.0, 0.9, 8.2, 1.5, 1.9, 96.0, 0.0, 0.0, 95.0, 2020-04-27 05:00:00, 0.0
80.0, 96.0, 9.8, 0.0, 1.0, 6.0, 1.6, 3.0, 101.0, 0.0, 0.0, 92.0, 2020-04-27 06:00:00, 0.0
40.0, 95.0, 8.2, 0.0, 1.2, 3.1, 1.9, 3.0, 79.0, 0.0, 0.0, 94.0, 2020-04-27 07:00:00, 0.0
123.0, 92.0, 6.0, 0.0, 1.8, 5.9, 3.0, 5.3, 80.0, 0.0, 0.0, 85.0, 2020-04-27 08:00:00, 0.0
92.0, 94.0, 3.1, 0.0, 2.1, 7.4, 3.0, 2.8, 40.0, 0.0, 0.0, 94.0, 2020-04-27 09:00:00, 0.0
214.0, 85.0, 5.9, 0.0, 3.0, 3.6, 5.3, 6.7, 123.0, 0.0, 0.0, 74.0, 2020-04-27 10:00:00, 0.0
328.0, 94.0, 7.4, 0.0, 1.9, 8.2, 2.8, 4.6, 92.0, 0.0, 0.0, 86.0, 2020-04-27 11:00:00, 0.0
144.0, 74.0, 3.6, 0.0, 2.4, 5.4, 6.7, 5.8, 214.0, 0.0, 0.0, 80.0, 2020-04-27 12:00:00, 0.0
265.0, 86.0, 8.2, 0.0, 2.5, 4.6, 4.6, 5.1, 328.0, 0.0, 0.0, 82.0, 2020-04-27 13:00:00, 0.0
143.0, 80.0, 5.4, 0.0, 2.6, 3.8, 5.8, 5.8, 144.0, 0.0, 0.0, 81.0, 2020-04-27 14:00:00, 0.0
283.0, 82.0, 4.6, 0.0, 2.3, 8.4, 5.1, 4.8, 265.0, 0.0, 0.0, 86.0, 2020-04-27 15:00:00, 0.0
252.0, 81.0, 3.8, 0.0, 2.8, 8.0, 5.8, 5.1, 143.0, 0.0, 0.0, 78.0, 2020-04-27 16:00:00, 0.0
16.0, 86.0, 8.4, 0.0, 2.7, 4.4, 4.8, 3.7, 283.0, 0.0, 0.0, 89.0, 2020-04-27 17:00:00, 0.0
13.0, 78.0, 8.0, 0.0, 1.6, 6.0, 5.1, 2.0, 252.0, 0.0, 0.0, 94.0, 2020-04-27 18:00:00, 0.0
20.0, 89.0, 4.4, 0.0, 2.1, 7.7, 3.7, 1.2, 16.0, 0.0, 0.0, 96.0, 2020-04-27 19:00:00, 0.0
11.0, 94.0, 6.0, 0.0, 1.1, 6.7, 2.0, 1.7, 13.0, 0.0, 0.0, 95.0, 2020-04-27 20:00:00, 0.0
354.0, 96.0, 7.7, 0.0, 0.6, 4.0, 1.2, 1.1, 20.0, 0.0, 0.0, 96.0, 2020-04-27 21:00:00, 0.0
21.0, 95.0, 6.7, 0.0, 1.0, 5.7, 1.7, 0.7, 11.0, 0.0, 0.0, 96.0, 2020-04-27 22:00:00, 0.0
19.0, 96.0, 4.0, 0.0, 0.5, 6.9, 1.1, 0.5, 354.0, 0.0, 0.0, 96.0, 2020-04-27 23:00:00, 0.0
22.0, 96.0, 5.7, 0.0, 0.1, 5.9, 0.7, 0.2, 21.0, 0.0, 0.0, 96.0, 2020-04-28 00:00:00, 0.0
32.0, 96.0, 6.9, 0.0, -0.1, 1.7, 0.5, 0.6, 19.0, 0.0, 0.0, 96.0, 2020-04-28 01:00:00, 0.0
357.0, 96.0, 5.9, 0.0, -0.4, 4.9, 0.2, 0.7, 22.0, 0.0, 0.0, 97.0, 2020-04-28 02:00:00, 0.0
61.0, 96.0, 1.7, 0.0, 0.0, 2.3, 0.6, 0.3, 32.0, 0.0, 0.0, 97.0, 2020-04-28 03:00:00, 0.0
192.0, 97.0, 4.9, 0.0, 0.3, 3.1, 0.7, 0.3, 357.0, 0.0, 0.0, 97.0, 2020-04-28 04:00:00, 0.0
143.0, 97.0, 2.3, 0.0, -0.1, 2.5, 0.3, 1.6, 61.0, 0.0, 0.0, 97.0, 2020-04-28 05:00:00, 0.0
98.0, 97.0, 3.1, 0.0, -0.1, 6.4, 0.3, 3.1, 192.0, 0.0, 0.0, 96.0, 2020-04-28 06:00:00, 0.0
100.0, 97.0, 2.5, 0.0, 1.2, 10.0, 1.6, 4.4, 143.0, 0.0, 0.0, 81.0, 2020-04-28 07:00:00, 0.0
147.0, 96.0, 6.4, 0.0, 2.5, 4.9, 3.1, 5.6, 98.0, 0.0, 0.0, 73.0, 2020-04-28 08:00:00, 0.0
135.0, 81.0, 10.0, 0.0, 1.4, 8.6, 4.4, 8.0, 100.0, 0.0, 0.0, 63.0, 2020-04-28 09:00:00, 0.0
160.0, 73.0, 4.9, 0.0, 1.1, 7.3, 5.6, 8.3, 147.0, 0.0, 0.0, 57.0, 2020-04-28 10:00:00, 0.0
159.0, 63.0, 8.6, 0.0, 1.4, 8.5, 8.0, 11.0, 135.0, 0.0, 0.0, 46.0, 2020-04-28 11:00:00, 0.0
161.0, 57.0, 7.3, 0.0, 0.3, 7.1, 8.3, 10.8, 160.0, 0.0, 0.0, 43.0, 2020-04-28 12:00:00, 0.0
171.0, 46.0, 8.5, 0.0, -0.2, 4.1, 11.0, 11.3, 159.0, 0.0, 0.0, 38.0, 2020-04-28 13:00:00, 0.0
206.0, 43.0, 7.1, 0.0, -1.3, 5.4, 10.8, 7.8, 161.0, 0.0, 0.0, 52.0, 2020-04-28 14:00:00, 0.0
324.0, 38.0, 4.1, 0.0, -2.5, 5.0, 11.3, 8.0, 171.0, 0.0, 0.0, 49.0, 2020-04-28 15:00:00, 0.0
115.0, 52.0, 5.4, 0.0, -1.4, 4.8, 7.8, 5.7, 206.0, 0.0, 0.0, 66.0, 2020-04-28 16:00:00, 0.0
52.0, 49.0, 5.0, 0.0, -2.1, 4.6, 8.0, 4.4, 324.0, 0.0, 0.0, 72.0, 2020-04-28 17:00:00, 0.0
358.0, 66.0, 4.8, 0.0, -0.2, 4.8, 5.7, 3.0, 115.0, 0.0, 0.0, 83.0, 2020-04-28 18:00:00, 0.0
35.0, None, None, 0.0, None, 4.6, None, 2.6, None, None, None, 91.0, 2020-04-28 19:00:00, None
107.0, 83.0, 4.8, 0.0, 0.4, 6.3, 3.0, 2.2, 358.0, 0.0, 0.0, 94.0, 2020-04-28 20:00:00, 0.0
50.0, 91.0, 4.6, 0.0, 1.3, 8.5, 2.6, 2.6, 35.0, 0.0, 0.0, 89.0, 2020-04-28 21:00:00, 0.0
102.0, 94.0, 6.3, 0.0, 1.3, 3.8, 2.2, 2.2, 107.0, 0.0, 0.0, 90.0, 2020-04-28 22:00:00, 0.0
102.0, 89.0, 8.5, 0.0, 1.0, 2.5, 2.6, 1.7, 50.0, 0.0, 0.0, 92.0, 2020-04-28 23:00:00, 0.0
62.0, 90.0, 3.8, 0.0, 0.7, 2.8, 2.2, 1.7, 102.0, 0.0, 0.0, 92.0, 2020-04-29 00:00:00, 0.0
54.0, 92.0, 2.5, 0.0, 0.5, 4.2, 1.7, 1.8, 102.0, 0.0, 0.0, 91.0, 2020-04-29 01:00:00, 0.0
94.0, 92.0, 2.8, 0.0, 0.5, 3.6, 1.7, 1.2, 62.0, 0.0, 0.0, 94.0, 2020-04-29 02:00:00, 0.0
47.0, 91.0, 4.2, 0.0, 0.5, 4.8, 1.8, 1.1, 54.0, 0.0, 0.0, 93.0, 2020-04-29 03:00:00, 0.0
33.0, 94.0, 3.6, 0.0, 0.3, 3.5, 1.2, 0.8, 94.0, 0.0, 0.0, 94.0, 2020-04-29 04:00:00, 0.0
90.0, 93.0, 4.8, 0.0, 0.1, 4.9, 1.1, 1.6, 47.0, 0.0, 0.0, 94.0, 2020-04-29 05:00:00, 0.0
147.0, 94.0, 3.5, 0.0, -0.1, 6.2, 0.8, 5.5, 33.0, 0.0, 0.0, 74.0, 2020-04-29 06:00:00, 0.0
144.0, 94.0, 4.9, 0.0, 0.7, 7.1, 1.6, 7.4, 90.0, 0.0, 0.0, 66.0, 2020-04-29 07:00:00, 0.0
169.0, 74.0, 6.2, 0.0, 1.2, 5.7, 5.5, 7.8, 147.0, 0.0, 0.0, 64.0, 2020-04-29 08:00:00, 0.0
179.0, None, None, 0.0, None, 6.9, None, 9.3, None, None, None, 55.0, 2020-04-29 09:00:00, None
145.0, None, None, 0.0, None, 7.8, None, 12.2, None, None, None, 47.0, 2020-04-29 10:00:00, None
149.0, 55.0, 6.9, 0.0, 0.7, 11.1, 9.3, 12.6, 179.0, 0.0, 0.0, 43.0, 2020-04-29 11:00:00, 0.0
148.0, 47.0, 7.8, 0.0, 1.2, 16.3, 12.2, 9.5, 145.0, 0.0, 0.0, 56.0, 2020-04-29 12:00:00, 0.0
138.0, 43.0, 11.1, 0.0, 0.4, 12.5, 12.6, 6.0, 149.0, 0.0, 0.0, 80.0, 2020-04-29 13:00:00, 0.0
85.0, 56.0, 16.3, 0.0, 1.2, 8.3, 9.5, 4.2, 148.0, 0.0, 0.0, 92.0, 2020-04-29 14:00:00, 0.0
61.0, 80.0, 12.5, 0.0, 2.8, 7.6, 6.0, 4.1, 138.0, 0.0, 0.0, 94.0, 2020-04-29 15:00:00, 0.0
73.0, 92.0, 8.3, 0.0, 3.0, 7.9, 4.2, 3.9, 85.0, 0.0, 0.0, 95.0, 2020-04-29 16:00:00, 0.0
80.0, 94.0, 7.6, 0.0, 3.2, 10.8, 4.1, 4.3, 61.0, 0.0, 0.0, 94.0, 2020-04-29 17:00:00, 0.0
111.0, 95.0, 7.9, 0.0, 3.2, 5.4, 3.9, 3.1, 73.0, 0.0, 0.0, 96.0, 2020-04-29 18:00:00, 0.0
347.0, 94.0, 10.8, 0.0, 3.4, 3.4, 4.3, 2.7, 80.0, 0.0, 0.0, 97.0, 2020-04-29 19:00:00, 0.0
103.0, 96.0, 5.4, 0.0, 2.5, 9.1, 3.1, 2.4, 111.0, 0.0, 0.0, 97.0, 2020-04-29 20:00:00, 0.0
96.0, 97.0, 3.4, 0.0, 2.3, 4.9, 2.7, 2.8, 347.0, 0.0, 0.0, 97.0, 2020-04-29 21:00:00, 0.0
71.0, 97.0, 9.1, 0.0, 2.0, 8.2, 2.4, 3.4, 103.0, 0.0, 0.0, 97.0, 2020-04-29 22:00:00, 0.0
81.0, 97.0, 4.9, 0.0, 2.4, 11.3, 2.8, 3.4, 96.0, 0.0, 0.0, 97.0, 2020-04-29 23:00:00, 0.0
72.0, 97.0, 8.2, 0.0, 3.0, 5.8, 3.4, 2.6, 71.0, 0.0, 0.0, 97.0, 2020-04-30 00:00:00, 0.0
105.0, 97.0, 11.3, 0.0, 3.0, 9.4, 3.4, 2.9, 81.0, 0.0, 0.0, 98.0, 2020-04-30 01:00:00, 0.0
67.0, 97.0, 5.8, 0.0, 2.2, 7.2, 2.6, 3.0, 72.0, 0.0, 0.0, 98.0, 2020-04-30 02:00:00, 0.0
48.0, 98.0, 9.4, 0.0, 2.6, 6.1, 2.9, 2.7, 105.0, 0.0, 0.0, 98.0, 2020-04-30 03:00:00, 0.0
341.0, 98.0, 7.2, 0.0, 2.7, 6.9, 3.0, 2.7, 67.0, 0.0, 0.0, 98.0, 2020-04-30 04:00:00, 0.0
146.0, 98.0, 6.1, 0.0, 2.4, 5.5, 2.7, 2.8, 48.0, 0.0, 0.0, 98.0, 2020-04-30 05:00:00, 0.0
109.0, 98.0, 6.9, 0.0, 2.4, 5.6, 2.7, 3.2, 341.0, 0.0, 0.0, 97.0, 2020-04-30 06:00:00, 0.0
149.0, 98.0, 5.5, 0.0, 2.5, 4.0, 2.8, 5.4, 146.0, 0.0, 0.0, 96.0, 2020-04-30 07:00:00, 0.0
179.0, 97.0, 5.6, 0.0, 2.8, 6.9, 3.2, 5.4, 109.0, 0.0, 0.0, 92.0, 2020-04-30 08:00:00, 0.0
147.0, 96.0, 4.0, 0.0, 4.8, 3.3, 5.4, 8.0, 149.0, 0.0, 0.0, 81.0, 2020-04-30 09:00:00, 0.0
235.0, 92.0, 6.9, 0.0, 4.2, 5.2, 5.4, 9.5, 179.0, 0.0, 0.0, 82.0, 2020-04-30 10:00:00, 0.0
315.0, 81.0, 3.3, 0.0, 4.9, 11.6, 8.0, 6.3, 147.0, 0.0, 0.0, 76.0, 2020-04-30 11:00:00, 0.0
231.0, 82.0, 5.2, 0.0, 6.6, 8.2, 9.5, 10.6, 235.0, 0.0, 0.0, 63.0, 2020-04-30 12:00:00, 0.0
183.0, 76.0, 11.6, 0.0, 2.4, 3.9, 6.3, 10.0, 315.0, 0.0, 0.0, 60.0, 2020-04-30 13:00:00, 0.0
171.0, 63.0, 8.2, 0.0, 3.9, 7.3, 10.6, 13.0, 231.0, 0.0, 0.0, 47.0, 2020-04-30 14:00:00, 0.0
207.0, 60.0, 3.9, 0.0, 2.6, 3.9, 10.0, 11.5, 183.0, 0.0, 0.0, 48.0, 2020-04-30 15:00:00, 0.0
6.0, 47.0, 7.3, 0.0, 2.0, 4.1, 13.0, 8.8, 171.0, 0.0, 0.0, 65.0, 2020-04-30 16:00:00, 0.0
37.0, 48.0, 3.9, 0.0, 0.9, 5.1, 11.5, 6.0, 207.0, 0.0, 0.0, 70.0, 2020-04-30 17:00:00, 0.0
21.0, 65.0, 4.1, 0.0, 2.6, 6.5, 8.8, 2.8, 6.0, 0.0, 0.0, 84.0, 2020-04-30 18:00:00, 0.0
22.0, 70.0, 5.1, 0.0, 0.9, 8.4, 6.0, 2.2, 37.0, 0.0, 0.0, 82.0, 2020-04-30 19:00:00, 0.0
20.0, 84.0, 6.5, 0.0, 0.4, 8.2, 2.8, 1.8, 21.0, 0.0, 0.0, 84.0, 2020-04-30 20:00:00, 0.0
14.0, 82.0, 8.4, 0.0, -0.6, 6.3, 2.2, 1.7, 22.0, 0.0, 0.0, 82.0, 2020-04-30 21:00:00, 0.0
15.0, 84.0, 8.2, 0.0, -0.6, 5.2, 1.8, 1.4, 20.0, 0.0, 0.0, 85.0, 2020-04-30 22:00:00, 0.0
19.0, 82.0, 6.3, 0.0, -1.0, 6.4, 1.7, 1.1, 14.0, 0.0, 0.0, 87.0, 2020-04-30 23:00:00, 0.0
83.0, 85.0, 5.2, 0.0, -0.8, 4.5, 1.4, 1.4, 15.0, 0.0, 0.0, 85.0, 2020-05-01 00:00:00, 0.0
18.0, 87.0, 6.4, 0.0, -0.8, 3.9, 1.1, 0.3, 19.0, 0.0, 0.0, 90.0, 2020-05-01 01:00:00, 0.0
20.0, 85.0, 4.5, 0.0, -0.8, 3.8, 1.4, 0.3, 83.0, 0.0, 0.0, 88.0, 2020-05-01 02:00:00, 0.0
88.0, 90.0, 3.9, 0.0, -1.1, 4.2, 0.3, -0.4, 18.0, 0.0, 0.0, 93.0, 2020-05-01 03:00:00, 0.0
62.0, 88.0, 3.8, 0.0, -1.5, 3.3, 0.3, -0.1, 20.0, 0.0, 0.0, 92.0, 2020-05-01 04:00:00, 0.0
51.0, 93.0, 4.2, 0.0, -1.4, 2.4, -0.4, 0.5, 88.0, 0.0, 0.0, 92.0, 2020-05-01 05:00:00, 0.0
193.0, 92.0, 3.3, 0.0, -1.2, 3.5, -0.1, 3.2, 62.0, 0.0, 0.0, 81.0, 2020-05-01 06:00:00, 0.0
186.0, 92.0, 2.4, 0.0, -0.6, 4.7, 0.5, 5.4, 51.0, 0.0, 0.0, 74.0, 2020-05-01 07:00:00, 0.0
201.0, 81.0, 3.5, 0.0, 0.3, 6.0, 3.2, 7.5, 193.0, 0.0, 0.0, 66.0, 2020-05-01 08:00:00, 0.0
219.0, 74.0, 4.7, 0.0, 1.1, 6.7, 5.4, 9.4, 186.0, 0.0, 0.0, 56.0, 2020-05-01 09:00:00, 0.0
223.0, 66.0, 6.0, 0.0, 1.6, 6.5, 7.5, 10.8, 201.0, 0.0, 0.0, 45.0, 2020-05-01 10:00:00, 0.0
175.0, 56.0, 6.7, 0.0, 1.1, 7.0, 9.4, 13.7, 219.0, 0.0, 0.0, 38.0, 2020-05-01 11:00:00, 0.0
125.0, 45.0, 6.5, 0.0, -0.7, 4.1, 10.8, 13.2, 223.0, 0.0, 0.0, 30.0, 2020-05-01 12:00:00, 0.0
160.0, 38.0, 7.0, 0.0, -0.4, 5.4, 13.7, 15.5, 175.0, 0.0, 0.0, 27.0, 2020-05-01 13:00:00, 0.0
187.0, 30.0, 4.1, 0.0, -4.0, 8.1, 13.2, 16.3, 125.0, 0.0, 0.0, 24.0, 2020-05-01 14:00:00, 0.0
187.0, 27.0, 5.4, 0.0, -3.4, 5.6, 15.5, 15.4, 160.0, 0.0, 0.0, 28.0, 2020-05-01 15:00:00, 0.0
38.0, 24.0, 8.1, 0.0, -4.3, 4.7, 16.3, 11.4, 187.0, 0.0, 0.0, 41.0, 2020-05-01 16:00:00, 0.0
38.0, 28.0, 5.6, 0.0, -3.0, 5.4, 15.4, 8.4, 187.0, 0.0, 0.0, 52.0, 2020-05-01 17:00:00, 0.0
29.0, 41.0, 4.7, 0.0, -1.4, 8.3, 11.4, 4.7, 38.0, 0.0, 0.0, 64.0, 2020-05-01 18:00:00, 0.0
32.0, 52.0, 5.4, 0.0, -0.9, 9.5, 8.4, 4.1, 38.0, 0.0, 0.0, 67.0, 2020-05-01 19:00:00, 0.0
46.0, 64.0, 8.3, 0.0, -1.5, 7.7, 4.7, 3.7, 29.0, 0.0, 0.0, 67.0, 2020-05-01 20:00:00, 0.0
44.0, 67.0, 9.5, 0.0, -1.5, 6.5, 4.1, 3.5, 32.0, 0.0, 0.0, 70.0, 2020-05-01 21:00:00, 0.0
55.0, 67.0, 7.7, 0.0, -1.9, 6.0, 3.7, 3.4, 46.0, 0.0, 0.0, 72.0, 2020-05-01 22:00:00, 0.0
67.0, 70.0, 6.5, 0.0, -1.5, 10.8, 3.5, 3.8, 44.0, 0.0, 0.0, 70.0, 2020-05-01 23:00:00, 0.0
31.0, 72.0, 6.0, 0.0, -1.2, 3.8, 3.4, 2.9, 55.0, 0.0, 0.0, 75.0, 2020-05-02 00:00:00, 0.0
56.0, 70.0, 10.8, 0.0, -1.2, 5.0, 3.8, 3.3, 67.0, 0.0, 0.0, 74.0, 2020-05-02 01:00:00, 0.0
19.0, 75.0, 3.8, 0.0, -1.1, 3.4, 2.9, 2.6, 31.0, 0.0, 0.0, 78.0, 2020-05-02 02:00:00, 0.0
105.0, 74.0, 5.0, 0.0, -0.9, 5.7, 3.3, 2.4, 56.0, 0.0, 0.0, 79.0, 2020-05-02 03:00:00, 0.0
78.0, 78.0, 3.4, 0.0, -0.8, 3.6, 2.6, 1.9, 19.0, 0.0, 0.0, 81.0, 2020-05-02 04:00:00, 0.0
46.0, 79.0, 5.7, 0.0, -0.9, 5.2, 2.4, 2.0, 105.0, 0.0, 0.0, 78.0, 2020-05-02 05:00:00, 0.0
129.0, 81.0, 3.6, 0.0, -1.0, 7.4, 1.9, 6.7, 78.0, 0.0, 0.0, 59.0, 2020-05-02 06:00:00, 0.0
146.0, 78.0, 5.2, 0.0, -1.4, 5.7, 2.0, 9.1, 46.0, 0.0, 0.0, 49.0, 2020-05-02 07:00:00, 0.0
120.0, 59.0, 7.4, 0.0, -0.7, 9.6, 6.7, 10.6, 129.0, 0.0, 0.0, 45.0, 2020-05-02 08:00:00, 0.0
142.0, 49.0, 5.7, 0.0, -1.0, 8.8, 9.1, 11.9, 146.0, 0.0, 0.0, 44.0, 2020-05-02 09:00:00, 0.0
159.0, 45.0, 9.6, 0.0, -0.8, 10.5, 10.6, 13.7, 120.0, 0.0, 0.0, 38.0, 2020-05-02 10:00:00, 0.0
158.0, 44.0, 8.8, 0.0, 0.0, 16.0, 11.9, 15.0, 142.0, 0.0, 0.0, 33.0, 2020-05-02 11:00:00, 0.0
140.0, 38.0, 10.5, 0.0, -0.4, 11.1, 13.7, 14.8, 159.0, 0.0, 0.0, 34.0, 2020-05-02 12:00:00, 0.0
159.0, 33.0, 16.0, 0.0, -1.1, 12.0, 15.0, 17.4, 158.0, 0.0, 0.0, 29.0, 2020-05-02 13:00:00, 0.0
134.0, 34.0, 11.1, 0.0, -0.9, 10.8, 14.8, 16.3, 140.0, 0.0, 0.0, 30.0, 2020-05-02 14:00:00, 0.0
125.0, 29.0, 12.0, 0.0, -0.8, 9.0, 17.4, 15.1, 159.0, 0.0, 0.0, 31.0, 2020-05-02 15:00:00, 0.0
132.0, 30.0, 10.8, 0.0, -1.3, 9.3, 16.3, 12.5, 134.0, 0.0, 0.0, 38.0, 2020-05-02 16:00:00, 0.0
75.0, 31.0, 9.0, 0.0, -1.9, 6.7, 15.1, 9.9, 125.0, 0.0, 0.0, 48.0, 2020-05-02 17:00:00, 0.0
49.0, 38.0, 9.3, 0.0, -1.4, 6.7, 12.5, 6.7, 132.0, 0.0, 0.0, 58.0, 2020-05-02 18:00:00, 0.0
58.0, 48.0, 6.7, 0.0, -0.6, 9.4, 9.9, 5.5, 75.0, 0.0, 0.0, 63.0, 2020-05-02 19:00:00, 0.0
88.0, 58.0, 6.7, 0.0, -1.0, 6.3, 6.7, 6.0, 49.0, 0.0, 0.0, 62.0, 2020-05-02 20:00:00, 0.0
65.0, 63.0, 9.4, 0.0, -1.0, 7.8, 5.5, 5.8, 58.0, 0.0, 0.0, 66.0, 2020-05-02 21:00:00, 0.0
49.0, 62.0, 6.3, 0.0, -0.7, 8.0, 6.0, 5.2, 88.0, 0.0, 0.0, 68.0, 2020-05-02 22:00:00, 0.0
39.0, 66.0, 7.8, 0.0, -0.1, 9.9, 5.8, 4.4, 65.0, 0.0, 0.0, 71.0, 2020-05-02 23:00:00, 0.0
5.0, 68.0, 8.0, 0.0, -0.2, 5.2, 5.2, 3.9, 49.0, 0.0, 0.0, 75.0, 2020-05-03 00:00:00, 0.0
70.0, 71.0, 9.9, 0.0, -0.4, 9.9, 4.4, 4.2, 39.0, 0.0, 0.0, 74.0, 2020-05-03 01:00:00, 0.0
97.0, 75.0, 5.2, 0.0, -0.1, 7.4, 3.9, 4.9, 5.0, 0.0, 0.0, 72.0, 2020-05-03 02:00:00, 0.0
352.0, 74.0, 9.9, 0.0, 0.0, 4.9, 4.2, 3.6, 70.0, 0.0, 0.0, 79.0, 2020-05-03 03:00:00, 0.0
6.0, 72.0, 7.4, 0.0, 0.3, 6.7, 4.9, 3.0, 97.0, 0.0, 0.0, 95.0, 2020-05-03 04:00:00, 0.0
349.0, 79.0, 4.9, 0.0, 0.3, 8.9, 3.6, 3.8, 352.0, 0.0, 0.0, 91.0, 2020-05-03 05:00:00, 0.0
351.0, None, None, 0.0, None, 6.2, None, 3.7, None, None, None, 93.0, 2020-05-03 06:00:00, None
349.0, None, None, 0.0, None, 5.0, None, 3.7, None, None, None, 90.0, 2020-05-03 07:00:00, None
258.0, None, None, 0.0, None, 7.6, None, 6.2, None, None, None, 73.0, 2020-05-03 08:00:00, None
250.0, 90.0, 5.0, 0.0, 2.2, 7.5, 3.7, 7.4, 349.0, 0.0, None, 67.0, 2020-05-03 09:00:00, 0.0
233.0, 73.0, 7.6, 0.0, 1.7, 11.3, 6.2, 9.1, 258.0, 0.0, 0.0, 50.0, 2020-05-03 10:00:00, 0.0
231.0, 67.0, 7.5, 0.0, 1.7, 17.3, 7.4, 11.3, 250.0, 0.0, 0.0, 39.0, 2020-05-03 11:00:00, 0.0
197.0, 50.0, 11.3, 0.0, -0.8, 6.7, 9.1, 7.2, 233.0, 0.0, 0.0, 61.0, 2020-05-03 12:00:00, 0.0
171.0, 39.0, 17.3, 0.0, -2.1, 5.8, 11.3, 10.7, 231.0, 0.0, 0.0, 39.0, 2020-05-03 13:00:00, 0.0
226.0, 61.0, 6.7, 0.0, 0.2, 7.6, 7.2, 8.9, 197.0, 0.0, 0.0, 42.0, 2020-05-03 14:00:00, 0.0
238.0, 39.0, 5.8, 0.0, -2.7, 7.9, 10.7, 9.6, 171.0, 0.0, 0.0, 42.0, 2020-05-03 15:00:00, 0.0
246.0, 42.0, 7.6, 0.0, -3.3, 5.7, 8.9, 7.8, 226.0, 0.0, 0.0, 44.0, 2020-05-03 16:00:00, 0.0
261.0, 42.0, 7.9, 0.0, -2.7, 8.0, 9.6, 7.8, 238.0, 0.0, 0.0, 43.0, 2020-05-03 17:00:00, 0.0
11.0, 44.0, 5.7, 0.0, -3.7, 5.9, 7.8, 3.6, 246.0, 0.0, 0.0, 68.0, 2020-05-03 18:00:00, 0.0
356.0, 43.0, 8.0, 0.0, -4.0, 9.2, 7.8, 2.9, 261.0, 0.0, 0.0, 62.0, 2020-05-03 19:00:00, 0.0
6.0, 68.0, 5.9, 0.0, -1.7, 7.7, 3.6, 2.9, 11.0, 0.0, 0.0, 70.0, 2020-05-03 20:00:00, 0.0
350.0, 62.0, 9.2, 0.0, -3.7, 6.7, 2.9, 2.6, 356.0, 0.0, 0.0, 67.0, 2020-05-03 21:00:00, 0.0
9.0, 70.0, 7.7, 0.0, -2.0, 5.4, 2.9, 2.1, 6.0, 0.0, 0.0, 69.0, 2020-05-03 22:00:00, 0.0
26.0, 67.0, 6.7, 0.0, -2.9, 4.7, 2.6, 2.5, 350.0, 0.0, 0.0, 73.0, 2020-05-03 23:00:00, 0.0
329.0, 69.0, 5.4, 0.0, -3.0, 6.5, 2.1, 2.5, 9.0, 0.0, 0.0, 76.0, 2020-05-04 00:00:00, 0.0
7.0, 73.0, 4.7, 0.0, -1.8, 4.4, 2.5, 2.5, 26.0, 0.0, 0.0, 73.0, 2020-05-04 01:00:00, 0.0
10.0, 76.0, 6.5, 0.0, -1.3, 4.1, 2.5, 2.7, 329.0, 0.0, 0.0, 73.0, 2020-05-04 02:00:00, 0.0
37.0, 73.0, 4.4, 0.0, -1.8, 4.4, 2.5, 2.7, 7.0, 0.0, 0.0, 62.0, 2020-05-04 03:00:00, 0.0
1.0, 73.0, 4.1, 0.0, -1.7, 4.1, 2.7, 2.5, 10.0, 0.0, 0.0, 74.0, 2020-05-04 04:00:00, 0.0
300.0, 62.0, 4.4, 0.0, -3.8, 6.6, 2.7, 3.4, 37.0, 0.0, 0.0, 64.0, 2020-05-04 05:00:00, 0.0
294.0, 74.0, 4.1, 0.0, -1.7, 5.2, 2.5, 5.6, 1.0, 0.0, 0.0, 56.0, 2020-05-04 06:00:00, 0.0
270.0, 64.0, 6.6, 0.0, -2.8, 8.7, 3.4, 6.3, 300.0, 0.0, 0.0, 52.0, 2020-05-04 07:00:00, 0.0
249.0, 56.0, 5.2, 0.0, -2.5, 7.8, 5.6, 6.9, 294.0, 0.0, 0.0, 53.0, 2020-05-04 08:00:00, 0.0
238.0, 52.0, 8.7, 0.0, -2.8, 8.4, 6.3, 8.0, 270.0, 0.0, 0.0, 46.0, 2020-05-04 09:00:00, 0.0
241.0, 53.0, 7.8, 0.0, -2.0, 9.0, 6.9, 8.7, 249.0, 0.0, 0.0, 37.0, 2020-05-04 10:00:00, 0.0
232.0, 46.0, 8.4, 0.0, -2.9, 11.9, 8.0, 11.0, 238.0, 0.0, 0.0, 37.0, 2020-05-04 11:00:00, 0.0
243.0, 37.0, 9.0, 0.0, -5.2, 11.3, 8.7, 11.1, 241.0, 0.0, 0.0, 35.0, 2020-05-04 12:00:00, 0.0
237.0, 37.0, 11.9, 0.0, -3.1, 9.8, 11.0, 12.1, 232.0, 0.0, 0.0, 31.0, 2020-05-04 13:00:00, 0.0
212.0, 35.0, 11.3, 0.0, -3.8, 10.2, 11.1, 12.4, 243.0, 0.0, 0.0, 30.0, 2020-05-04 14:00:00, 0.0
185.0, 31.0, 9.8, 0.0, -4.5, 7.9, 12.1, 13.4, 237.0, 0.0, 0.0, 29.0, 2020-05-04 15:00:00, 0.0
179.0, 30.0, 10.2, 0.0, -4.7, 8.1, 12.4, 13.6, 212.0, 0.0, 0.0, 24.0, 2020-05-04 16:00:00, 0.0
30.0, 29.0, 7.9, 0.0, -4.3, 3.9, 13.4, 8.9, 185.0, 0.0, 0.0, 48.0, 2020-05-04 17:00:00, 0.0
28.0, 24.0, 8.1, 0.0, -6.6, 7.5, 13.6, 4.2, 179.0, 0.0, 0.0, 59.0, 2020-05-04 18:00:00, 0.0
32.0, 48.0, 3.9, 0.0, -1.5, 5.5, 8.9, 3.4, 30.0, 0.0, 0.0, 62.0, 2020-05-04 19:00:00, 0.0
37.0, 59.0, 7.5, 0.0, -3.1, 8.9, 4.2, 2.5, 28.0, 0.0, 0.0, 64.0, 2020-05-04 20:00:00, 0.0
40.0, 62.0, 5.5, 0.0, -3.2, 7.2, 3.4, 2.5, 32.0, 0.0, 0.0, 65.0, 2020-05-04 21:00:00, 0.0
38.0, 64.0, 8.9, 0.0, -3.6, 10.3, 2.5, 2.0, 37.0, 0.0, 0.0, 69.0, 2020-05-04 22:00:00, 0.0
40.0, 65.0, 7.2, 0.0, -3.4, 6.2, 2.5, 1.6, 40.0, 0.0, 0.0, 69.0, 2020-05-04 23:00:00, 0.0
60.0, 69.0, 10.3, 0.0, -3.1, 8.5, 2.0, 1.8, 38.0, 0.0, 0.0, 67.0, 2020-05-05 00:00:00, 0.0
84.0, 69.0, 6.2, 0.0, -3.5, 5.7, 1.6, 0.6, 40.0, 0.0, 0.0, 75.0, 2020-05-05 01:00:00, 0.0
70.0, 67.0, 8.5, 0.0, -3.7, 4.3, 1.8, 0.8, 60.0, 0.0, 0.0, 74.0, 2020-05-05 02:00:00, 0.0
27.0, 75.0, 5.7, 0.0, -3.3, 3.1, 0.6, -0.1, 84.0, 0.0, 0.0, 81.0, 2020-05-05 03:00:00, 0.0
78.0, 74.0, 4.3, 0.0, -3.3, 3.1, 0.8, 0.2, 70.0, 0.0, 0.0, 77.0, 2020-05-05 04:00:00, 0.0
105.0, 81.0, 3.1, 0.0, -3.0, 3.7, -0.1, 0.5, 27.0, 0.0, 0.0, 72.0, 2020-05-05 05:00:00, 0.0
132.0, 77.0, 3.1, 0.0, -3.4, 4.8, 0.2, 4.8, 78.0, 0.0, 0.0, 54.0, 2020-05-05 06:00:00, 0.0
127.0, 72.0, 3.7, 0.0, -4.0, 9.9, 0.5, 6.9, 105.0, 0.0, 0.0, 44.0, 2020-05-05 07:00:00, 0.0
168.0, 54.0, 4.8, 0.0, -3.7, 7.5, 4.8, 8.4, 132.0, 0.0, 0.0, 47.0, 2020-05-05 08:00:00, 0.0
167.0, 44.0, 9.9, 0.0, -4.5, 7.8, 6.9, 9.1, 127.0, 0.0, 0.0, 42.0, 2020-05-05 09:00:00, 0.0
206.0, 47.0, 7.5, 0.0, -2.3, 6.7, 8.4, 10.4, 168.0, 0.0, 0.0, 32.0, 2020-05-05 10:00:00, 0.0
187.0, 42.0, 7.8, 0.0, -3.1, 11.3, 9.1, 13.0, 167.0, 0.0, 0.0, 27.0, 2020-05-05 11:00:00, 0.0
177.0, 32.0, 6.7, 0.0, -5.6, 9.9, 10.4, 14.1, 206.0, 0.0, 0.0, 25.0, 2020-05-05 12:00:00, 0.0
180.0, 27.0, 11.3, 0.0, -5.6, 10.0, 13.0, 16.6, 187.0, 0.0, 0.0, 25.0, 2020-05-05 13:00:00, 0.0
186.0, 25.0, 9.9, 0.0, -5.6, 9.5, 14.1, 17.0, 177.0, 0.0, 0.0, 24.0, 2020-05-05 14:00:00, 0.0
161.0, 25.0, 10.0, 0.0, -3.5, 7.0, 16.6, 15.3, 180.0, 0.0, 0.0, 24.0, 2020-05-05 15:00:00, 0.0
71.0, 24.0, 9.5, 0.0, -3.7, 3.3, 17.0, 10.8, 186.0, 0.0, 0.0, 44.0, 2020-05-05 16:00:00, 0.0
57.0, 24.0, 7.0, 0.0, -5.1, 7.3, 15.3, 8.6, 161.0, 0.0, 0.0, 49.0, 2020-05-05 17:00:00, 0.0
21.0, 44.0, 3.3, 0.0, -1.0, 5.3, 10.8, 5.4, 71.0, 0.0, 0.0, 63.0, 2020-05-05 18:00:00, 0.0
25.0, 49.0, 7.3, 0.0, -1.5, 8.6, 8.6, 4.4, 57.0, 0.0, 0.0, 63.0, 2020-05-05 19:00:00, 0.0
27.0, 63.0, 5.3, 0.0, -1.1, 9.5, 5.4, 3.9, 21.0, 0.0, 0.0, 63.0, 2020-05-05 20:00:00, 0.0
16.0, 63.0, 8.6, 0.0, -2.0, 5.6, 4.4, 3.3, 25.0, 0.0, 0.0, 67.0, 2020-05-05 21:00:00, 0.0
25.0, 63.0, 9.5, 0.0, -2.5, 6.1, 3.9, 3.2, 27.0, 0.0, 0.0, 68.0, 2020-05-05 22:00:00, 0.0
29.0, 67.0, 5.6, 0.0, -2.2, 5.3, 3.3, 2.9, 16.0, 0.0, 0.0, 70.0, 2020-05-05 23:00:00, 0.0
31.0, 68.0, 6.1, 0.0, -2.1, 5.2, 3.2, 2.5, 25.0, 0.0, 0.0, 71.0, 2020-05-06 00:00:00, 0.0
31.0, 70.0, 5.3, 0.0, -2.0, 4.1, 2.9, 2.5, 29.0, 0.0, 0.0, 71.0, 2020-05-06 01:00:00, 0.0
75.0, 71.0, 5.2, 0.0, -2.2, 4.2, 2.5, 2.1, 31.0, 0.0, 0.0, 75.0, 2020-05-06 02:00:00, 0.0
54.0, 71.0, 4.1, 0.0, -2.2, 4.4, 2.5, 1.9, 31.0, 0.0, 0.0, 77.0, 2020-05-06 03:00:00, 0.0
92.0, 75.0, 4.2, 0.0, -1.9, 2.1, 2.1, 1.3, 75.0, 0.0, 0.0, 79.0, 2020-05-06 04:00:00, 0.0
103.0, 77.0, 4.4, 0.0, -1.7, 5.0, 1.9, 3.4, 54.0, 0.0, 0.0, 71.0, 2020-05-06 05:00:00, 0.0
126.0, 79.0, 2.1, 0.0, -1.9, 3.2, 1.3, 4.5, 92.0, 0.0, 0.0, 68.0, 2020-05-06 06:00:00, 0.0
125.0, 71.0, 5.0, 0.0, -1.4, 11.4, 3.4, 6.7, 103.0, 0.0, 0.0, 54.0, 2020-05-06 07:00:00, 0.0
168.0, 68.0, 3.2, 0.0, -0.9, 1.9, 4.5, 8.1, 126.0, 0.0, 0.0, 56.0, 2020-05-06 08:00:00, 0.0
240.0, 54.0, 11.4, 0.0, -1.9, 3.9, 6.7, 8.2, 125.0, 0.0, 0.0, 59.0, 2020-05-06 09:00:00, 0.0
222.0, 56.0, 1.9, 0.0, -0.1, 3.8, 8.1, 8.2, 168.0, 0.0, 0.0, 56.0, 2020-05-06 10:00:00, 0.0
133.0, 59.0, 3.9, 0.0, 0.7, 3.8, 8.2, 10.5, 240.0, 0.0, 0.0, 51.0, 2020-05-06 11:00:00, 0.0
271.0, 56.0, 3.8, 0.0, -0.1, 3.5, 8.2, 6.6, 222.0, 0.0, 0.0, 64.0, 2020-05-06 12:00:00, 0.0
41.0, 51.0, 3.8, 0.0, 0.8, 5.7, 10.5, 6.3, 133.0, 0.0, 0.0, 82.0, 2020-05-06 13:00:00, 0.0
342.0, 64.0, 3.5, 0.0, 0.3, 7.6, 6.6, 7.7, 271.0, 0.0, 0.0, 71.0, 2020-05-06 14:00:00, 0.0
315.0, 82.0, 5.7, 0.0, 3.5, 7.0, 6.3, 7.7, 41.0, 0.0, 0.0, 73.0, 2020-05-06 15:00:00, 0.0
52.0, 71.0, 7.6, 0.0, 2.8, 3.2, 7.7, 4.8, 342.0, 0.0, 0.0, 87.0, 2020-05-06 16:00:00, 0.0
224.0, 73.0, 7.0, 0.0, 3.2, 4.3, 7.7, 5.2, 315.0, 0.0, 0.0, 84.0, 2020-05-06 17:00:00, 0.0
80.0, 87.0, 3.2, 0.0, 2.8, 3.4, 4.8, 3.9, 52.0, 0.0, 0.0, 92.0, 2020-05-06 18:00:00, 0.0
38.0, 84.0, 4.3, 0.0, 2.7, 4.9, 5.2, 3.4, 224.0, 0.0, 0.0, 95.0, 2020-05-06 19:00:00, 0.0
29.0, 92.0, 3.4, 0.0, 2.7, 3.2, 3.9, 3.0, 80.0, 0.0, 0.0, 96.0, 2020-05-06 20:00:00, 0.0
40.0, 95.0, 4.9, 0.0, 2.7, 3.0, 3.4, 2.9, 38.0, 0.0, 0.0, 96.0, 2020-05-06 21:00:00, 0.0
355.0, 96.0, 3.2, 0.0, 2.4, 2.8, 3.0, 2.7, 29.0, 0.0, 0.0, 96.0, 2020-05-06 22:00:00, 0.0
23.0, 96.0, 3.0, 0.0, 2.3, 3.6, 2.9, 2.7, 40.0, 0.0, 0.0, 96.0, 2020-05-06 23:00:00, 0.0
4.0, 96.0, 2.8, 0.0, 2.1, 3.9, 2.7, 2.7, 355.0, 0.0, 0.0, 97.0, 2020-05-07 00:00:00, 0.0
318.0, 96.0, 3.6, 0.0, 2.1, 8.7, 2.7, 3.9, 23.0, 0.0, 0.0, 90.0, 2020-05-07 01:00:00, 0.0
333.0, 97.0, 3.9, 0.0, 2.3, 5.0, 2.7, 3.6, 4.0, 0.0, 0.0, 91.0, 2020-05-07 02:00:00, 0.0
319.0, 90.0, 8.7, 0.0, 2.4, 7.9, 3.9, 3.8, 318.0, 0.0, 0.0, 89.0, 2020-05-07 03:00:00, 0.0
320.0, 91.0, 5.0, 0.0, 2.3, 6.6, 3.6, 3.5, 333.0, 0.0, 0.0, 90.0, 2020-05-07 04:00:00, 0.0
271.0, 89.0, 7.9, 0.0, 2.2, 5.4, 3.8, 4.4, 319.0, 0.0, 0.0, 89.0, 2020-05-07 05:00:00, 0.0
302.0, 90.0, 6.6, 0.0, 2.0, 11.2, 3.5, 5.5, 320.0, 0.0, 0.0, 82.0, 2020-05-07 06:00:00, 0.0
272.0, 89.0, 5.4, 0.0, 2.7, 8.5, 4.4, 6.3, 271.0, 0.0, 0.0, 82.0, 2020-05-07 07:00:00, 0.0
276.0, 82.0, 11.2, 0.0, 2.7, 8.6, 5.5, 6.8, 302.0, 0.0, 0.0, 79.0, 2020-05-07 08:00:00, 0.0
277.0, 82.0, 8.5, 0.0, 3.5, 14.5, 6.3, 8.0, 272.0, 0.0, 0.0, 71.0, 2020-05-07 09:00:00, 0.0
268.0, 79.0, 8.6, 0.0, 3.4, 13.2, 6.8, 8.2, 276.0, 0.0, 0.0, 72.0, 2020-05-07 10:00:00, 0.0
264.0, 71.0, 14.5, 0.0, 3.1, 13.0, 8.0, 9.1, 277.0, 0.0, 0.0, 65.0, 2020-05-07 11:00:00, 0.0
237.0, 72.0, 13.2, 0.0, 3.5, 17.5, 8.2, 11.8, 268.0, 0.0, 0.0, 56.0, 2020-05-07 12:00:00, 0.0
238.0, 65.0, 13.0, 0.0, 2.9, 17.7, 9.1, 12.9, 264.0, 0.0, 0.0, 50.0, 2020-05-07 13:00:00, 0.0
248.0, 56.0, 17.5, 0.0, 3.3, 14.3, 11.8, 13.8, 237.0, 0.0, 0.0, 41.0, 2020-05-07 14:00:00, 0.0
270.0, None, None, 0.0, None, 13.6, None, 12.1, None, None, None, 46.0, 2020-05-07 15:00:00, None
306.0, 41.0, 14.3, 0.0, 0.8, 11.0, 13.8, 10.4, 248.0, 0.0, 0.0, 50.0, 2020-05-07 16:00:00, 0.0
313.0, 46.0, 13.6, 0.0, 0.8, 8.5, 12.1, 9.2, 270.0, 0.0, 0.0, 56.0, 2020-05-07 17:00:00, 0.0
335.0, 50.0, 11.0, 0.0, 0.4, 10.3, 10.4, 8.4, 306.0, 0.0, 0.0, 55.0, 2020-05-07 18:00:00, 0.0
337.0, 56.0, 8.5, 0.0, 0.9, 8.6, 9.2, 8.5, 313.0, 0.0, 0.0, 52.0, 2020-05-07 19:00:00, 0.0
317.0, 55.0, 10.3, 0.0, -0.1, 9.6, 8.4, 7.8, 335.0, 0.0, 0.0, 58.0, 2020-05-07 20:00:00, 0.0
325.0, 52.0, 8.6, 0.0, -0.8, 11.9, 8.5, 7.4, 337.0, 0.0, 0.0, 60.0, 2020-05-07 21:00:00, 0.0
309.0, 58.0, 9.6, 0.0, 0.1, 10.3, 7.8, 7.0, 317.0, 0.0, 0.0, 61.0, 2020-05-07 22:00:00, 0.0
305.0, 60.0, 11.9, 0.0, 0.1, 4.7, 7.4, 5.5, 325.0, 0.0, 0.0, 69.0, 2020-05-07 23:00:00, 0.0
338.0, 61.0, 10.3, 0.0, 0.0, 7.5, 7.0, 4.9, 309.0, 0.0, 0.0, 75.0, 2020-05-08 00:00:00, 0.0
359.0, 69.0, 4.7, 0.0, 0.3, 5.9, 5.5, 3.5, 305.0, 0.0, 0.0, 79.0, 2020-05-08 01:00:00, 0.0
33.0, 75.0, 7.5, 0.0, 0.8, 6.6, 4.9, 2.2, 338.0, 0.0, 0.0, 85.0, 2020-05-08 02:00:00, 0.0
65.0, 79.0, 5.9, 0.0, 0.2, 5.8, 3.5, 2.3, 359.0, 0.0, 0.0, 85.0, 2020-05-08 03:00:00, 0.0
44.0, 85.0, 6.6, 0.0, -0.1, 6.6, 2.2, 2.1, 33.0, 0.0, 0.0, 86.0, 2020-05-08 04:00:00, 0.0
349.0, 85.0, 5.8, 0.0, 0.0, 8.0, 2.3, 4.2, 65.0, 0.0, 0.0, 78.0, 2020-05-08 05:00:00, 0.0
268.0, 86.0, 6.6, 0.0, 0.0, 5.7, 2.1, 7.4, 44.0, 0.0, 0.0, 67.0, 2020-05-08 06:00:00, 0.0
207.0, 78.0, 8.0, 0.0, 0.7, 6.0, 4.2, 9.0, 349.0, 0.0, 0.0, 64.0, 2020-05-08 07:00:00, 0.0
233.0, 67.0, 5.7, 0.0, 1.7, 10.6, 7.4, 11.2, 268.0, 0.0, 0.0, 54.0, 2020-05-08 08:00:00, 0.0
254.0, 64.0, 6.0, 0.0, 2.6, 11.7, 9.0, 12.9, 207.0, 0.0, 0.0, 46.0, 2020-05-08 09:00:00, 0.0
262.0, 54.0, 10.6, 0.0, 2.2, 8.7, 11.2, 13.2, 233.0, 0.0, 0.0, 44.0, 2020-05-08 10:00:00, 0.0
240.0, 46.0, 11.7, 0.0, 1.6, 9.1, 12.9, 14.8, 254.0, 0.0, 0.0, 40.0, 2020-05-08 11:00:00, 0.0
206.0, 44.0, 8.7, 0.0, 1.2, 6.4, 13.2, 15.1, 262.0, 0.0, 0.0, 41.0, 2020-05-08 12:00:00, 0.0
195.0, 40.0, 9.1, 0.0, 1.3, 5.5, 14.8, 16.3, 240.0, 0.0, 0.0, 30.0, 2020-05-08 13:00:00, 0.0
172.0, 41.0, 6.4, 0.0, 2.0, 5.0, 15.1, 16.8, 206.0, 0.0, 0.0, 28.0, 2020-05-08 14:00:00, 0.0
197.0, 30.0, 5.5, 0.0, -1.3, 7.2, 16.3, 18.5, 195.0, 0.0, 0.0, 22.0, 2020-05-08 15:00:00, 0.0
198.0, 28.0, 5.0, 0.0, -1.8, 5.7, 16.8, 17.7, 172.0, 0.0, 0.0, 31.0, 2020-05-08 16:00:00, 0.0
25.0, 22.0, 7.2, 0.0, -3.6, 3.8, 18.5, 10.0, 197.0, 0.0, 0.0, 47.0, 2020-05-08 17:00:00, 0.0
21.0, 31.0, 5.7, 0.0, 0.4, 7.5, 17.7, 5.4, 198.0, 0.0, 0.0, 64.0, 2020-05-08 18:00:00, 0.0
17.0, 47.0, 3.8, 0.0, -0.8, 6.8, 10.0, 4.8, 25.0, 0.0, 0.0, 65.0, 2020-05-08 19:00:00, 0.0
15.0, 64.0, 7.5, 0.0, -0.9, 6.3, 5.4, 4.4, 21.0, 0.0, 0.0, 66.0, 2020-05-08 20:00:00, 0.0
29.0, 65.0, 6.8, 0.0, -1.2, 7.4, 4.8, 3.5, 17.0, 0.0, 0.0, 70.0, 2020-05-08 21:00:00, 0.0
20.0, 66.0, 6.3, 0.0, -1.4, 6.1, 4.4, 3.2, 15.0, 0.0, 0.0, 72.0, 2020-05-08 22:00:00, 0.0
20.0, 70.0, 7.4, 0.0, -1.5, 5.9, 3.5, 2.9, 29.0, 0.0, 0.0, 73.0, 2020-05-08 23:00:00, 0.0
25.0, 72.0, 6.1, 0.0, -1.4, 4.8, 3.2, 2.9, 20.0, 0.0, 0.0, 73.0, 2020-05-09 00:00:00, 0.0
29.0, 73.0, 5.9, 0.0, -1.5, 5.1, 2.9, 2.1, 20.0, 0.0, 0.0, 75.0, 2020-05-09 01:00:00, 0.0
25.0, 73.0, 4.8, 0.0, -1.5, 5.1, 2.9, 2.1, 25.0, 0.0, 0.0, 75.0, 2020-05-09 02:00:00, 0.0
21.0, 75.0, 5.1, 0.0, -1.9, 6.1, 2.1, 1.7, 29.0, 0.0, 0.0, 81.0, 2020-05-09 03:00:00, 0.0
19.0, 75.0, 5.1, 0.0, -1.9, 4.1, 2.1, 1.9, 25.0, 0.0, 0.0, 79.0, 2020-05-09 04:00:00, 0.0
12.0, 81.0, 6.1, 0.0, -1.2, 3.4, 1.7, 2.1, 21.0, 0.0, 0.0, 79.0, 2020-05-09 05:00:00, 0.0
202.0, 79.0, 4.1, 0.0, -1.4, 2.6, 1.9, 6.1, 19.0, 0.0, 0.0, 61.0, 2020-05-09 06:00:00, 0.0
170.0, 79.0, 3.4, 0.0, -1.2, 4.5, 2.1, 8.2, 12.0, 0.0, 0.0, 58.0, 2020-05-09 07:00:00, 0.0
153.0, 61.0, 2.6, 0.0, -0.9, 5.2, 6.1, 10.9, 202.0, 0.0, 0.0, 47.0, 2020-05-09 08:00:00, 0.0
161.0, 58.0, 4.5, 0.0, 0.4, 6.7, 8.2, 13.3, 170.0, 0.0, 0.0, 34.0, 2020-05-09 09:00:00, 0.0
165.0, 47.0, 5.2, 0.0, 0.0, 6.5, 10.9, 15.0, 153.0, 0.0, 0.0, 30.0, 2020-05-09 10:00:00, 0.0
163.0, 34.0, 6.7, 0.0, -2.2, 8.8, 13.3, 17.2, 161.0, 0.0, 0.0, 23.0, 2020-05-09 11:00:00, 0.0
181.0, 30.0, 6.5, 0.0, -2.4, 10.3, 15.0, 17.9, 165.0, 0.0, 0.0, 24.0, 2020-05-09 12:00:00, 0.0
173.0, 23.0, 8.8, 0.0, -4.1, 10.1, 17.2, 19.9, 163.0, 0.0, 0.0, 20.0, 2020-05-09 13:00:00, 0.0
184.0, 24.0, 10.3, 0.0, -2.9, 9.4, 17.9, 18.0, 181.0, 0.0, 0.0, 23.0, 2020-05-09 14:00:00, 0.0
174.0, 20.0, 10.1, 0.0, -3.7, 11.2, 19.9, 18.8, 173.0, 0.0, 0.0, 19.0, 2020-05-09 15:00:00, 0.0
25.0, 23.0, 9.4, 0.0, -3.4, 3.1, 18.0, 13.3, 184.0, 0.0, 0.0, 35.0, 2020-05-09 16:00:00, 0.0
50.0, 19.0, 11.2, 0.0, -5.3, 4.9, 18.8, 10.1, 174.0, 0.0, 0.0, 41.0, 2020-05-09 17:00:00, 0.0
18.0, 35.0, 3.1, 0.0, -1.8, 6.0, 13.3, 6.7, 25.0, 0.0, 0.0, 52.0, 2020-05-09 18:00:00, 0.0
25.0, 41.0, 4.9, 0.0, -2.6, 8.0, 10.1, 5.5, 50.0, 0.0, 0.0, 57.0, 2020-05-09 19:00:00, 0.0
22.0, 52.0, 6.0, 0.0, -2.5, 9.7, 6.7, 4.6, 18.0, 0.0, 0.0, 63.0, 2020-05-09 20:00:00, 0.0
20.0, 57.0, 8.0, 0.0, -2.3, 9.1, 5.5, 4.0, 25.0, 0.0, 0.0, 66.0, 2020-05-09 21:00:00, 0.0
20.0, 63.0, 9.7, 0.0, -1.8, 7.5, 4.6, 3.6, 22.0, 0.0, 0.0, 67.0, 2020-05-09 22:00:00, 0.0
23.0, 66.0, 9.1, 0.0, -1.8, 8.3, 4.0, 3.3, 20.0, 0.0, 0.0, 68.0, 2020-05-09 23:00:00, 0.0
25.0, 67.0, 7.5, 0.0, -1.9, 7.4, 3.6, 3.0, 20.0, 0.0, 0.0, 67.0, 2020-05-10 00:00:00, 0.0
23.0, 68.0, 8.3, 0.0, -2.0, 7.5, 3.3, 2.6, 23.0, 0.0, 0.0, 71.0, 2020-05-10 01:00:00, 0.0
21.0, 67.0, 7.4, 0.0, -2.5, 7.2, 3.0, 2.5, 25.0, 0.0, 0.0, 72.0, 2020-05-10 02:00:00, 0.0
23.0, 71.0, 7.5, 0.0, -2.1, 6.4, 2.6, 2.0, 23.0, 0.0, 0.0, 75.0, 2020-05-10 03:00:00, 0.0
32.0, 72.0, 7.2, 0.0, -2.0, 6.0, 2.5, 2.5, 21.0, 0.0, 0.0, 73.0, 2020-05-10 04:00:00, 0.0
56.0, 75.0, 6.4, 0.0, -2.0, 2.5, 2.0, 4.1, 23.0, 0.0, 0.0, 73.0, 2020-05-10 05:00:00, 0.0
341.0, 73.0, 6.0, 0.0, -1.8, 2.2, 2.5, 4.7, 32.0, 0.0, 0.0, 70.0, 2020-05-10 06:00:00, 0.0
101.0, 73.0, 2.5, 0.0, -0.3, 3.9, 4.1, 5.9, 56.0, 0.0, 0.0, 60.0, 2020-05-10 07:00:00, 0.0
75.0, 70.0, 2.2, 0.0, -0.3, 5.8, 4.7, 7.1, 341.0, 0.0, 0.0, 58.0, 2020-05-10 08:00:00, 0.0
149.0, 60.0, 3.9, 0.0, -1.3, 5.1, 5.9, 7.6, 101.0, 0.0, 0.0, 61.0, 2020-05-10 09:00:00, 0.0
119.0, 58.0, 5.8, 0.0, -0.6, 6.1, 7.1, 8.2, 75.0, 0.0, 0.0, 58.0, 2020-05-10 10:00:00, 0.0
158.0, 61.0, 5.1, 0.0, 0.6, 8.1, 7.6, 9.0, 149.0, 0.0, 0.0, 56.0, 2020-05-10 11:00:00, 0.0
161.0, 58.0, 6.1, 0.0, 0.4, 9.6, 8.2, 11.4, 119.0, 0.0, 0.0, 44.0, 2020-05-10 12:00:00, 0.0
161.0, 56.0, 8.1, 0.0, 0.7, 14.3, 9.0, 12.1, 158.0, 0.0, 0.0, 44.0, 2020-05-10 13:00:00, 0.0
167.0, 44.0, 9.6, 0.0, -0.4, 16.3, 11.4, 13.9, 161.0, 0.0, 0.0, 39.0, 2020-05-10 14:00:00, 0.0
172.0, 44.0, 14.3, 0.0, 0.2, 13.4, 12.1, 12.2, 161.0, 0.0, 0.0, 44.0, 2020-05-10 15:00:00, 0.0
144.0, 39.0, 16.3, 0.0, 0.2, 13.5, 13.9, 10.5, 167.0, 0.0, 0.0, 48.0, 2020-05-10 16:00:00, 0.0
144.0, 44.0, 13.4, 0.0, 0.3, 8.2, 12.2, 11.3, 172.0, 0.0, 0.0, 47.0, 2020-05-10 17:00:00, 0.0
60.0, 48.0, 13.5, 0.0, 0.0, 5.4, 10.5, 6.0, 144.0, 0.0, 0.0, 68.0, 2020-05-10 18:00:00, 0.0
38.0, 47.0, 8.2, 0.0, 0.4, 7.9, 11.3, 4.2, 144.0, 0.0, 0.0, 76.0, 2020-05-10 19:00:00, 0.0
32.0, 68.0, 5.4, 0.0, 0.5, 8.2, 6.0, 3.4, 60.0, 0.0, 0.0, 78.0, 2020-05-10 20:00:00, 0.0
22.0, 76.0, 7.9, 0.0, 0.4, 7.8, 4.2, 3.0, 38.0, 0.0, 0.0, 80.0, 2020-05-10 21:00:00, 0.0
67.0, 78.0, 8.2, 0.0, -0.1, 7.9, 3.4, 3.6, 32.0, 0.0, 0.0, 80.0, 2020-05-10 22:00:00, 0.0
33.0, 80.0, 7.8, 0.0, -0.1, 6.1, 3.0, 3.3, 22.0, 0.0, 0.0, 80.0, 2020-05-10 23:00:00, 0.0
30.0, 80.0, 7.9, 0.0, 0.5, 7.4, 3.6, 2.7, 67.0, 0.0, 0.0, 83.0, 2020-05-11 00:00:00, 0.0
26.0, 80.0, 6.1, 0.0, 0.2, 7.0, 3.3, 2.2, 33.0, 0.0, 0.0, 83.0, 2020-05-11 01:00:00, 0.0
45.0, 83.0, 7.4, 0.0, 0.1, 8.5, 2.7, 2.2, 30.0, 0.0, 0.0, 80.0, 2020-05-11 02:00:00, 0.0
28.0, 83.0, 7.0, 0.0, -0.4, 8.1, 2.2, 1.9, 26.0, 0.0, 0.0, 84.0, 2020-05-11 03:00:00, 0.0
25.0, 80.0, 8.5, 0.0, -0.9, 7.4, 2.2, 1.9, 45.0, 0.0, 0.0, 82.0, 2020-05-11 04:00:00, 0.0
20.0, 84.0, 8.1, 0.0, -0.5, 5.0, 1.9, 2.0, 28.0, 0.0, 0.0, 82.0, 2020-05-11 05:00:00, 0.0
162.0, 82.0, 7.4, 0.0, -0.8, 6.8, 1.9, 6.1, 25.0, 0.0, 0.0, 60.0, 2020-05-11 06:00:00, 0.0
150.0, 82.0, 5.0, 0.0, -0.7, 11.4, 2.0, 7.7, 20.0, 0.0, 0.0, 55.0, 2020-05-11 07:00:00, 0.0
147.0, 60.0, 6.8, 0.0, -1.1, 12.8, 6.1, 10.3, 162.0, 0.0, 0.0, 40.0, 2020-05-11 08:00:00, 0.0
165.0, 55.0, 11.4, 0.0, -0.8, 15.7, 7.7, 12.2, 150.0, 0.0, 0.0, 33.0, 2020-05-11 09:00:00, 0.0
138.0, 40.0, 12.8, 0.0, -2.7, 14.2, 10.3, 9.8, 147.0, 0.0, 0.0, 36.0, 2020-05-11 10:00:00, 0.0
162.0, 33.0, 15.7, 0.0, -3.6, 16.9, 12.2, 14.0, 165.0, 0.0, 0.0, 27.0, 2020-05-11 11:00:00, 0.0
164.0, 36.0, 14.2, 0.0, -4.6, 14.4, 9.8, 14.0, 138.0, 0.0, 0.0, 28.0, 2020-05-11 12:00:00, 0.0
169.0, 27.0, 16.9, 0.0, -4.7, 10.9, 14.0, 15.6, 162.0, 0.0, 0.0, 26.0, 2020-05-11 13:00:00, 0.0
172.0, 28.0, 14.4, 0.0, -4.2, 10.2, 14.0, 16.0, 164.0, 0.0, 0.0, 24.0, 2020-05-11 14:00:00, 0.0
178.0, 26.0, 10.9, 0.0, -3.8, 10.2, 15.6, 15.5, 169.0, 0.0, 0.0, 25.0, 2020-05-11 15:00:00, 0.0
176.0, 24.0, 10.2, 0.0, -4.6, 8.4, 16.0, 15.3, 172.0, 0.0, 0.0, 22.0, 2020-05-11 16:00:00, 0.0
111.0, 25.0, 10.2, 0.0, -4.4, 3.9, 15.5, 11.1, 178.0, 0.0, 0.0, 37.0, 2020-05-11 17:00:00, 0.0
36.0, 22.0, 8.4, 0.0, -6.3, 7.1, 15.3, 5.6, 176.0, 0.0, 0.0, 55.0, 2020-05-11 18:00:00, 0.0
19.0, 37.0, 3.9, 0.0, -3.0, 7.2, 11.1, 4.0, 111.0, 0.0, 0.0, 63.0, 2020-05-11 19:00:00, 0.0
25.0, 55.0, 7.1, 0.0, -2.7, 6.4, 5.6, 3.4, 36.0, 0.0, 0.0, 62.0, 2020-05-11 20:00:00, 0.0
28.0, 63.0, 7.2, 0.0, -2.4, 4.1, 4.0, 2.9, 19.0, 0.0, 0.0, 65.0, 2020-05-11 21:00:00, 0.0
29.0, 62.0, 6.4, 0.0, -3.2, 8.0, 3.4, 2.6, 25.0, 0.0, 0.0, 62.0, 2020-05-11 22:00:00, 0.0
70.0, 65.0, 4.1, 0.0, -3.0, 8.1, 2.9, 3.5, 28.0, 0.0, 0.0, 61.0, 2020-05-11 23:00:00, 0.0
40.0, 62.0, 8.0, 0.0, -3.9, 7.4, 2.6, 2.9, 29.0, 0.0, 0.0, 61.0, 2020-05-12 00:00:00, 0.0
44.0, 61.0, 8.1, 0.0, -3.3, 8.3, 3.5, 2.5, 70.0, 0.0, 0.0, 62.0, 2020-05-12 01:00:00, 0.0
48.0, 61.0, 7.4, 0.0, -3.9, 9.0, 2.9, 2.3, 40.0, 0.0, 0.0, 67.0, 2020-05-12 02:00:00, 0.0
33.0, 62.0, 8.3, 0.0, -4.0, 8.8, 2.5, 1.8, 44.0, 0.0, 0.0, 68.0, 2020-05-12 03:00:00, 0.0
42.0, 67.0, 9.0, 0.0, -3.2, 7.6, 2.3, 1.7, 48.0, 0.0, 0.0, 68.0, 2020-05-12 04:00:00, 0.0
49.0, 68.0, 8.8, 0.0, -3.5, 4.2, 1.8, 2.6, 33.0, 0.0, 0.0, 68.0, 2020-05-12 05:00:00, 0.0
46.0, 68.0, 7.6, 0.0, -3.6, 4.5, 1.7, 3.9, 42.0, 0.0, 0.0, 69.0, 2020-05-12 06:00:00, 0.0
144.0, 68.0, 4.2, 0.0, -2.7, 6.1, 2.6, 8.9, 49.0, 0.0, 0.0, 43.0, 2020-05-12 07:00:00, 0.0
186.0, 69.0, 4.5, 0.0, -1.3, 6.1, 3.9, 10.2, 46.0, 0.0, 0.0, 39.0, 2020-05-12 08:00:00, 0.0
161.0, 43.0, 6.1, 0.0, -3.0, 6.2, 8.9, 10.5, 144.0, 0.0, 0.0, 37.0, 2020-05-12 09:00:00, 0.0
92.0, 39.0, 6.1, 0.0, -3.1, 14.2, 10.2, 10.6, 186.0, 0.0, 0.0, 34.0, 2020-05-12 10:00:00, 0.0
189.0, 37.0, 6.2, 0.0, -3.6, 10.1, 10.5, 11.5, 161.0, 0.0, 0.0, 32.0, 2020-05-12 11:00:00, 0.0
146.0, 34.0, 14.2, 0.0, -4.6, 11.3, 10.6, 10.3, 92.0, 0.0, 0.0, 38.0, 2020-05-12 12:00:00, 0.0
167.0, 32.0, 10.1, 0.0, -4.6, 13.1, 11.5, 13.3, 189.0, 0.0, 0.0, 27.0, 2020-05-12 13:00:00, 0.0
170.0, 38.0, 11.3, 0.0, -3.4, 9.6, 10.3, 13.5, 146.0, 0.0, 0.0, 30.0, 2020-05-12 14:00:00, 0.0
175.0, 27.0, 13.1, 0.0, -5.3, 8.9, 13.3, 13.8, 167.0, 0.0, 0.0, 28.0, 2020-05-12 15:00:00, 0.0
173.0, 30.0, 9.6, 0.0, -3.7, 8.6, 13.5, 13.0, 170.0, 0.0, 0.0, 27.0, 2020-05-12 16:00:00, 0.0
23.0, 28.0, 8.9, 0.0, -4.4, 3.8, 13.8, 10.6, 175.0, 0.0, 0.0, 42.0, 2020-05-12 17:00:00, 0.0
23.0, 27.0, 8.6, 0.0, -5.6, 5.5, 13.0, 4.3, 173.0, 0.0, 0.0, 63.0, 2020-05-12 18:00:00, 0.0
24.0, 42.0, 3.8, 0.0, -1.8, 9.1, 10.6, 3.1, 23.0, 0.0, 0.0, 66.0, 2020-05-12 19:00:00, 0.0
31.0, 63.0, 5.5, 0.0, -2.1, 7.3, 4.3, 2.7, 23.0, 0.0, 0.0, 64.0, 2020-05-12 20:00:00, 0.0
36.0, 66.0, 9.1, 0.0, -2.6, 9.8, 3.1, 2.4, 24.0, 0.0, 0.0, 65.0, 2020-05-12 21:00:00, 0.0
28.0, 64.0, 7.3, 0.0, -3.4, 9.1, 2.7, 1.7, 31.0, 0.0, 0.0, 67.0, 2020-05-12 22:00:00, 0.0
36.0, 65.0, 9.8, 0.0, -3.5, 7.2, 2.4, 1.4, 36.0, 0.0, 0.0, 71.0, 2020-05-12 23:00:00, 0.0
38.0, 67.0, 9.1, 0.0, -3.8, 7.9, 1.7, 1.1, 28.0, 0.0, 0.0, 66.0, 2020-05-13 00:00:00, 0.0
25.0, 71.0, 7.2, 0.0, -3.3, 4.7, 1.4, 0.6, 36.0, 0.0, 0.0, 74.0, 2020-05-13 01:00:00, 0.0
29.0, 66.0, 7.9, 0.0, -4.5, 5.1, 1.1, 0.2, 38.0, 0.0, 0.0, 69.0, 2020-05-13 02:00:00, 0.0
21.0, 74.0, 4.7, 0.0, -3.5, 4.2, 0.6, -0.4, 25.0, 0.0, 0.0, 74.0, 2020-05-13 03:00:00, 0.0
172.0, 69.0, 5.1, 0.0, -4.8, 2.1, 0.2, -0.9, 29.0, 0.0, 0.0, 86.0, 2020-05-13 04:00:00, 0.0
36.0, 74.0, 4.2, 0.0, -4.5, 3.8, -0.4, -0.3, 21.0, 0.0, 0.0, 77.0, 2020-05-13 05:00:00, 0.0
146.0, 86.0, 2.1, 0.0, -2.9, 4.0, -0.9, 4.4, 172.0, 0.0, 0.0, 64.0, 2020-05-13 06:00:00, 0.0
171.0, 77.0, 3.8, 0.0, -3.8, 4.9, -0.3, 7.0, 36.0, 0.0, 0.0, 53.0, 2020-05-13 07:00:00, 0.0
171.0, 64.0, 4.0, 0.0, -1.8, 6.4, 4.4, 8.8, 146.0, 0.0, 0.0, 45.0, 2020-05-13 08:00:00, 0.0
187.0, None, None, 0.0, None, 7.3, None, 10.8, None, None, None, 37.0, 2020-05-13 09:00:00, None
179.0, 45.0, 6.4, 0.0, -2.5, 7.6, 8.8, 13.8, 171.0, 0.0, 0.0, 28.0, 2020-05-13 10:00:00, 0.0
178.0, 37.0, 7.3, 0.0, -3.3, 9.1, 10.8, 15.3, 187.0, 0.0, 0.0, 25.0, 2020-05-13 11:00:00, 0.0
189.0, 28.0, 7.6, 0.0, -4.4, 8.9, 13.8, 15.3, 179.0, 0.0, 0.0, 22.0, 2020-05-13 12:00:00, 0.0
188.0, 25.0, 9.1, 0.0, -4.6, 9.1, 15.3, 18.0, 178.0, 0.0, 0.0, 16.0, 2020-05-13 13:00:00, 0.0
178.0, 22.0, 8.9, 0.0, -6.3, 8.6, 15.3, 18.6, 189.0, 0.0, 0.0, 17.0, 2020-05-13 14:00:00, 0.0
190.0, 16.0, 9.1, 0.0, -8.2, 9.0, 18.0, 18.7, 188.0, 0.0, 0.0, 14.0, 2020-05-13 15:00:00, 0.0
53.0, 17.0, 8.6, 0.0, -6.9, 4.4, 18.6, 13.3, 178.0, 0.0, 0.0, 22.0, 2020-05-13 16:00:00, 0.0
32.0, 14.0, 9.0, 0.0, -9.3, 4.3, 18.7, 10.5, 190.0, 0.0, 0.0, 39.0, 2020-05-13 17:00:00, 0.0
30.0, 22.0, 4.4, 0.0, -8.0, 8.0, 13.3, 6.7, 53.0, 0.0, 0.0, 52.0, 2020-05-13 18:00:00, 0.0
17.0, 39.0, 4.3, 0.0, -2.9, 6.5, 10.5, 4.7, 32.0, 0.0, 0.0, 61.0, 2020-05-13 19:00:00, 0.0
31.0, 52.0, 8.0, 0.0, -2.5, 7.7, 6.7, 4.9, 30.0, 0.0, 0.0, 57.0, 2020-05-13 20:00:00, 0.0
30.0, 61.0, 6.5, 0.0, -2.2, 8.4, 4.7, 4.5, 17.0, 0.0, 0.0, 58.0, 2020-05-13 21:00:00, 0.0
23.0, 57.0, 7.7, 0.0, -2.9, 5.6, 4.9, 4.3, 31.0, 0.0, 0.0, 62.0, 2020-05-13 22:00:00, 0.0
32.0, 58.0, 8.4, 0.0, -3.0, 7.1, 4.5, 4.3, 30.0, 0.0, 0.0, 62.0, 2020-05-13 23:00:00, 0.0
20.0, 62.0, 5.6, 0.0, -2.3, 4.1, 4.3, 4.3, 23.0, 0.0, 0.0, 64.0, 2020-05-14 00:00:00, 0.0
55.0, 62.0, 7.1, 0.0, -2.3, 5.1, 4.3, 4.4, 32.0, 0.0, 0.0, 65.0, 2020-05-14 01:00:00, 0.0
29.0, 64.0, 4.1, 0.0, -1.9, 3.7, 4.3, 4.0, 20.0, 0.0, 0.0, 69.0, 2020-05-14 02:00:00, 0.0
17.0, 65.0, 5.1, 0.0, -1.6, 4.0, 4.4, 3.4, 55.0, 0.0, 0.0, 70.0, 2020-05-14 03:00:00, 0.0
41.0, 69.0, 3.7, 0.0, -1.2, 4.4, 4.0, 3.4, 29.0, 0.0, 0.0, 75.0, 2020-05-14 04:00:00, 0.0
101.0, 70.0, 4.0, 0.0, -1.5, 6.8, 3.4, 4.5, 17.0, 0.0, 0.0, 65.0, 2020-05-14 05:00:00, 0.0
203.0, 75.0, 4.4, 0.0, -0.6, 2.2, 3.4, 6.2, 41.0, 0.0, 0.0, 63.0, 2020-05-14 06:00:00, 0.0
174.0, 65.0, 6.8, 0.0, -1.5, 3.5, 4.5, 8.5, 101.0, 0.0, 0.0, 61.0, 2020-05-14 07:00:00, 0.0
143.0, 63.0, 2.2, 0.0, -0.3, 5.3, 6.2, 11.0, 203.0, 0.0, 0.0, 42.0, 2020-05-14 08:00:00, 0.0
179.0, 61.0, 3.5, 0.0, 1.4, 6.0, 8.5, 12.6, 174.0, 0.0, 0.0, 45.0, 2020-05-14 09:00:00, 0.0
175.0, 42.0, 5.3, 0.0, -1.4, 8.7, 11.0, 16.0, 143.0, 0.0, 0.0, 38.0, 2020-05-14 10:00:00, 0.0
173.0, 45.0, 6.0, 0.0, 1.0, 9.1, 12.6, 17.0, 179.0, 0.0, 0.0, 36.0, 2020-05-14 11:00:00, 0.0
218.0, 38.0, 8.7, 0.0, 1.7, 10.4, 16.0, 18.1, 175.0, 0.0, 0.0, 33.0, 2020-05-14 12:00:00, 0.0
201.0, 36.0, 9.1, 0.0, 1.8, 10.0, 17.0, 19.3, 173.0, 0.0, 0.0, 34.0, 2020-05-14 13:00:00, 0.0
48.0, 33.0, 10.4, 0.0, 1.6, 13.8, 18.1, 17.6, 218.0, 0.0, 0.0, 31.0, 2020-05-14 14:00:00, 0.0
45.0, 34.0, 10.0, 0.0, 3.1, 10.1, 19.3, 18.7, 201.0, 0.0, 0.0, 24.0, 2020-05-14 15:00:00, 0.0
232.0, 31.0, 13.8, 0.0, 0.3, 7.1, 17.6, 18.9, 48.0, 0.0, 0.0, 32.0, 2020-05-14 16:00:00, 0.0
25.0, 24.0, 10.1, 0.0, -2.3, 4.1, 18.7, 10.6, 45.0, 0.0, 0.0, 50.0, 2020-05-14 17:00:00, 0.0
25.0, 32.0, 7.1, 0.0, 1.9, 7.0, 18.9, 6.4, 232.0, 0.0, 0.0, 67.0, 2020-05-14 18:00:00, 0.0
21.0, 50.0, 4.1, 0.0, 0.6, 9.5, 10.6, 5.2, 25.0, 0.0, 0.0, 69.0, 2020-05-14 19:00:00, 0.0
23.0, 67.0, 7.0, 0.0, 0.7, 6.4, 6.4, 5.3, 25.0, 0.0, 0.0, 67.0, 2020-05-14 20:00:00, 0.0
20.0, 69.0, 9.5, 0.0, 0.0, 5.0, 5.2, 5.2, 21.0, 0.0, 0.0, 67.0, 2020-05-14 21:00:00, 0.0
24.0, 67.0, 6.4, 0.0, -0.3, 5.1, 5.3, 4.4, 23.0, 0.0, 0.0, 75.0, 2020-05-14 22:00:00, 0.0
21.0, 67.0, 5.0, 0.0, -0.4, 4.7, 5.2, 4.4, 20.0, 0.0, 0.0, 74.0, 2020-05-14 23:00:00, 0.0
37.0, 75.0, 5.1, 0.0, 0.4, 4.5, 4.4, 4.4, 24.0, 0.0, 0.0, 73.0, 2020-05-15 00:00:00, 0.0
7.0, None, None, 0.0, None, 3.3, None, 4.1, None, None, None, 75.0, 2020-05-15 01:00:00, None
13.0, 73.0, 4.5, 0.0, 0.0, 3.5, 4.4, 3.8, 37.0, 0.0, 0.0, 77.0, 2020-05-15 02:00:00, 0.0
14.0, 75.0, 3.3, 0.0, 0.1, 2.7, 4.1, 3.7, 7.0, 0.0, 0.0, 78.0, 2020-05-15 03:00:00, 0.0
9.0, 77.0, 3.5, 0.0, 0.1, 3.2, 3.8, 4.0, 13.0, 0.0, 0.0, 78.0, 2020-05-15 04:00:00, 0.0
306.0, 78.0, 2.7, 0.0, 0.2, 2.8, 3.7, 5.0, 14.0, 0.0, 0.0, 76.0, 2020-05-15 05:00:00, 0.0
96.0, 78.0, 3.2, 0.0, 0.5, 2.3, 4.0, 6.7, 9.0, 0.0, 0.0, 75.0, 2020-05-15 06:00:00, 0.0
202.0, 76.0, 2.8, 0.0, 1.1, 3.3, 5.0, 8.1, 306.0, 0.0, 0.0, 68.0, 2020-05-15 07:00:00, 0.0
166.0, 75.0, 2.3, 0.0, 2.6, 4.7, 6.7, 9.9, 96.0, 0.0, 0.0, 62.0, 2020-05-15 08:00:00, 0.0
262.0, 68.0, 3.3, 0.0, 2.6, 9.2, 8.1, 10.4, 202.0, 0.0, 0.0, 63.0, 2020-05-15 09:00:00, 0.0
252.0, 62.0, 4.7, 0.0, 3.0, 7.6, 9.9, 11.4, 166.0, 0.0, 0.0, 63.0, 2020-05-15 10:00:00, 0.0
230.0, 63.0, 9.2, 0.0, 3.7, 12.8, 10.4, 15.6, 262.0, 0.0, 0.0, 48.0, 2020-05-15 11:00:00, 0.0
249.0, 63.0, 7.6, 0.0, 4.6, 12.8, 11.4, 16.8, 252.0, 0.0, 0.0, 44.0, 2020-05-15 12:00:00, 0.0
216.0, 48.0, 12.8, 0.0, 4.6, 7.0, 15.6, 15.1, 230.0, 0.0, 0.0, 49.0, 2020-05-15 13:00:00, 0.0
222.0, 44.0, 12.8, 0.0, 4.5, 7.4, 16.8, 16.6, 249.0, 0.0, 0.0, 40.0, 2020-05-15 14:00:00, 0.0
10.0, 49.0, 7.0, 0.0, 4.5, 2.7, 15.1, 12.3, 216.0, 0.0, 0.0, 56.0, 2020-05-15 15:00:00, 0.0
1.0, 40.0, 7.4, 0.0, 3.0, 6.3, 16.6, 7.8, 222.0, 0.0, 0.0, 73.0, 2020-05-15 16:00:00, 0.0
26.0, 56.0, 2.7, 0.0, 3.8, 11.2, 12.3, 6.9, 10.0, 0.0, 0.0, 86.0, 2020-05-15 17:00:00, 0.0
19.0, 73.0, 6.3, 0.0, 3.3, 7.6, 7.8, 5.8, 1.0, 0.0, 0.0, 82.0, 2020-05-15 18:00:00, 0.0
21.0, 86.0, 11.2, 0.0, 4.7, 8.1, 6.9, 5.1, 26.0, 0.0, 0.0, 79.0, 2020-05-15 19:00:00, 0.0
26.0, 82.0, 7.6, 0.0, 3.0, 7.7, 5.8, 5.4, 19.0, 0.0, 0.0, 74.0, 2020-05-15 20:00:00, 0.0
33.0, 79.0, 8.1, 0.0, 1.8, 7.2, 5.1, 5.4, 21.0, 0.0, 0.0, 73.0, 2020-05-15 21:00:00, 0.0
29.0, 74.0, 7.7, 0.0, 1.1, 5.0, 5.4, 5.3, 26.0, 0.0, 0.0, 74.0, 2020-05-15 22:00:00, 0.0
16.0, 73.0, 7.2, 0.0, 1.0, 4.5, 5.4, 4.8, 33.0, 0.0, 0.0, 77.0, 2020-05-15 23:00:00, 0.0
34.0, 74.0, 5.0, 0.0, 1.0, 3.9, 5.3, 4.9, 29.0, 0.0, 0.0, 76.0, 2020-05-16 00:00:00, 0.0
5.0, 77.0, 4.5, 0.0, 1.1, 6.7, 4.8, 3.7, 16.0, 0.0, 0.0, 93.0, 2020-05-16 01:00:00, 0.0
345.0, 76.0, 3.9, 0.0, 1.0, 6.1, 4.9, 3.9, 34.0, 0.0, 0.0, 95.0, 2020-05-16 02:00:00, 0.0
14.0, 93.0, 6.7, 0.0, 2.7, 4.3, 3.7, 3.5, 5.0, 0.0, 0.0, 95.0, 2020-05-16 03:00:00, 0.0
38.0, 95.0, 6.1, 0.0, 3.2, 5.9, 3.9, 3.9, 345.0, 0.0, 0.0, 95.0, 2020-05-16 04:00:00, 0.0
72.0, 95.0, 4.3, 0.0, 2.8, 6.7, 3.5, 4.7, 14.0, 0.0, 0.0, 95.0, 2020-05-16 05:00:00, 0.0
94.0, 95.0, 5.9, 0.0, 3.2, 9.4, 3.9, 6.3, 38.0, 0.0, 0.0, 89.0, 2020-05-16 06:00:00, 0.0
75.0, 95.0, 6.7, 0.0, 4.0, 4.1, 4.7, 9.0, 72.0, 0.0, 0.0, 79.0, 2020-05-16 07:00:00, 0.0
72.0, 89.0, 9.4, 0.0, 4.6, 8.7, 6.3, 9.8, 94.0, 0.0, 0.0, 72.0, 2020-05-16 08:00:00, 0.0
49.0, 79.0, 4.1, 0.0, 5.6, 6.1, 9.0, 7.7, 75.0, 0.0, 0.0, 82.0, 2020-05-16 09:00:00, 0.0
158.0, 72.0, 8.7, 0.0, 5.0, 9.1, 9.8, 15.4, 72.0, 0.0, 0.0, 55.0, 2020-05-16 10:00:00, 0.0
178.0, 82.0, 6.1, 0.0, 4.8, 8.9, 7.7, 15.0, 49.0, 0.0, 0.0, 49.0, 2020-05-16 11:00:00, 0.0
149.0, 55.0, 9.1, 0.0, 6.4, 6.1, 15.4, 14.9, 158.0, 0.0, 0.0, 47.0, 2020-05-16 12:00:00, 0.0
145.0, 49.0, 8.9, 0.0, 4.4, 6.3, 15.0, 15.2, 178.0, 0.0, 0.0, 47.0, 2020-05-16 13:00:00, 0.0
120.0, 47.0, 6.1, 0.0, 3.7, 5.2, 14.9, 15.3, 149.0, 0.0, 0.0, 49.0, 2020-05-16 14:00:00, 0.0
60.0, 47.0, 6.3, 0.0, 4.0, 4.5, 15.2, 10.4, 145.0, 0.0, 0.0, 61.0, 2020-05-16 15:00:00, 0.0
35.0, 49.0, 5.2, 0.0, 4.7, 4.1, 15.3, 9.4, 120.0, 0.0, 0.0, 65.0, 2020-05-16 16:00:00, 0.0
51.0, 61.0, 4.5, 0.0, 3.2, 7.2, 10.4, 8.6, 60.0, 0.0, 0.0, 66.0, 2020-05-16 17:00:00, 0.0
27.0, 65.0, 4.1, 0.0, 3.2, 5.9, 9.4, 6.7, 35.0, 0.0, 0.0, 72.0, 2020-05-16 18:00:00, 0.0
17.0, 66.0, 7.2, 0.0, 2.6, 6.9, 8.6, 5.6, 51.0, 0.0, 0.0, 74.0, 2020-05-16 19:00:00, 0.0
23.0, 72.0, 5.9, 0.0, 2.0, 4.7, 6.7, 5.7, 27.0, 0.0, 0.0, 74.0, 2020-05-16 20:00:00, 0.0
39.0, 74.0, 6.9, 0.0, 1.3, 5.8, 5.6, 5.8, 17.0, 0.0, 0.0, 72.0, 2020-05-16 21:00:00, 0.0
19.0, 74.0, 4.7, 0.0, 1.4, 4.9, 5.7, 5.3, 23.0, 0.0, 0.0, 74.0, 2020-05-16 22:00:00, 0.0
34.0, 72.0, 5.8, 0.0, 1.1, 5.9, 5.8, 5.6, 39.0, 0.0, 0.0, 74.0, 2020-05-16 23:00:00, 0.0
2.0, 74.0, 4.9, 0.0, 1.0, 4.8, 5.3, 4.8, 19.0, 0.0, 0.0, 79.0, 2020-05-17 00:00:00, 0.0
25.0, 74.0, 5.9, 0.0, 1.3, 7.0, 5.6, 4.9, 34.0, 0.0, 0.0, 78.0, 2020-05-17 01:00:00, 0.0
26.0, 79.0, 4.8, 0.0, 1.5, 5.2, 4.8, 4.7, 2.0, 0.0, 0.0, 78.0, 2020-05-17 02:00:00, 0.0
15.0, 78.0, 7.0, 0.0, 1.4, 3.6, 4.9, 4.0, 25.0, 0.0, 0.0, 83.0, 2020-05-17 03:00:00, 0.0
32.0, 78.0, 5.2, 0.0, 1.2, 3.1, 4.7, 4.6, 26.0, 0.0, 0.0, 81.0, 2020-05-17 04:00:00, 0.0
6.0, 83.0, 3.6, 0.0, 1.4, 3.7, 4.0, 4.8, 15.0, 0.0, 0.0, 80.0, 2020-05-17 05:00:00, 0.0
48.0, 81.0, 3.1, 0.0, 1.6, 2.3, 4.6, 8.0, 32.0, 0.0, 0.0, 72.0, 2020-05-17 06:00:00, 0.0
145.0, 80.0, 3.7, 0.0, 1.6, 2.5, 4.8, 8.2, 6.0, 0.0, 0.0, 72.0, 2020-05-17 07:00:00, 0.0
70.0, 72.0, 2.3, 0.0, 3.3, 6.8, 8.0, 6.0, 48.0, 0.0, 0.0, 93.0, 2020-05-17 08:00:00, 0.0
357.0, 72.0, 2.5, 0.0, 3.5, 2.8, 8.2, 7.2, 145.0, 0.0, 0.0, 91.0, 2020-05-17 09:00:00, 0.0
146.0, 93.0, 6.8, 0.0, 5.0, 5.3, 6.0, 10.5, 70.0, 0.0, 0.0, 74.0, 2020-05-17 10:00:00, 0.0
192.0, 91.0, 2.8, 0.0, 5.8, 7.2, 7.2, 11.7, 357.0, 0.0, 0.0, 73.0, 2020-05-17 11:00:00, 0.0
163.0, 74.0, 5.3, 0.0, 6.1, 8.3, 10.5, 14.0, 146.0, 0.0, 0.0, 60.0, 2020-05-17 12:00:00, 0.0
215.0, 73.0, 7.2, 0.0, 7.0, 4.2, 11.7, 13.1, 192.0, 0.0, 0.0, 64.0, 2020-05-17 13:00:00, 0.0
95.0, 60.0, 8.3, 0.0, 6.4, 5.0, 14.0, 14.9, 163.0, 0.0, 0.0, 52.0, 2020-05-17 14:00:00, 0.0
98.0, 64.0, 4.2, 0.0, 6.5, 4.5, 13.1, 13.1, 215.0, 0.0, 0.0, 60.0, 2020-05-17 15:00:00, 0.0
330.0, None, None, 0.0, None, 4.0, None, 10.0, None, None, None, 69.0, 2020-05-17 16:00:00, None
53.0, None, None, 0.0, None, 4.4, None, 8.1, None, None, None, 73.0, 2020-05-17 17:00:00, None
32.0, None, None, 0.0, None, 5.5, None, 6.8, None, None, None, 78.0, 2020-05-17 18:00:00, None
20.0, 73.0, 4.4, 0.0, 3.6, 6.1, 8.1, 5.6, 53.0, 0.0, 0.0, 81.0, 2020-05-17 19:00:00, 0.0
29.0, 78.0, 5.5, 0.0, 3.2, 6.1, 6.8, 5.2, 32.0, 0.0, 0.0, 82.0, 2020-05-17 20:00:00, 0.0
8.0, 81.0, 6.1, 0.0, 2.6, 4.2, 5.6, 5.1, 20.0, 0.0, 0.0, 82.0, 2020-05-17 21:00:00, 0.0
23.0, 82.0, 6.1, 0.0, 2.4, 6.5, 5.2, 4.9, 29.0, 0.0, 0.0, 83.0, 2020-05-17 22:00:00, 0.0
16.0, 82.0, 4.2, 0.0, 2.3, 4.4, 5.1, 4.8, 8.0, 0.0, 0.0, 84.0, 2020-05-17 23:00:00, 0.0
4.0, 83.0, 6.5, 0.0, 2.3, 5.1, 4.9, 4.8, 23.0, 0.0, 0.0, 87.0, 2020-05-18 00:00:00, 0.0
358.0, 84.0, 4.4, 0.0, 2.3, 4.5, 4.8, 4.2, 16.0, 0.0, 0.0, 93.0, 2020-05-18 01:00:00, 0.0
5.0, 87.0, 5.1, 0.0, 2.8, 3.9, 4.8, 4.1, 4.0, 0.0, 0.0, 93.0, 2020-05-18 02:00:00, 0.0
343.0, 93.0, 4.5, 0.0, 3.2, 2.2, 4.2, 3.9, 358.0, 0.0, 0.0, 95.0, 2020-05-18 03:00:00, 0.0
331.0, 93.0, 3.9, 0.0, 3.1, 7.4, 4.1, 4.8, 5.0, 0.0, 0.0, 96.0, 2020-05-18 04:00:00, 0.0
358.0, 95.0, 2.2, 0.0, 3.2, 4.0, 3.9, 4.5, 343.0, 0.0, 0.0, 96.0, 2020-05-18 05:00:00, 0.0
16.0, 96.0, 7.4, 0.0, 4.2, 4.6, 4.8, 4.7, 331.0, 0.0, 0.0, 96.0, 2020-05-18 06:00:00, 0.0
316.0, 96.0, 4.0, 0.0, 3.9, 2.4, 4.5, 6.6, 358.0, 0.0, 0.0, 96.0, 2020-05-18 07:00:00, 0.0
198.0, 96.0, 4.6, 0.0, 4.1, 4.7, 4.7, 10.2, 16.0, 0.0, 0.0, 84.0, 2020-05-18 08:00:00, 0.0
180.0, 96.0, 2.4, 0.0, 6.0, 5.7, 6.6, 11.6, 316.0, 0.0, 0.0, 78.0, 2020-05-18 09:00:00, 0.0
194.0, 84.0, 4.7, 0.0, 7.6, 5.6, 10.2, 11.7, 198.0, 0.0, 0.0, 76.0, 2020-05-18 10:00:00, 0.0
240.0, 78.0, 5.7, 0.0, 7.9, 4.6, 11.6, 12.1, 180.0, 0.0, 0.0, 72.0, 2020-05-18 11:00:00, 0.0
220.0, 76.0, 5.6, 0.0, 7.6, 4.8, 11.7, 11.9, 194.0, 0.0, 0.0, 90.0, 2020-05-18 12:00:00, 0.0
269.0, 72.0, 4.6, 0.0, 7.2, 11.8, 12.1, 12.5, 240.0, 0.0, 0.0, 70.0, 2020-05-18 13:00:00, 0.0
8.0, 90.0, 4.8, 0.0, 10.3, 6.5, 11.9, 9.4, 220.0, 0.0, 0.0, 87.0, 2020-05-18 14:00:00, 0.0
354.0, 70.0, 11.8, 0.0, 7.2, 4.3, 12.5, 11.1, 269.0, 0.0, 0.0, 77.0, 2020-05-18 15:00:00, 0.0
259.0, 87.0, 6.5, 0.0, 7.3, 10.0, 9.4, 15.6, 8.0, 0.0, 0.0, 56.0, 2020-05-18 16:00:00, 0.0
79.0, 77.0, 4.3, 0.0, 7.2, 5.2, 11.1, 10.9, 354.0, 0.0, 0.0, 68.0, 2020-05-18 17:00:00, 0.0
5.0, 56.0, 10.0, 0.0, 6.9, 6.5, 15.6, 6.1, 259.0, 0.0, 0.0, 84.0, 2020-05-18 18:00:00, 0.0
20.0, 68.0, 5.2, 0.0, 5.2, 8.4, 10.9, 5.0, 79.0, 0.0, 0.0, 82.0, 2020-05-18 19:00:00, 0.0
24.0, 84.0, 6.5, 0.0, 3.6, 8.0, 6.1, 4.5, 5.0, 0.0, 0.0, 83.0, 2020-05-18 20:00:00, 0.0
32.0, 82.0, 8.4, 0.0, 2.2, 8.8, 5.0, 4.4, 20.0, 0.0, 0.0, 82.0, 2020-05-18 21:00:00, 0.0
24.0, 83.0, 8.0, 0.0, 1.9, 6.9, 4.5, 4.0, 24.0, 0.0, 0.0, 83.0, 2020-05-18 22:00:00, 0.0
9.0, 82.0, 8.8, 0.0, 1.6, 7.1, 4.4, 3.5, 32.0, 0.0, 0.0, 85.0, 2020-05-18 23:00:00, 0.0
24.0, 83.0, 6.9, 0.0, 1.4, 7.5, 4.0, 3.5, 24.0, 0.0, 0.0, 84.0, 2020-05-19 00:00:00, 0.0
23.0, 85.0, 7.1, 0.0, 1.2, 5.0, 3.5, 3.1, 9.0, 0.0, 0.0, 87.0, 2020-05-19 01:00:00, 0.0
33.0, 84.0, 7.5, 0.0, 1.1, 4.7, 3.5, 3.1, 24.0, 0.0, 0.0, 87.0, 2020-05-19 02:00:00, 0.0
32.0, 87.0, 5.0, 0.0, 1.1, 6.9, 3.1, 2.7, 23.0, 0.0, 0.0, 89.0, 2020-05-19 03:00:00, 0.0
52.0, 87.0, 4.7, 0.0, 1.1, 3.6, 3.1, 2.9, 33.0, 0.0, 0.0, 89.0, 2020-05-19 04:00:00, 0.0
22.0, 89.0, 6.9, 0.0, 1.1, 4.0, 2.7, 3.2, 32.0, 0.0, 0.0, 88.0, 2020-05-19 05:00:00, 0.0
203.0, 89.0, 3.6, 0.0, 1.3, 2.9, 2.9, 7.6, 52.0, 0.0, 0.0, 75.0, 2020-05-19 06:00:00, 0.0
223.0, 88.0, 4.0, 0.0, 1.4, 5.0, 3.2, 9.7, 22.0, 0.0, 0.0, 70.0, 2020-05-19 07:00:00, 0.0
207.0, 75.0, 2.9, 0.0, 3.5, 5.0, 7.6, 11.8, 203.0, 0.0, 0.0, 61.0, 2020-05-19 08:00:00, 0.0
210.0, 70.0, 5.0, 0.0, 4.5, 6.8, 9.7, 14.5, 223.0, 0.0, 0.0, 51.0, 2020-05-19 09:00:00, 0.0
213.0, 61.0, 5.0, 0.0, 4.5, 7.9, 11.8, 16.8, 207.0, 0.0, 0.0, 44.0, 2020-05-19 10:00:00, 0.0
203.0, 51.0, 6.8, 0.0, 4.5, 8.6, 14.5, 18.7, 210.0, 0.0, 0.0, 35.0, 2020-05-19 11:00:00, 0.0
190.0, 44.0, 7.9, 0.0, 4.5, 7.5, 16.8, 20.2, 213.0, 0.0, 0.0, 27.0, 2020-05-19 12:00:00, 0.0
189.0, 35.0, 8.6, 0.0, 2.9, 9.0, 18.7, 21.5, 203.0, 0.0, 0.0, 25.0, 2020-05-19 13:00:00, 0.0
209.0, 27.0, 7.5, 0.0, 0.6, 8.9, 20.2, 21.6, 190.0, 0.0, 0.0, 26.0, 2020-05-19 14:00:00, 0.0
228.0, 25.0, 9.0, 0.0, 0.7, 10.6, 21.5, 21.3, 189.0, 0.0, 0.0, 26.0, 2020-05-19 15:00:00, 0.0
235.0, 26.0, 8.9, 0.0, 1.3, 7.2, 21.6, 20.9, 209.0, 0.0, 0.0, 31.0, 2020-05-19 16:00:00, 0.0
7.0, 26.0, 10.6, 0.0, 1.0, 5.4, 21.3, 13.4, 228.0, 0.0, 0.0, 44.0, 2020-05-19 17:00:00, 0.0
18.0, 31.0, 7.2, 0.0, 3.2, 7.7, 20.9, 8.2, 235.0, 0.0, 0.0, 60.0, 2020-05-19 18:00:00, 0.0
26.0, 44.0, 5.4, 0.0, 1.4, 9.3, 13.4, 6.7, 7.0, 0.0, 0.0, 64.0, 2020-05-19 19:00:00, 0.0
26.0, 60.0, 7.7, 0.0, 0.9, 6.5, 8.2, 6.7, 18.0, 0.0, 0.0, 62.0, 2020-05-19 20:00:00, 0.0
22.0, 64.0, 9.3, 0.0, 0.4, 7.3, 6.7, 5.9, 26.0, 0.0, 0.0, 64.0, 2020-05-19 21:00:00, 0.0
26.0, 62.0, 6.5, 0.0, -0.1, 5.2, 6.7, 5.8, 26.0, 0.0, 0.0, 66.0, 2020-05-19 22:00:00, 0.0
18.0, 64.0, 7.3, 0.0, -0.4, 7.3, 5.9, 4.5, 22.0, 0.0, 0.0, 75.0, 2020-05-19 23:00:00, 0.0
22.0, 66.0, 5.2, 0.0, -0.1, 5.1, 5.8, 5.0, 26.0, 0.0, 0.0, 71.0, 2020-05-20 00:00:00, 0.0
30.0, 75.0, 7.3, 0.0, 0.5, 7.8, 4.5, 4.6, 18.0, 0.0, 0.0, 72.0, 2020-05-20 01:00:00, 0.0
23.0, 71.0, 5.1, 0.0, 0.2, 6.1, 5.0, 3.7, 22.0, 0.0, 0.0, 79.0, 2020-05-20 02:00:00, 0.0
2.0, None, None, 0.0, None, 5.4, None, 3.4, None, None, None, 79.0, 2020-05-20 03:00:00, None
23.0, None, None, 0.0, None, 5.2, None, 4.0, None, None, None, 78.0, 2020-05-20 04:00:00, None
48.0, 79.0, 5.4, 0.0, 0.1, 3.8, 3.4, 4.4, 2.0, 0.0, 0.0, 80.0, 2020-05-20 05:00:00, 0.0
147.0, 78.0, 5.2, 0.0, 0.5, 3.6, 4.0, 8.2, 23.0, 0.0, 0.0, 63.0, 2020-05-20 06:00:00, 0.0
184.0, 80.0, 3.8, 0.0, 1.3, 4.1, 4.4, 10.8, 48.0, 0.0, 0.0, 60.0, 2020-05-20 07:00:00, 0.0
196.0, 63.0, 3.6, 0.0, 1.6, 5.6, 8.2, 13.5, 147.0, 0.0, 0.0, 48.0, 2020-05-20 08:00:00, 0.0
217.0, 60.0, 4.1, 0.0, 3.4, 7.0, 10.8, 15.9, 184.0, 0.0, 0.0, 41.0, 2020-05-20 09:00:00, 0.0
196.0, 48.0, 5.6, 0.0, 2.7, 6.2, 13.5, 17.7, 196.0, 0.0, 0.0, 37.0, 2020-05-20 10:00:00, 0.0
173.0, 41.0, 7.0, 0.0, 2.7, 5.8, 15.9, 19.0, 217.0, 0.0, 0.0, 35.0, 2020-05-20 11:00:00, 0.0
199.0, 37.0, 6.2, 0.0, 2.8, 8.4, 17.7, 21.7, 196.0, 0.0, 0.0, 27.0, 2020-05-20 12:00:00, 0.0
179.0, 35.0, 5.8, 0.0, 3.2, 7.7, 19.0, 22.0, 173.0, 0.0, 0.0, 25.0, 2020-05-20 13:00:00, 0.0
155.0, 27.0, 8.4, 0.0, 1.9, 4.2, 21.7, 20.0, 199.0, 0.0, 0.0, 34.0, 2020-05-20 14:00:00, 0.0
26.0, 25.0, 7.7, 0.0, 1.1, 3.9, 22.0, 13.9, 179.0, 0.0, 0.0, 45.0, 2020-05-20 15:00:00, 0.0
19.0, 34.0, 4.2, 0.0, 3.7, 4.2, 20.0, 13.0, 155.0, 0.0, 0.0, 48.0, 2020-05-20 16:00:00, 0.0
22.0, 45.0, 3.9, 0.0, 2.2, 6.1, 13.9, 10.3, 26.0, 0.0, 0.0, 53.0, 2020-05-20 17:00:00, 0.0
40.0, 48.0, 4.2, 0.0, 2.3, 6.8, 13.0, 9.8, 19.0, 0.0, 0.0, 57.0, 2020-05-20 18:00:00, 0.0
54.0, 53.0, 6.1, 0.0, 1.1, 8.2, 10.3, 9.0, 22.0, 0.0, 0.0, 65.0, 2020-05-20 19:00:00, 0.0
55.0, 57.0, 6.8, 0.0, 1.7, 7.5, 9.8, 8.8, 40.0, 0.0, 0.0, 68.0, 2020-05-20 20:00:00, 0.0
15.0, 65.0, 8.2, 0.0, 2.8, 4.9, 9.0, 7.3, 54.0, 0.0, 0.0, 73.0, 2020-05-20 21:00:00, 0.0
350.0, 68.0, 7.5, 0.0, 3.2, 7.3, 8.8, 7.4, 55.0, 0.0, 0.0, 76.0, 2020-05-20 22:00:00, 0.0
308.0, 73.0, 4.9, 0.0, 2.8, 8.0, 7.3, 8.8, 15.0, 0.0, 0.0, 66.0, 2020-05-20 23:00:00, 0.0
308.0, 76.0, 7.3, 0.0, 3.5, 8.9, 7.4, 9.7, 350.0, 0.0, 0.0, 62.0, 2020-05-21 00:00:00, 0.0
298.0, 66.0, 8.0, 0.0, 2.8, 9.5, 8.8, 9.0, 308.0, 0.0, 0.0, 66.0, 2020-05-21 01:00:00, 0.0
292.0, 62.0, 8.9, 0.0, 2.8, 13.2, 9.7, 8.1, 308.0, 0.0, 0.0, 75.0, 2020-05-21 02:00:00, 0.0
293.0, 66.0, 9.5, 0.0, 3.0, 9.5, 9.0, 7.3, 298.0, 0.0, 0.0, 80.0, 2020-05-21 03:00:00, 0.0
322.0, 75.0, 13.2, 0.0, 3.9, 10.9, 8.1, 6.9, 292.0, 0.0, 0.0, 80.0, 2020-05-21 04:00:00, 0.0
310.0, 80.0, 9.5, 0.0, 4.1, 13.0, 7.3, 6.1, 293.0, 0.0, 0.0, 87.0, 2020-05-21 05:00:00, 0.0
273.0, 80.0, 10.9, 0.0, 3.7, 11.0, 6.9, 6.4, 322.0, 0.0, 0.0, 87.0, 2020-05-21 06:00:00, 0.0
293.0, 87.0, 13.0, 0.0, 4.1, 10.6, 6.1, 6.2, 310.0, 0.0, 0.0, 87.0, 2020-05-21 07:00:00, 0.0
295.0, 87.0, 11.0, 0.0, 4.4, 12.2, 6.4, 5.8, 273.0, 0.0, 0.0, 88.0, 2020-05-21 08:00:00, 0.0
294.0, 87.0, 10.6, 0.0, 4.2, 8.5, 6.2, 6.0, 293.0, 0.0, 0.0, 88.0, 2020-05-21 09:00:00, 0.0
304.0, 88.0, 12.2, 0.0, 4.0, 9.5, 5.8, 6.5, 295.0, 0.0, 0.0, 87.0, 2020-05-21 10:00:00, 0.0
190.0, 88.0, 8.5, 0.0, 4.2, 4.4, 6.0, 7.3, 294.0, 0.0, 0.0, 89.0, 2020-05-21 11:00:00, 0.0
232.0, 87.0, 9.5, 0.0, 4.5, 5.2, 6.5, 7.0, 304.0, 0.0, 0.0, 89.0, 2020-05-21 12:00:00, 0.0
270.0, 89.0, 4.4, 0.0, 5.6, 7.3, 7.3, 6.7, 190.0, 0.0, 0.0, 92.0, 2020-05-21 13:00:00, 0.0
278.0, 89.0, 5.2, 0.0, 5.3, 7.4, 7.0, 6.3, 232.0, 0.0, 0.0, 91.0, 2020-05-21 14:00:00, 0.0
271.0, 92.0, 7.3, 0.0, 5.5, 7.1, 6.7, 5.9, 270.0, 0.0, 0.0, 93.0, 2020-05-21 15:00:00, 0.0
294.0, 91.0, 7.4, 0.0, 4.9, 6.9, 6.3, 5.4, 278.0, 0.0, 0.0, 91.0, 2020-05-21 16:00:00, 0.0
301.0, 93.0, 7.1, 0.0, 4.9, 6.2, 5.9, 5.2, 271.0, 0.0, 0.0, 90.0, 2020-05-21 17:00:00, 0.0
302.0, 91.0, 6.9, 0.0, 4.1, 11.0, 5.4, 4.9, 294.0, 0.0, 0.0, 91.0, 2020-05-21 18:00:00, 0.0
317.0, 90.0, 6.2, 0.0, 3.7, 8.8, 5.2, 5.1, 301.0, 0.0, 0.0, 89.0, 2020-05-21 19:00:00, 0.0
324.0, 91.0, 11.0, 0.0, 3.6, 8.9, 4.9, 5.0, 302.0, 0.0, 0.0, 90.0, 2020-05-21 20:00:00, 0.0
317.0, 89.0, 8.8, 0.0, 3.4, 7.9, 5.1, 5.0, 317.0, 0.0, 0.0, 90.0, 2020-05-21 21:00:00, 0.0
324.0, 90.0, 8.9, 0.0, 3.5, 9.0, 5.0, 4.9, 324.0, 0.0, 0.0, 90.0, 2020-05-21 22:00:00, 0.0
328.0, 90.0, 7.9, 0.0, 3.5, 8.5, 5.0, 5.0, 317.0, 0.0, 0.0, 90.0, 2020-05-21 23:00:00, 0.0
338.0, 90.0, 9.0, 0.0, 3.4, 7.8, 4.9, 4.6, 324.0, 0.0, 0.0, 90.0, 2020-05-22 00:00:00, 0.0
318.0, 90.0, 8.5, 0.0, 3.5, 8.1, 5.0, 4.8, 328.0, 0.0, 0.0, 90.0, 2020-05-22 01:00:00, 0.0
329.0, 90.0, 7.8, 0.0, 3.1, 10.5, 4.6, 4.7, 338.0, 0.0, 0.0, 88.0, 2020-05-22 02:00:00, 0.0
319.0, 90.0, 8.1, 0.0, 3.3, 9.4, 4.8, 4.6, 318.0, 0.0, 0.0, 90.0, 2020-05-22 03:00:00, 0.0
300.0, 88.0, 10.5, 0.0, 2.9, 11.5, 4.7, 4.9, 329.0, 0.0, 0.0, 90.0, 2020-05-22 04:00:00, 0.0
1.0, 90.0, 9.4, 0.0, 3.1, 4.0, 4.6, 4.9, 319.0, 0.0, 0.0, 92.0, 2020-05-22 05:00:00, 0.0
290.0, 90.0, 11.5, 0.0, 3.4, 9.6, 4.9, 6.0, 300.0, 0.0, 0.0, 87.0, 2020-05-22 06:00:00, 0.0
262.0, 92.0, 4.0, 0.0, 3.7, 7.9, 4.9, 6.7, 1.0, 0.0, 0.0, 85.0, 2020-05-22 07:00:00, 0.0
248.0, 87.0, 9.6, 0.0, 4.0, 7.8, 6.0, 8.3, 290.0, 0.0, 0.0, 82.0, 2020-05-22 08:00:00, 0.0
278.0, 85.0, 7.9, 0.0, 4.4, 11.2, 6.7, 8.4, 262.0, 0.0, 0.0, 78.0, 2020-05-22 09:00:00, 0.0
266.0, 82.0, 7.8, 0.0, 5.4, 11.3, 8.3, 9.3, 248.0, 0.0, 0.0, 71.0, 2020-05-22 10:00:00, 0.0
265.0, 78.0, 11.2, 0.0, 4.8, 10.5, 8.4, 9.1, 278.0, 0.0, 0.0, 67.0, 2020-05-22 11:00:00, 0.0
252.0, 71.0, 11.3, 0.0, 4.3, 12.8, 9.3, 11.2, 266.0, 0.0, 0.0, 58.0, 2020-05-22 12:00:00, 0.0
242.0, 67.0, 10.5, 0.0, 3.3, 9.9, 9.1, 12.1, 265.0, 0.0, 0.0, 56.0, 2020-05-22 13:00:00, 0.0
282.0, 58.0, 12.8, 0.0, 3.2, 9.6, 11.2, 10.0, 252.0, 0.0, 0.0, 63.0, 2020-05-22 14:00:00, 0.0
246.0, 56.0, 9.9, 0.0, 3.6, 7.6, 12.1, 11.3, 242.0, 0.0, 0.0, 64.0, 2020-05-22 15:00:00, 0.0
292.0, 63.0, 9.6, 0.0, 3.3, 7.4, 10.0, 10.4, 282.0, 0.0, 0.0, 67.0, 2020-05-22 16:00:00, 0.0
313.0, 64.0, 7.6, 0.0, 4.7, 8.0, 11.3, 8.4, 246.0, 0.0, 0.0, 74.0, 2020-05-22 17:00:00, 0.0
311.0, 67.0, 7.4, 0.0, 4.5, 9.0, 10.4, 7.7, 292.0, 0.0, 0.0, 74.0, 2020-05-22 18:00:00, 0.0
323.0, 74.0, 8.0, 0.0, 4.0, 7.5, 8.4, 7.0, 313.0, 0.0, 0.0, 76.0, 2020-05-22 19:00:00, 0.0
315.0, 74.0, 9.0, 0.0, 3.4, 8.2, 7.7, 6.8, 311.0, 0.0, 0.0, 73.0, 2020-05-22 20:00:00, 0.0
315.0, 76.0, 7.5, 0.0, 3.1, 8.8, 7.0, 7.1, 323.0, 0.0, 0.0, 73.0, 2020-05-22 21:00:00, 0.0
319.0, 73.0, 8.2, 0.0, 2.3, 10.3, 6.8, 7.1, 315.0, 0.0, 0.0, 73.0, 2020-05-22 22:00:00, 0.0
308.0, 73.0, 8.8, 0.0, 2.6, 11.8, 7.1, 6.9, 315.0, 0.0, 0.0, 74.0, 2020-05-22 23:00:00, 0.0
322.0, 73.0, 10.3, 0.0, 2.6, 10.1, 7.1, 6.6, 319.0, 0.0, 0.0, 77.0, 2020-05-23 00:00:00, 0.0
313.0, 74.0, 11.8, 0.0, 2.6, 10.3, 6.9, 6.3, 308.0, 0.0, 0.0, 82.0, 2020-05-23 01:00:00, 0.0
319.0, 77.0, 10.1, 0.0, 2.9, 9.1, 6.6, 6.3, 322.0, 0.0, 0.0, 80.0, 2020-05-23 02:00:00, 0.0
326.0, 82.0, 10.3, 0.0, 3.5, 9.3, 6.3, 6.6, 313.0, 0.0, 0.0, 76.0, 2020-05-23 03:00:00, 0.0
312.0, 80.0, 9.1, 0.0, 3.1, 9.7, 6.3, 6.7, 319.0, 0.0, 0.0, 75.0, 2020-05-23 04:00:00, 0.0
322.0, 76.0, 9.3, 0.0, 2.7, 7.7, 6.6, 7.2, 326.0, 0.0, 0.0, 73.0, 2020-05-23 05:00:00, 0.0
281.0, 75.0, 9.7, 0.0, 2.6, 7.4, 6.7, 7.6, 312.0, 0.0, 0.0, 75.0, 2020-05-23 06:00:00, 0.0
250.0, 73.0, 7.7, 0.0, 2.7, 6.1, 7.2, 8.2, 322.0, 0.0, 0.0, 78.0, 2020-05-23 07:00:00, 0.0
243.0, 75.0, 7.4, 0.0, 3.5, 8.7, 7.6, 9.9, 281.0, 0.0, 0.0, 73.0, 2020-05-23 08:00:00, 0.0
244.0, 78.0, 6.1, 0.0, 4.6, 11.9, 8.2, 11.3, 250.0, 0.0, 0.0, 61.0, 2020-05-23 09:00:00, 0.0
250.0, 73.0, 8.7, 0.0, 5.3, 13.0, 9.9, 12.8, 243.0, 0.0, 0.0, 51.0, 2020-05-23 10:00:00, 0.0
233.0, 61.0, 11.9, 0.0, 4.1, 16.0, 11.3, 15.2, 244.0, 0.0, 0.0, 42.0, 2020-05-23 11:00:00, 0.0
221.0, 51.0, 13.0, 0.0, 2.9, 13.3, 12.8, 16.7, 250.0, 0.0, 0.0, 40.0, 2020-05-23 12:00:00, 0.0
228.0, 42.0, 16.0, 0.0, 2.4, 12.4, 15.2, 17.3, 233.0, 0.0, 0.0, 37.0, 2020-05-23 13:00:00, 0.0
202.0, 40.0, 13.3, 0.0, 3.0, 9.3, 16.7, 19.3, 221.0, 0.0, 0.0, 31.0, 2020-05-23 14:00:00, 0.0
192.0, 37.0, 12.4, 0.0, 2.5, 8.0, 17.3, 18.7, 228.0, 0.0, 0.0, 35.0, 2020-05-23 15:00:00, 0.0
197.0, 31.0, 9.3, 0.0, 1.8, 8.1, 19.3, 18.4, 202.0, 0.0, 0.0, 33.0, 2020-05-23 16:00:00, 0.0
351.0, 35.0, 8.0, 0.0, 2.9, 4.1, 18.7, 10.5, 192.0, 0.0, 0.0, 58.0, 2020-05-23 17:00:00, 0.0
22.0, 33.0, 8.1, 0.0, 1.9, 7.6, 18.4, 7.8, 197.0, 0.0, 0.0, 68.0, 2020-05-23 18:00:00, 0.0
27.0, 58.0, 4.1, 0.0, 2.6, 11.2, 10.5, 6.5, 351.0, 0.0, 0.0, 69.0, 2020-05-23 19:00:00, 0.0
359.0, 68.0, 7.6, 0.0, 2.3, 7.0, 7.8, 5.9, 22.0, 0.0, 0.0, 73.0, 2020-05-23 20:00:00, 0.0
25.0, 69.0, 11.2, 0.0, 1.2, 5.6, 6.5, 6.6, 27.0, 0.0, 0.0, 71.0, 2020-05-23 21:00:00, 0.0
24.0, 73.0, 7.0, 0.0, 1.4, 5.8, 5.9, 6.4, 359.0, 0.0, 0.0, 73.0, 2020-05-23 22:00:00, 0.0
21.0, 71.0, 5.6, 0.0, 1.7, 6.9, 6.6, 5.8, 25.0, 0.0, 0.0, 77.0, 2020-05-23 23:00:00, 0.0
20.0, 73.0, 5.8, 0.0, 1.9, 3.8, 6.4, 5.7, 24.0, 0.0, 0.0, 75.0, 2020-05-24 00:00:00, 0.0
25.0, 77.0, 6.9, 0.0, 2.1, 4.8, 5.8, 5.5, 21.0, 0.0, 0.0, 78.0, 2020-05-24 01:00:00, 0.0
17.0, 75.0, 3.8, 0.0, 1.6, 4.6, 5.7, 5.4, 20.0, 0.0, 0.0, 77.0, 2020-05-24 02:00:00, 0.0
27.0, 78.0, 4.8, 0.0, 2.0, 3.1, 5.5, 5.2, 25.0, 0.0, 0.0, 78.0, 2020-05-24 03:00:00, 0.0
49.0, 77.0, 4.6, 0.0, 1.7, 5.2, 5.4, 5.7, 17.0, 0.0, 0.0, 77.0, 2020-05-24 04:00:00, 0.0
352.0, 78.0, 3.1, 0.0, 1.7, 2.4, 5.2, 6.9, 27.0, 0.0, 0.0, 77.0, 2020-05-24 05:00:00, 0.0
150.0, 77.0, 5.2, 0.0, 2.0, 4.5, 5.7, 8.6, 49.0, 0.0, 0.0, 76.0, 2020-05-24 06:00:00, 0.0
151.0, 77.0, 2.4, 0.0, 3.2, 4.6, 6.9, 10.9, 352.0, 0.0, 0.0, 65.0, 2020-05-24 07:00:00, 0.0
176.0, 76.0, 4.5, 0.0, 4.6, 5.4, 8.6, 13.0, 150.0, 0.0, 0.0, 53.0, 2020-05-24 08:00:00, 0.0
224.0, 65.0, 4.6, 0.0, 4.6, 5.5, 10.9, 13.8, 151.0, 0.0, 0.0, 48.0, 2020-05-24 09:00:00, 0.0
218.0, 53.0, 5.4, 0.0, 3.7, 7.4, 13.0, 15.9, 176.0, 0.0, 0.0, 47.0, 2020-05-24 10:00:00, 0.0
245.0, 48.0, 5.5, 0.0, 3.0, 12.7, 13.8, 16.5, 224.0, 0.0, 0.0, 42.0, 2020-05-24 11:00:00, 0.0
220.0, 47.0, 7.4, 0.0, 4.6, 11.8, 15.9, 18.6, 218.0, 0.0, 0.0, 35.0, 2020-05-24 12:00:00, 0.0
232.0, 42.0, 12.7, 0.0, 3.6, 12.3, 16.5, 19.9, 245.0, 0.0, 0.0, 31.0, 2020-05-24 13:00:00, 0.0
213.0, 35.0, 11.8, 0.0, 2.9, 14.3, 18.6, 21.1, 220.0, 0.0, 0.0, 30.0, 2020-05-24 14:00:00, 0.0
238.0, 31.0, 12.3, 0.0, 2.3, 9.1, 19.9, 18.6, 232.0, 0.0, 0.0, 30.0, 2020-05-24 15:00:00, 0.0
239.0, 30.0, 14.3, 0.0, 2.9, 6.6, 21.1, 17.0, 213.0, 0.0, 0.0, 37.0, 2020-05-24 16:00:00, 0.0
21.0, 30.0, 9.1, 0.0, 0.7, 4.5, 18.6, 11.6, 238.0, 0.0, 0.0, 53.0, 2020-05-24 17:00:00, 0.0
27.0, 37.0, 6.6, 0.0, 2.2, 5.9, 17.0, 10.2, 239.0, 0.0, 0.0, 57.0, 2020-05-24 18:00:00, 0.0
10.0, 53.0, 4.5, 0.0, 2.4, 7.2, 11.6, 7.4, 21.0, 0.0, 0.0, 67.0, 2020-05-24 19:00:00, 0.0
27.0, 57.0, 5.9, 0.0, 2.1, 9.9, 10.2, 6.9, 27.0, 0.0, 0.0, 68.0, 2020-05-24 20:00:00, 0.0
25.0, None, None, 0.0, None, 7.8, None, 6.6, None, None, None, 69.0, 2020-05-24 21:00:00, None
33.0, 68.0, 9.9, 0.0, 1.4, 7.8, 6.9, 6.8, 27.0, 0.0, 0.0, 69.0, 2020-05-24 22:00:00, 0.0
37.0, 69.0, 7.8, 0.0, 1.3, 6.3, 6.6, 6.2, 25.0, 0.0, 0.0, 73.0, 2020-05-24 23:00:00, 0.0
56.0, 69.0, 7.8, 0.0, 1.5, 6.2, 6.8, 6.8, 33.0, 0.0, 0.0, 72.0, 2020-05-25 00:00:00, 0.0
36.0, 73.0, 6.3, 0.0, 1.7, 6.0, 6.2, 6.9, 37.0, 0.0, 0.0, 72.0, 2020-05-25 01:00:00, 0.0
35.0, 72.0, 6.2, 0.0, 2.1, 6.8, 6.8, 5.9, 56.0, 0.0, 0.0, 89.0, 2020-05-25 02:00:00, 0.0
34.0, 72.0, 6.0, 0.0, 2.2, 7.6, 6.9, 5.6, 36.0, 0.0, 0.0, 92.0, 2020-05-25 03:00:00, 0.0
49.0, 89.0, 6.8, 0.0, 4.2, 9.5, 5.9, 6.0, 35.0, 0.0, 0.0, 94.0, 2020-05-25 04:00:00, 0.0
357.0, 92.0, 7.6, 0.0, 4.4, 2.2, 5.6, 6.3, 34.0, 0.0, 0.0, 95.0, 2020-05-25 05:00:00, 0.0
67.0, 94.0, 9.5, 0.0, 5.1, 2.3, 6.0, 7.7, 49.0, 0.0, 0.0, 94.0, 2020-05-25 06:00:00, 0.0
205.0, 95.0, 2.2, 0.0, 5.6, 2.8, 6.3, 8.2, 357.0, 0.0, 0.0, 95.0, 2020-05-25 07:00:00, 0.0
180.0, 94.0, 2.3, 0.0, 6.8, 3.5, 7.7, 9.4, 67.0, 0.0, 0.0, 93.0, 2020-05-25 08:00:00, 0.0
190.0, 95.0, 2.8, 0.0, 7.4, 4.2, 8.2, 10.0, 205.0, 0.0, 0.0, 88.0, 2020-05-25 09:00:00, 0.0
203.0, 93.0, 3.5, 0.0, 8.3, 5.2, 9.4, 11.5, 180.0, 0.0, 0.0, 77.0, 2020-05-25 10:00:00, 0.0
225.0, 88.0, 4.2, 0.0, 8.1, 5.5, 10.0, 12.2, 190.0, 0.0, 0.0, 81.0, 2020-05-25 11:00:00, 0.0
216.0, 77.0, 5.2, 0.0, 7.6, 6.2, 11.5, 13.1, 203.0, 0.0, 0.0, 67.0, 2020-05-25 12:00:00, 0.0
231.0, 81.0, 5.5, 0.0, 9.0, 5.3, 12.2, 12.3, 225.0, 0.0, 0.0, 74.0, 2020-05-25 13:00:00, 0.0
184.0, 67.0, 6.2, 0.0, 7.1, 2.9, 13.1, 12.7, 216.0, 0.0, 0.0, 73.0, 2020-05-25 14:00:00, 0.0
213.0, 74.0, 5.3, 0.0, 7.8, 3.4, 12.3, 12.6, 231.0, 0.0, 0.0, 79.0, 2020-05-25 15:00:00, 0.0
31.0, 73.0, 2.9, 0.0, 8.0, 2.8, 12.7, 9.8, 184.0, 0.0, 0.0, 87.0, 2020-05-25 16:00:00, 0.0
23.0, 79.0, 3.4, 0.0, 9.1, 3.3, 12.6, 9.1, 213.0, 0.0, 0.0, 86.0, 2020-05-25 17:00:00, 0.0
14.0, 87.0, 2.8, 0.0, 7.7, 5.9, 9.8, 7.4, 31.0, 0.0, 0.0, 90.0, 2020-05-25 18:00:00, 0.0
31.0, 86.0, 3.3, 0.0, 6.9, 6.3, 9.1, 6.9, 23.0, 0.0, 0.0, 87.0, 2020-05-25 19:00:00, 0.0
19.0, 90.0, 5.9, 0.0, 5.9, 6.5, 7.4, 6.1, 14.0, 0.0, 0.0, 88.0, 2020-05-25 20:00:00, 0.0
23.0, 87.0, 6.3, 0.0, 4.9, 6.3, 6.9, 6.3, 31.0, 0.0, 0.0, 87.0, 2020-05-25 21:00:00, 0.0
17.0, 88.0, 6.5, 0.0, 4.3, 4.4, 6.1, 6.3, 19.0, 0.0, 0.0, 87.0, 2020-05-25 22:00:00, 0.0
23.0, 87.0, 6.3, 0.0, 4.3, 5.6, 6.3, 5.7, 23.0, 0.0, 0.0, 95.0, 2020-05-25 23:00:00, 0.0
354.0, 87.0, 4.4, 0.0, 4.3, 7.1, 6.3, 5.8, 17.0, 0.0, 0.0, 96.0, 2020-05-26 00:00:00, 0.0
37.0, 95.0, 5.6, 0.0, 5.0, 5.7, 5.7, 5.6, 23.0, 0.0, 0.0, 96.0, 2020-05-26 01:00:00, 0.0
359.0, 96.0, 7.1, 0.0, 5.2, 6.1, 5.8, 5.1, 354.0, 0.0, 0.0, 96.0, 2020-05-26 02:00:00, 0.0
17.0, 96.0, 5.7, 0.0, 5.0, 7.0, 5.6, 4.8, 37.0, 0.0, 0.0, 96.0, 2020-05-26 03:00:00, 0.0
23.0, 96.0, 6.1, 0.0, 4.5, 4.7, 5.1, 5.1, 359.0, 0.0, 0.0, 96.0, 2020-05-26 04:00:00, 0.0
359.0, 96.0, 7.0, 0.0, 4.2, 5.3, 4.8, 6.3, 17.0, 0.0, 0.0, 96.0, 2020-05-26 05:00:00, 0.0
337.0, 96.0, 4.7, 0.0, 4.5, 6.6, 5.1, 5.9, 23.0, 0.0, 0.0, 97.0, 2020-05-26 06:00:00, 0.0
121.0, 96.0, 5.3, 0.0, 5.7, 6.0, 6.3, 7.3, 359.0, 0.0, 0.0, 97.0, 2020-05-26 07:00:00, 0.0
195.0, 97.0, 6.6, 0.0, 5.5, 3.9, 5.9, 8.0, 337.0, 0.0, 0.0, 96.0, 2020-05-26 08:00:00, 0.0
273.0, 97.0, 6.0, 0.0, 6.9, 11.1, 7.3, 8.3, 121.0, 0.0, 0.0, 92.0, 2020-05-26 09:00:00, 0.0
262.0, 96.0, 3.9, 0.0, 7.4, 9.9, 8.0, 9.5, 195.0, 0.0, 0.0, 86.0, 2020-05-26 10:00:00, 0.0
220.0, 92.0, 11.1, 0.0, 7.1, 5.6, 8.3, 13.3, 273.0, 0.0, 0.0, 71.0, 2020-05-26 11:00:00, 0.0
230.0, 86.0, 9.9, 0.0, 7.3, 14.3, 9.5, 13.4, 262.0, 0.0, 0.0, 49.0, 2020-05-26 12:00:00, 0.0
226.0, 71.0, 5.6, 0.0, 8.2, 11.6, 13.3, 16.0, 220.0, 0.0, 0.0, 30.0, 2020-05-26 13:00:00, 0.0
226.0, 49.0, 14.3, 0.0, 2.9, 11.2, 13.4, 16.9, 230.0, 0.0, 0.0, 34.0, 2020-05-26 14:00:00, 0.0
260.0, 30.0, 11.6, 0.0, -1.6, 11.5, 16.0, 12.1, 226.0, 0.0, 0.0, 46.0, 2020-05-26 15:00:00, 0.0
258.0, 34.0, 11.2, 0.0, 0.9, 7.9, 16.9, 14.1, 226.0, 0.0, 0.0, 32.0, 2020-05-26 16:00:00, 0.0
341.0, 46.0, 11.5, 0.0, 0.8, 6.7, 12.1, 11.1, 260.0, 0.0, 0.0, 49.0, 2020-05-26 17:00:00, 0.0
355.0, 32.0, 7.9, 0.0, -2.3, 9.4, 14.1, 8.1, 258.0, 0.0, 0.0, 55.0, 2020-05-26 18:00:00, 0.0
5.0, 49.0, 6.7, 0.0, 0.8, 7.7, 11.1, 5.8, 341.0, 0.0, 0.0, 64.0, 2020-05-26 19:00:00, 0.0
0.0, 55.0, 9.4, 0.0, -0.4, 7.8, 8.1, 5.3, 355.0, 0.0, 0.0, 51.0, 2020-05-26 20:00:00, 0.0
329.0, 64.0, 7.7, 0.0, -0.5, 9.4, 5.8, 5.4, 5.0, 0.0, 0.0, 59.0, 2020-05-26 21:00:00, 0.0
342.0, 51.0, 7.8, 0.0, -4.0, 6.4, 5.3, 5.2, 0.0, 0.0, 0.0, 60.0, 2020-05-26 22:00:00, 0.0
313.0, 59.0, 9.4, 0.0, -2.0, 5.6, 5.4, 6.0, 329.0, 0.0, 0.0, 59.0, 2020-05-26 23:00:00, 0.0
325.0, 60.0, 6.4, 0.0, -1.9, 7.2, 5.2, 5.5, 342.0, 0.0, 0.0, 57.0, 2020-05-27 00:00:00, 0.0
307.0, 59.0, 5.6, 0.0, -1.4, 10.3, 6.0, 4.6, 313.0, 0.0, 0.0, 55.0, 2020-05-27 01:00:00, 0.0
307.0, 57.0, 7.2, 0.0, -2.3, 8.5, 5.5, 4.3, 325.0, 0.0, 0.0, 61.0, 2020-05-27 02:00:00, 0.0
321.0, 55.0, 10.3, 0.0, -3.7, 10.3, 4.6, 4.9, 307.0, 0.0, 0.0, 60.0, 2020-05-27 03:00:00, 0.0
39.0, 61.0, 8.5, 0.0, -2.6, 5.0, 4.3, 3.0, 307.0, 0.0, 0.0, 68.0, 2020-05-27 04:00:00, 0.0
325.0, 60.0, 10.3, 0.0, -2.2, 11.2, 4.9, 5.1, 321.0, 0.0, 0.0, 61.0, 2020-05-27 05:00:00, 0.0
251.0, 68.0, 5.0, 0.0, -2.3, 5.7, 3.0, 8.4, 39.0, 0.0, 0.0, 55.0, 2020-05-27 06:00:00, 0.0
261.0, 61.0, 11.2, 0.0, -1.8, 8.4, 5.1, 9.1, 325.0, 0.0, 0.0, 55.0, 2020-05-27 07:00:00, 0.0
263.0, 55.0, 5.7, 0.0, -0.1, 8.0, 8.4, 11.5, 251.0, 0.0, 0.0, 41.0, 2020-05-27 08:00:00, 0.0
219.0, 55.0, 8.4, 0.0, 0.5, 12.0, 9.1, 13.9, 261.0, 0.0, 0.0, 30.0, 2020-05-27 09:00:00, 0.0
214.0, 41.0, 8.0, 0.0, -1.3, 14.8, 11.5, 15.4, 263.0, 0.0, 0.0, 21.0, 2020-05-27 10:00:00, 0.0
225.0, 30.0, 12.0, 0.0, -3.4, 13.7, 13.9, 16.3, 219.0, 0.0, 0.0, 23.0, 2020-05-27 11:00:00, 0.0
242.0, 21.0, 14.8, 0.0, -6.8, 12.1, 15.4, 16.8, 214.0, 0.0, 0.0, 21.0, 2020-05-27 12:00:00, 0.0
217.0, 23.0, 13.7, 0.0, -4.9, 12.6, 16.3, 18.4, 225.0, 0.0, 0.0, 22.0, 2020-05-27 13:00:00, 0.0
236.0, 21.0, 12.1, 0.0, -5.6, 13.8, 16.8, 18.5, 242.0, 0.0, 0.0, 18.0, 2020-05-27 14:00:00, 0.0
212.0, 22.0, 12.6, 0.0, -3.7, 11.6, 18.4, 18.5, 217.0, 0.0, 0.0, 19.0, 2020-05-27 15:00:00, 0.0
229.0, 18.0, 13.8, 0.0, -6.3, 10.0, 18.5, 18.1, 236.0, 0.0, 0.0, 22.0, 2020-05-27 16:00:00, 0.0
292.0, 19.0, 11.6, 0.0, -5.5, 4.6, 18.5, 16.1, 212.0, 0.0, 0.0, 30.0, 2020-05-27 17:00:00, 0.0
26.0, 22.0, 10.0, 0.0, -3.9, 8.2, 18.1, 8.6, 229.0, 0.0, 0.0, 45.0, 2020-05-27 18:00:00, 0.0
46.0, 30.0, 4.6, 0.0, -1.5, 10.9, 16.1, 7.3, 292.0, 0.0, 0.0, 48.0, 2020-05-27 19:00:00, 0.0
21.0, 45.0, 8.2, 0.0, -2.7, 9.6, 8.6, 5.6, 26.0, 0.0, 0.0, 55.0, 2020-05-27 20:00:00, 0.0
25.0, 48.0, 10.9, 0.0, -3.0, 6.5, 7.3, 5.5, 46.0, 0.0, 0.0, 58.0, 2020-05-27 21:00:00, 0.0
32.0, 55.0, 9.6, 0.0, -2.7, 10.2, 5.6, 5.2, 21.0, 0.0, 0.0, 56.0, 2020-05-27 22:00:00, 0.0
23.0, 58.0, 6.5, 0.0, -2.1, 6.0, 5.5, 4.5, 25.0, 0.0, 0.0, 61.0, 2020-05-27 23:00:00, 0.0
34.0, 56.0, 10.2, 0.0, -2.9, 6.8, 5.2, 4.4, 32.0, 0.0, 0.0, 63.0, 2020-05-28 00:00:00, 0.0
28.0, 61.0, 6.0, 0.0, -2.4, 5.6, 4.5, 3.8, 23.0, 0.0, 0.0, 61.0, 2020-05-28 01:00:00, 0.0
33.0, 63.0, 6.8, 0.0, -2.0, 4.9, 4.4, 3.5, 34.0, 0.0, 0.0, 65.0, 2020-05-28 02:00:00, 0.0
18.0, 61.0, 5.6, 0.0, -3.0, 3.9, 3.8, 3.2, 28.0, 0.0, 0.0, 67.0, 2020-05-28 03:00:00, 0.0
304.0, 65.0, 4.9, 0.0, -2.5, 3.2, 3.5, 3.2, 33.0, 0.0, 0.0, 76.0, 2020-05-28 04:00:00, 0.0
50.0, 67.0, 3.9, 0.0, -2.3, 5.0, 3.2, 3.8, 18.0, 0.0, 0.0, 69.0, 2020-05-28 05:00:00, 0.0
140.0, 76.0, 3.2, 0.0, -0.6, 5.4, 3.2, 8.8, 304.0, 0.0, 0.0, 49.0, 2020-05-28 06:00:00, 0.0
166.0, 69.0, 5.0, 0.0, -1.4, 4.8, 3.8, 9.9, 50.0, 0.0, 0.0, 51.0, 2020-05-28 07:00:00, 0.0
126.0, 49.0, 5.4, 0.0, -1.3, 4.4, 8.8, 11.8, 140.0, 0.0, 0.0, 42.0, 2020-05-28 08:00:00, 0.0
104.0, 51.0, 4.8, 0.0, 0.2, 7.0, 9.9, 13.5, 166.0, 0.0, 0.0, 32.0, 2020-05-28 09:00:00, 0.0
None, 42.0, 4.4, None, -0.7, None, 11.8, None, 126.0, 0.0, 0.0, None, 2020-05-28 10:00:00, 0.0
None, 32.0, 7.0, None, -2.9, None, 13.5, None, 104.0, 0.0, 0.0, None, 2020-05-28 11:00:00, 0.0
311.0, None, None, 1.2, None, 5.2, None, 7.7, None, None, None, 92.0, 2020-06-02 17:00:00, None
343.0, None, None, 0.6, None, 5.3, None, 6.8, None, None, None, 95.0, 2020-06-02 18:00:00, None
7.0, None, None, 1.2, None, 5.0, None, 6.3, None, None, None, 95.0, 2020-06-02 19:00:00, None
4.0, None, None, 0.0, None, 7.4, None, 5.5, None, None, None, 99.0, 2020-06-02 20:00:00, None
10.0, None, None, 0.0, None, 6.8, None, 4.8, None, None, None, 100.0, 2020-06-02 21:00:00, None
16.0, None, None, 0.0, None, 6.7, None, 4.6, None, None, None, 100.0, 2020-06-02 22:00:00, None
21.0, None, None, 0.0, None, 7.2, None, 4.5, None, None, None, 100.0, 2020-06-02 23:00:00, None
10.0, None, None, 0.0, None, 7.0, None, 4.0, None, None, None, 100.0, 2020-06-03 00:00:00, None
16.0, None, None, 0.0, None, 6.6, None, 4.0, None, None, None, 100.0, 2020-06-03 01:00:00, None
336.0, None, None, 0.0, None, 10.2, None, 4.3, None, None, None, 95.0, 2020-06-03 02:00:00, None
359.0, None, None, 0.0, None, 9.2, None, 4.0, None, None, None, 98.0, 2020-06-03 03:00:00, None
6.0, None, None, 0.0, None, 6.2, None, 4.5, None, None, None, 100.0, 2020-06-03 04:00:00, None
351.0, None, None, 0.0, None, 5.8, None, 5.7, None, None, None, 90.0, 2020-06-03 05:00:00, None
8.0, None, None, 0.0, None, 6.3, None, 5.7, None, None, None, 90.0, 2020-06-03 06:00:00, None
303.0, None, None, 0.0, None, 5.7, None, 9.5, None, None, None, 63.0, 2020-06-03 07:00:00, None
258.0, None, None, 0.0, None, 6.4, None, 11.0, None, None, None, 54.0, 2020-06-03 08:00:00, None
218.0, None, None, 0.0, None, 6.3, None, 10.9, None, None, None, 59.0, 2020-06-03 09:00:00, None
211.0, None, None, 0.0, None, 7.4, None, 12.0, None, None, None, 52.0, 2020-06-03 10:00:00, None
234.0, 59.0, 6.3, 0.0, 3.2, 8.4, 10.9, 12.2, 218.0, 0.0, 7.0, 43.0, 2020-06-03 11:00:00, None
259.0, 52.0, 7.4, 0.0, 2.5, 10.1, 12.0, 9.5, 211.0, 0.0, 6.6, 58.0, 2020-06-03 12:00:00, 0.0
203.0, 43.0, 8.4, 0.0, 0.0, 6.8, 12.2, 13.6, 234.0, 0.0, 6.6, 45.0, 2020-06-03 13:00:00, 0.0
226.0, 58.0, 10.1, 0.0, 1.7, 11.2, 9.5, 14.4, 259.0, 0.0, 6.6, 43.0, 2020-06-03 14:00:00, 0.0
209.0, 45.0, 6.8, 0.0, 1.9, 7.7, 13.6, 15.1, 203.0, 0.0, 6.4, 44.0, 2020-06-03 15:00:00, 0.0
164.0, 43.0, 11.2, 0.0, 2.0, 7.7, 14.4, 14.7, 226.0, 0.0, 6.0, 46.0, 2020-06-03 16:00:00, 0.0
83.0, 44.0, 7.7, 0.0, 2.9, 1.8, 15.1, 11.3, 209.0, 0.0, 4.2, 63.0, 2020-06-03 17:00:00, 0.0
19.0, 46.0, 7.7, 0.0, 3.2, 3.6, 14.7, 9.3, 164.0, 0.0, 3.0, 70.0, 2020-06-03 18:00:00, 0.0
30.0, 63.0, 1.8, 0.0, 4.5, 8.0, 11.3, 6.2, 83.0, 0.0, 1.8, 74.0, 2020-06-03 19:00:00, 0.0
22.0, 70.0, 3.6, 0.0, 4.1, 7.7, 9.3, 5.0, 19.0, 0.0, 1.2, 78.0, 2020-06-03 20:00:00, 0.0
24.0, None, None, 0.0, None, 8.7, None, 4.6, None, None, None, 75.0, 2020-06-03 21:00:00, None
22.0, 78.0, 7.7, 0.0, 1.5, 7.9, 5.0, 4.1, 22.0, 0.0, 0.0, 77.0, 2020-06-03 22:00:00, 0.0
25.0, 75.0, 8.7, 0.0, 0.6, 7.4, 4.6, 3.7, 24.0, 0.0, 0.0, 78.0, 2020-06-03 23:00:00, 0.0
23.0, 77.0, 7.9, 0.0, 0.4, 6.0, 4.1, 3.6, 22.0, 0.0, 0.0, 77.0, 2020-06-04 00:00:00, 0.0
21.0, 78.0, 7.4, 0.0, 0.2, 7.5, 3.7, 3.1, 25.0, 0.0, 0.0, 85.0, 2020-06-04 01:00:00, 0.0
22.0, 77.0, 6.0, 0.0, -0.1, 5.8, 3.6, 3.1, 23.0, 0.0, 0.0, 79.0, 2020-06-04 02:00:00, 0.0
21.0, 85.0, 7.5, 0.0, 0.8, 6.4, 3.1, 2.8, 21.0, 0.0, 0.0, 82.0, 2020-06-04 03:00:00, 0.0
33.0, 79.0, 5.8, 0.0, -0.2, 5.7, 3.1, 3.2, 22.0, 0.0, 0.0, 83.0, 2020-06-04 04:00:00, 0.0
8.0, 82.0, 6.4, 0.0, 0.0, 4.6, 2.8, 3.5, 21.0, 0.0, 0.0, 84.0, 2020-06-04 05:00:00, 0.0
195.0, 83.0, 5.7, 0.0, 0.6, 3.3, 3.2, 9.0, 33.0, 0.0, 0.0, 65.0, 2020-06-04 06:00:00, 0.0
199.0, 84.0, 4.6, 0.0, 1.1, 4.8, 3.5, 9.8, 8.0, 0.0, 0.0, 68.0, 2020-06-04 07:00:00, 0.0
219.0, 65.0, 3.3, 0.0, 2.8, 7.4, 9.0, 12.2, 195.0, 0.0, 0.0, 55.0, 2020-06-04 08:00:00, 0.0
198.0, None, None, 0.0, None, 8.4, None, 13.6, None, None, None, 46.0, 2020-06-04 09:00:00, None
233.0, None, None, 0.0, None, 8.7, None, 14.5, None, None, None, 35.0, 2020-06-04 10:00:00, None
226.0, 46.0, 8.4, 0.0, 2.2, 10.9, 13.6, 15.4, 198.0, 0.0, 0.0, 37.0, 2020-06-04 11:00:00, 0.0
249.0, 35.0, 8.7, 0.0, -0.8, 7.1, 14.5, 13.7, 233.0, 0.0, 0.0, 41.0, 2020-06-04 12:00:00, 0.0
111.0, 37.0, 10.9, 0.0, 0.8, 13.8, 15.4, 15.1, 226.0, 0.0, 0.0, 38.0, 2020-06-04 13:00:00, 0.0
246.0, 41.0, 7.1, 0.0, 0.7, 7.4, 13.7, 12.9, 249.0, 0.0, 0.0, 44.0, 2020-06-04 14:00:00, 0.0
187.0, 38.0, 13.8, 0.0, 0.9, 6.6, 15.1, 14.2, 111.0, 0.0, 0.0, 45.0, 2020-06-04 15:00:00, 0.0
203.0, 44.0, 7.4, 0.0, 0.9, 6.3, 12.9, 17.0, 246.0, 0.0, 0.0, 38.0, 2020-06-04 16:00:00, 0.0
162.0, 45.0, 6.6, 0.0, 2.4, 7.1, 14.2, 16.1, 187.0, 0.0, 0.0, 41.0, 2020-06-04 17:00:00, 0.0
46.0, 38.0, 6.3, 0.0, 2.6, 5.3, 17.0, 9.7, 203.0, 0.0, 0.0, 62.0, 2020-06-04 18:00:00, 0.0
25.0, 41.0, 7.1, 0.0, 2.9, 9.5, 16.1, 7.2, 162.0, 0.0, 0.0, 73.0, 2020-06-04 19:00:00, 0.0
21.0, 62.0, 5.3, 0.0, 2.8, 7.1, 9.7, 6.1, 46.0, 0.0, 0.0, 72.0, 2020-06-04 20:00:00, 0.0
21.0, None, None, 0.0, None, 7.0, None, 5.5, None, None, None, 75.0, 2020-06-04 21:00:00, None
25.0, 72.0, 7.1, 0.0, 1.4, 7.7, 6.1, 5.0, 21.0, 0.0, 0.0, 76.0, 2020-06-04 22:00:00, 0.0
28.0, 75.0, 7.0, 0.0, 1.4, 5.7, 5.5, 4.7, 21.0, 0.0, 0.0, 76.0, 2020-06-04 23:00:00, 0.0
24.0, 76.0, 7.7, 0.0, 1.1, 7.5, 5.0, 4.0, 25.0, 0.0, 0.0, 80.0, 2020-06-05 00:00:00, 0.0
37.0, 76.0, 5.7, 0.0, 0.8, 6.0, 4.7, 3.8, 28.0, 0.0, 0.0, 81.0, 2020-06-05 01:00:00, 0.0
22.0, 80.0, 7.5, 0.0, 0.9, 5.1, 4.0, 3.2, 24.0, 0.0, 0.0, 83.0, 2020-06-05 02:00:00, 0.0
26.0, 81.0, 6.0, 0.0, 0.8, 7.4, 3.8, 3.2, 37.0, 0.0, 0.0, 84.0, 2020-06-05 03:00:00, 0.0
39.0, 83.0, 5.1, 0.0, 0.6, 4.2, 3.2, 3.8, 22.0, 0.0, 0.0, 83.0, 2020-06-05 04:00:00, 0.0
107.0, 84.0, 7.4, 0.0, 0.8, 5.1, 3.2, 4.4, 26.0, 0.0, 0.0, 89.0, 2020-06-05 05:00:00, 0.0
135.0, 83.0, 4.2, 0.0, 1.2, 8.1, 3.8, 8.6, 39.0, 0.0, 0.0, 69.0, 2020-06-05 06:00:00, 0.0
132.0, 89.0, 5.1, 0.0, 2.7, 6.1, 4.4, 10.3, 107.0, 0.0, 0.0, 62.0, 2020-06-05 07:00:00, 0.0
126.0, 69.0, 8.1, 0.0, 3.2, 7.2, 8.6, 13.3, 135.0, 0.0, 0.0, 53.0, 2020-06-05 08:00:00, 0.0
169.0, 62.0, 6.1, 0.0, 3.3, 9.1, 10.3, 14.9, 132.0, 0.0, 0.0, 50.0, 2020-06-05 09:00:00, 0.0
171.0, 53.0, 7.2, 0.0, 3.9, 13.2, 13.3, 17.0, 126.0, 0.0, 0.0, 43.0, 2020-06-05 10:00:00, 0.0
172.0, 50.0, 9.1, 0.0, 4.6, 11.6, 14.9, 18.3, 169.0, 0.0, 0.0, 35.0, 2020-06-05 11:00:00, 0.0
167.0, 43.0, 13.2, 0.0, 4.3, 12.2, 17.0, 19.0, 171.0, 0.0, 0.0, 32.0, 2020-06-05 12:00:00, 0.0
148.0, 35.0, 11.6, 0.0, 2.6, 12.2, 18.3, 19.8, 172.0, 0.0, 0.0, 30.0, 2020-06-05 13:00:00, 0.0
166.0, 32.0, 12.2, 0.0, 1.9, 11.7, 19.0, 21.0, 167.0, 0.0, 0.0, 27.0, 2020-06-05 14:00:00, 0.0
167.0, 30.0, 12.2, 0.0, 1.7, 11.3, 19.8, 20.8, 148.0, 0.0, 0.0, 26.0, 2020-06-05 15:00:00, 0.0
143.0, 27.0, 11.7, 0.0, 1.3, 11.6, 21.0, 20.2, 166.0, 0.0, 0.0, 28.0, 2020-06-05 16:00:00, 0.0
136.0, 26.0, 11.3, 0.0, 0.6, 20.4, 20.8, 17.1, 167.0, 0.0, 0.0, 32.0, 2020-06-05 17:00:00, 0.0
149.0, 28.0, 11.6, 0.0, 1.1, 10.6, 20.2, 15.1, 143.0, 0.0, 0.0, 36.0, 2020-06-05 18:00:00, 0.0
141.0, 32.0, 20.4, 0.0, 0.3, 4.0, 17.1, 13.7, 136.0, 0.0, 0.0, 47.0, 2020-06-05 19:00:00, 0.0
77.0, 36.0, 10.6, 0.0, 0.1, 7.9, 15.1, 12.0, 149.0, 0.0, 0.0, 57.0, 2020-06-05 20:00:00, 0.0
111.0, 47.0, 4.0, 0.0, 2.6, 5.5, 13.7, 12.5, 141.0, 0.0, 0.0, 54.0, 2020-06-05 21:00:00, 0.0
107.0, 57.0, 7.9, 0.0, 3.8, 10.2, 12.0, 12.0, 77.0, 0.0, 0.0, 59.0, 2020-06-05 22:00:00, 0.0
114.0, 54.0, 5.5, 0.0, 3.5, 11.3, 12.5, 11.7, 111.0, 0.0, 0.0, 64.0, 2020-06-05 23:00:00, 0.0
132.0, 59.0, 10.2, 0.0, 4.2, 8.7, 12.0, 10.7, 107.0, 0.0, 0.0, 76.0, 2020-06-06 00:00:00, 0.0
62.0, 64.0, 11.3, 0.2, 5.1, 7.9, 11.7, 9.0, 114.0, 0.0, 0.0, 90.0, 2020-06-06 01:00:00, 0.0
75.0, 76.0, 8.7, 0.6, 6.6, 4.4, 10.7, 8.6, 132.0, 0.0, 0.0, 98.0, 2020-06-06 02:00:00, 0.0
78.0, 90.0, 7.9, 0.6, 7.4, 7.7, 9.0, 8.6, 62.0, 0.2, 0.2, 100.0, 2020-06-06 03:00:00, 0.0
86.0, 98.0, 4.4, 0.4, 8.3, 8.2, 8.6, 8.4, 75.0, 0.6, 0.8, 99.0, 2020-06-06 04:00:00, 0.0
90.0, 100.0, 7.7, 0.2, 8.6, 6.2, 8.6, 8.4, 78.0, 0.6, 1.4, 100.0, 2020-06-06 05:00:00, 0.0
88.0, 99.0, 8.2, 0.4, 8.3, 6.0, 8.4, 8.6, 86.0, 0.4, 1.8, 100.0, 2020-06-06 06:00:00, 0.0
250.0, 100.0, 6.2, 0.4, 8.4, 4.1, 8.4, 9.5, 90.0, 0.2, 2.0, 99.0, 2020-06-06 07:00:00, 0.0
242.0, 100.0, 6.0, 0.0, 8.6, 7.0, 8.6, 10.5, 88.0, 0.4, 2.4, 99.0, 2020-06-06 08:00:00, 0.0
230.0, 99.0, 4.1, 0.0, 9.4, 7.4, 9.5, 12.1, 250.0, 0.4, 2.8, 87.0, 2020-06-06 09:00:00, 0.0
244.0, 99.0, 7.0, 0.0, 10.3, 13.1, 10.5, 14.5, 242.0, 0.0, 2.8, 68.0, 2020-06-06 10:00:00, 0.0
237.0, 87.0, 7.4, 0.0, 10.0, 13.1, 12.1, 16.2, 230.0, 0.0, 2.8, 55.0, 2020-06-06 11:00:00, 0.0
222.0, 68.0, 13.1, 0.0, 8.7, 12.5, 14.5, 18.1, 244.0, 0.0, 2.8, 44.0, 2020-06-06 12:00:00, 0.0
230.0, 55.0, 13.1, 0.0, 7.2, 12.2, 16.2, 18.6, 237.0, 0.0, 2.8, 39.0, 2020-06-06 13:00:00, 0.0
251.0, 44.0, 12.5, 0.0, 5.7, 9.3, 18.1, 17.8, 222.0, 0.0, 2.8, 36.0, 2020-06-06 14:00:00, 0.0
238.0, 39.0, 12.2, 0.0, 4.4, 10.5, 18.6, 17.9, 230.0, 0.0, 2.8, 37.0, 2020-06-06 15:00:00, 0.0
238.0, 36.0, 9.3, 0.0, 2.5, 9.2, 17.8, 16.0, 251.0, 0.0, 2.8, 41.0, 2020-06-06 16:00:00, 0.0
289.0, 37.0, 10.5, 0.0, 3.0, 7.8, 17.9, 14.9, 238.0, 0.0, 2.8, 43.0, 2020-06-06 17:00:00, 0.0
316.0, 41.0, 9.2, 0.0, 2.8, 7.0, 16.0, 13.3, 238.0, 0.0, 2.8, 49.0, 2020-06-06 18:00:00, 0.0
3.0, 43.0, 7.8, 0.0, 2.4, 7.7, 14.9, 9.7, 289.0, 0.0, 2.8, 68.0, 2020-06-06 19:00:00, 0.0
355.0, 49.0, 7.0, 0.0, 2.8, 7.8, 13.3, 8.3, 316.0, 0.0, 2.8, 71.0, 2020-06-06 20:00:00, 0.0
334.0, None, None, 0.0, None, 8.9, None, 8.1, None, None, None, 65.0, 2020-06-06 21:00:00, None
357.0, None, None, 0.0, None, 7.5, None, 7.1, None, None, None, 70.0, 2020-06-06 22:00:00, None
357.0, 65.0, 8.9, 0.0, 1.9, 5.2, 8.1, 7.9, 334.0, 0.0, 2.8, 69.0, 2020-06-06 23:00:00, 0.0
305.0, 70.0, 7.5, 0.0, 2.0, 9.6, 7.1, 8.8, 357.0, 0.0, 2.8, 61.0, 2020-06-07 00:00:00, 0.0
297.0, 69.0, 5.2, 0.0, 2.6, 8.9, 7.9, 8.8, 357.0, 0.0, 2.8, 62.0, 2020-06-07 01:00:00, 0.0
301.0, 61.0, 9.6, 0.0, 1.7, 7.4, 8.8, 8.6, 305.0, 0.0, 2.8, 62.0, 2020-06-07 02:00:00, 0.0
278.0, 62.0, 8.9, 0.0, 1.9, 11.6, 8.8, 9.1, 297.0, 0.0, 2.6, 63.0, 2020-06-07 03:00:00, 0.0
305.0, 62.0, 7.4, 0.0, 1.7, 10.0, 8.6, 9.2, 301.0, 0.0, 2.0, 63.0, 2020-06-07 04:00:00, 0.0
293.0, 63.0, 11.6, 0.0, 2.4, 10.4, 9.1, 8.9, 278.0, 0.0, 1.4, 67.0, 2020-06-07 05:00:00, 0.0
304.0, 63.0, 10.0, 0.0, 2.5, 9.7, 9.2, 9.1, 305.0, 0.0, 1.0, 66.0, 2020-06-07 06:00:00, 0.0
288.0, 67.0, 10.4, 0.0, 3.1, 7.3, 8.9, 8.4, 293.0, 0.0, 0.8, 76.0, 2020-06-07 07:00:00, 0.0
226.0, None, None, 0.0, None, 7.5, None, 9.9, None, None, None, 73.0, 2020-06-07 08:00:00, None
243.0, None, None, 0.0, None, 9.8, None, 10.2, None, None, None, 72.0, 2020-06-07 09:00:00, None
260.0, None, None, 0.0, None, 8.0, None, 9.6, None, None, None, 82.0, 2020-06-07 10:00:00, None
244.0, None, None, 0.0, None, 9.0, None, 11.4, None, None, None, 67.0, 2020-06-07 11:00:00, None
241.0, 82.0, 8.0, 0.0, 6.7, 11.6, 9.6, 12.2, 260.0, 0.0, 0.0, 60.0, 2020-06-07 12:00:00, 0.0
232.0, 67.0, 9.0, 0.0, 5.5, 12.0, 11.4, 13.4, 244.0, 0.0, 0.0, 54.0, 2020-06-07 13:00:00, 0.0
224.0, None, None, 0.0, None, 8.0, None, 13.5, None, None, None, 55.0, 2020-06-07 14:00:00, None
321.0, None, None, 0.0, None, 9.7, None, 11.4, None, None, None, 65.0, 2020-06-07 15:00:00, None
319.0, None, None, 0.2, None, 5.2, None, 9.1, None, None, None, 78.0, 2020-06-07 16:00:00, None
337.0, None, None, 0.0, None, 6.1, None, 9.9, None, None, None, 75.0, 2020-06-07 17:00:00, None
346.0, None, None, 0.0, None, 5.1, None, 9.6, None, None, None, 75.0, 2020-06-07 18:00:00, None
359.0, None, None, 0.0, None, 5.4, None, 7.9, None, None, None, 83.0, 2020-06-07 19:00:00, None
326.0, 75.0, 5.1, 0.0, 5.4, 7.8, 9.6, 8.8, 346.0, 0.0, 0.2, 69.0, 2020-06-07 20:00:00, 0.0
300.0, None, None, 0.0, None, 7.5, None, 8.7, None, None, None, 72.0, 2020-06-07 21:00:00, None
317.0, None, None, 0.0, None, 6.6, None, 8.3, None, None, None, 72.0, 2020-06-07 22:00:00, None
323.0, 72.0, 7.5, 0.0, 3.9, 7.9, 8.7, 8.1, 300.0, 0.0, 0.2, 74.0, 2020-06-07 23:00:00, 0.0
357.0, 72.0, 6.6, 0.0, 3.6, 6.8, 8.3, 7.5, 317.0, 0.0, 0.2, 79.0, 2020-06-08 00:00:00, 0.0
15.0, 74.0, 7.9, 0.0, 3.8, 6.2, 8.1, 5.4, 323.0, 0.0, 0.2, 86.0, 2020-06-08 01:00:00, 0.0
19.0, 79.0, 6.8, 0.0, 4.1, 6.1, 7.5, 5.1, 357.0, 0.0, 0.2, 85.0, 2020-06-08 02:00:00, 0.0
30.0, 86.0, 6.2, 0.0, 3.2, 5.2, 5.4, 5.7, 15.0, 0.0, 0.2, 79.0, 2020-06-08 03:00:00, 0.0
60.0, 85.0, 6.1, 0.0, 2.8, 3.8, 5.1, 5.9, 19.0, 0.0, 0.2, 83.0, 2020-06-08 04:00:00, 0.0
28.0, 79.0, 5.2, 0.0, 2.3, 5.9, 5.7, 5.3, 30.0, 0.0, 0.2, 81.0, 2020-06-08 05:00:00, 0.0
134.0, 83.0, 3.8, 0.0, 3.2, 5.0, 5.9, 10.3, 60.0, 0.0, 0.2, 69.0, 2020-06-08 06:00:00, 0.0
178.0, 81.0, 5.9, 0.0, 2.3, 4.4, 5.3, 12.9, 28.0, 0.0, 0.2, 59.0, 2020-06-08 07:00:00, 0.0
290.0, None, None, 0.0, None, 8.5, None, 12.5, None, None, None, 41.0, 2020-06-08 08:00:00, None
299.0, None, None, 0.0, None, 9.9, None, 14.8, None, None, None, 33.0, 2020-06-08 09:00:00, None
250.0, None, None, 0.0, None, 12.0, None, 11.8, None, None, None, 46.0, 2020-06-08 10:00:00, None
195.0, 33.0, 9.9, 0.2, -1.3, 8.8, 14.8, 15.3, 299.0, 0.0, 0.2, 39.0, 2020-06-08 11:00:00, 0.0
210.0, 46.0, 12.0, 0.0, 0.6, 11.0, 11.8, 18.2, 250.0, 0.0, 0.2, 27.0, 2020-06-08 12:00:00, 0.0
196.0, 39.0, 8.8, 0.0, 1.4, 11.8, 15.3, 18.3, 195.0, 0.2, 0.4, 31.0, 2020-06-08 13:00:00, 0.0
216.0, None, None, 0.0, None, 11.2, None, 14.9, None, None, None, 35.0, 2020-06-08 14:00:00, None
231.0, None, None, 0.0, None, 8.1, None, 13.3, None, None, None, 38.0, 2020-06-08 15:00:00, None
97.0, 35.0, 11.2, 0.0, -0.4, 7.3, 14.9, 12.2, 216.0, 0.0, 0.4, 46.0, 2020-06-08 16:00:00, 0.0
162.0, 38.0, 8.1, 0.0, -0.7, 5.8, 13.3, 14.6, 231.0, 0.0, 0.4, 47.0, 2020-06-08 17:00:00, 0.0
359.0, 46.0, 7.3, 0.0, 0.9, 6.0, 12.2, 8.1, 97.0, 0.0, 0.2, 68.0, 2020-06-08 18:00:00, 0.0
77.0, None, None, 0.0, None, 10.4, None, 9.5, None, None, None, 58.0, 2020-06-08 19:00:00, None
27.0, None, None, 0.0, None, 8.5, None, 6.5, None, None, None, 70.0, 2020-06-08 20:00:00, None
343.0, None, None, 0.0, None, 7.9, None, 7.2, None, None, None, 69.0, 2020-06-08 21:00:00, None
9.0, None, None, 0.0, None, 6.1, None, 6.2, None, None, None, 74.0, 2020-06-08 22:00:00, None
8.0, None, None, 0.0, None, 6.3, None, 5.3, None, None, None, 77.0, 2020-06-08 23:00:00, None
15.0, 74.0, 6.1, 0.0, 1.9, 4.8, 6.2, 5.5, 9.0, 0.0, 0.2, 78.0, 2020-06-09 00:00:00, 0.0
65.0, 77.0, 6.3, 0.0, 1.6, 4.2, 5.3, 5.7, 8.0, 0.0, 0.2, 73.0, 2020-06-09 01:00:00, 0.0
10.0, 78.0, 4.8, 0.0, 2.0, 3.6, 5.5, 5.3, 15.0, 0.0, 0.2, 80.0, 2020-06-09 02:00:00, 0.0
18.0, None, None, 0.0, None, 5.0, None, 4.9, None, None, None, 83.0, 2020-06-09 03:00:00, None
321.0, 80.0, 3.6, 0.0, 2.1, 2.8, 5.3, 5.7, 10.0, 0.0, 0.2, 82.0, 2020-06-09 04:00:00, 0.0
112.0, 83.0, 5.0, 0.0, 2.3, 2.9, 4.9, 7.3, 18.0, 0.0, 0.2, 76.0, 2020-06-09 05:00:00, 0.0
138.0, 82.0, 2.8, 0.0, 2.9, 5.2, 5.7, 9.7, 321.0, 0.0, 0.2, 64.0, 2020-06-09 06:00:00, 0.0
194.0, 76.0, 2.9, 0.0, 3.4, 4.8, 7.3, 9.9, 112.0, 0.0, 0.2, 65.0, 2020-06-09 07:00:00, 0.0
176.0, 64.0, 5.2, 0.0, 3.2, 5.5, 9.7, 10.4, 138.0, 0.0, 0.2, 65.0, 2020-06-09 08:00:00, 0.0
209.0, None, None, 0.0, None, 5.5, None, 12.3, None, None, None, 52.0, 2020-06-09 09:00:00, None
214.0, None, None, 0.0, None, 5.4, None, 13.5, None, None, None, 39.0, 2020-06-09 10:00:00, None
216.0, None, None, 0.0, None, 7.2, None, 15.2, None, None, None, 37.0, 2020-06-09 11:00:00, None
177.0, None, None, 0.0, None, 5.9, None, 14.9, None, None, None, 32.0, 2020-06-09 12:00:00, None
227.0, 37.0, 7.2, 0.0, 0.6, 7.1, 15.2, 14.7, 216.0, 0.0, 0.0, 38.0, 2020-06-09 13:00:00, 0.0
177.0, 32.0, 5.9, 0.0, -1.6, 6.8, 14.9, 13.7, 177.0, 0.0, 0.0, 42.0, 2020-06-09 14:00:00, 0.0
224.0, 38.0, 7.1, 0.0, 0.5, 4.4, 14.7, 13.3, 227.0, 0.0, 0.0, 44.0, 2020-06-09 15:00:00, 0.0
265.0, 42.0, 6.8, 0.0, 1.0, 7.3, 13.7, 12.3, 177.0, 0.0, 0.0, 48.0, 2020-06-09 16:00:00, 0.0
269.0, 44.0, 4.4, 0.0, 1.3, 7.7, 13.3, 10.8, 224.0, 0.0, 0.0, 56.0, 2020-06-09 17:00:00, 0.0
303.0, 48.0, 7.3, 0.0, 1.6, 3.9, 12.3, 9.7, 265.0, 0.0, 0.0, 67.0, 2020-06-09 18:00:00, 0.0
27.0, 56.0, 7.7, 0.0, 2.4, 4.7, 10.8, 8.3, 269.0, 0.0, 0.0, 82.0, 2020-06-09 19:00:00, 0.0
23.0, None, None, 0.0, None, 7.9, None, 7.1, None, None, None, 93.0, 2020-06-09 20:00:00, None
18.0, None, None, 0.0, None, 5.2, None, 6.9, None, None, None, 94.0, 2020-06-09 21:00:00, None
21.0, None, None, 0.0, None, 3.4, None, 6.9, None, None, None, 88.0, 2020-06-09 22:00:00, None
10.0, None, None, 0.0, None, 3.3, None, 6.7, None, None, None, 89.0, 2020-06-09 23:00:00, None
31.0, 88.0, 3.4, 0.0, 5.1, 2.7, 6.9, 6.5, 21.0, 0.0, 0.0, 88.0, 2020-06-10 00:00:00, 0.0
26.0, 89.0, 3.3, 0.0, 5.0, 3.9, 6.7, 6.5, 10.0, 0.0, 0.0, 88.0, 2020-06-10 01:00:00, 0.0
14.0, 88.0, 2.7, 0.0, 4.7, 2.2, 6.5, 6.3, 31.0, 0.0, 0.0, 90.0, 2020-06-10 02:00:00, 0.0
359.0, 88.0, 3.9, 0.0, 4.7, 3.1, 6.5, 6.3, 26.0, 0.0, 0.0, 88.0, 2020-06-10 03:00:00, 0.0
86.0, 90.0, 2.2, 0.0, 4.8, 2.2, 6.3, 7.1, 14.0, 0.0, 0.0, 88.0, 2020-06-10 04:00:00, 0.0
162.0, 88.0, 3.1, 0.0, 4.5, 2.8, 6.3, 8.5, 359.0, 0.0, 0.0, 86.0, 2020-06-10 05:00:00, 0.0
161.0, 88.0, 2.2, 0.0, 5.2, 4.2, 7.1, 8.9, 86.0, 0.0, 0.0, 88.0, 2020-06-10 06:00:00, 0.0
156.0, 86.0, 2.8, 0.0, 6.3, 5.1, 8.5, 11.1, 162.0, 0.0, 0.0, 76.0, 2020-06-10 07:00:00, 0.0
170.0, 88.0, 4.2, 0.0, 7.0, 7.6, 8.9, 13.1, 161.0, 0.0, 0.0, 68.0, 2020-06-10 08:00:00, 0.0
185.0, 76.0, 5.1, 0.0, 7.0, 6.5, 11.1, 14.0, 156.0, 0.0, 0.0, 58.0, 2020-06-10 09:00:00, 0.0
176.0, 68.0, 7.6, 0.0, 7.3, 5.9, 13.1, 15.3, 170.0, 0.0, 0.0, 56.0, 2020-06-10 10:00:00, 0.0
177.0, 58.0, 6.5, 0.0, 5.9, 5.4, 14.0, 15.6, 185.0, 0.0, 0.0, 52.0, 2020-06-10 11:00:00, 0.0
196.0, 56.0, 5.9, 0.0, 6.6, 7.4, 15.3, 17.2, 176.0, 0.0, 0.0, 48.0, 2020-06-10 12:00:00, 0.0
212.0, 52.0, 5.4, 0.0, 5.8, 6.0, 15.6, 17.5, 177.0, 0.0, 0.0, 45.0, 2020-06-10 13:00:00, 0.0
261.0, 48.0, 7.4, 0.0, 6.1, 8.5, 17.2, 16.2, 196.0, 0.0, 0.0, 55.0, 2020-06-10 14:00:00, 0.0
260.0, 45.0, 6.0, 0.0, 5.4, 7.9, 17.5, 16.8, 212.0, 0.0, 0.0, 52.0, 2020-06-10 15:00:00, 0.0
255.0, 55.0, 8.5, 0.0, 7.2, 7.3, 16.2, 16.6, 261.0, 0.0, 0.0, 52.0, 2020-06-10 16:00:00, 0.0
187.0, 52.0, 7.9, 0.0, 6.9, 4.2, 16.8, 18.5, 260.0, 0.0, 0.0, 53.0, 2020-06-10 17:00:00, 0.0
40.0, 52.0, 7.3, 0.0, 6.7, 4.7, 16.6, 12.9, 255.0, 0.0, 0.0, 71.0, 2020-06-10 18:00:00, 0.0
24.0, 53.0, 4.2, 0.0, 8.7, 8.1, 18.5, 10.7, 187.0, 0.0, 0.0, 74.0, 2020-06-10 19:00:00, 0.0
17.0, 71.0, 4.7, 0.0, 7.8, 5.7, 12.9, 10.3, 40.0, 0.0, 0.0, 71.0, 2020-06-10 20:00:00, 0.0
10.0, 74.0, 8.1, 0.0, 6.3, 4.5, 10.7, 10.2, 24.0, 0.0, 0.0, 73.0, 2020-06-10 21:00:00, 0.0
51.0, 71.0, 5.7, 0.0, 5.3, 6.8, 10.3, 9.5, 17.0, 0.0, 0.0, 86.0, 2020-06-10 22:00:00, 0.0
94.0, 73.0, 4.5, 0.0, 5.6, 5.0, 10.2, 9.6, 10.0, 0.0, 0.0, 80.0, 2020-06-10 23:00:00, 0.0
48.0, 86.0, 6.8, 0.0, 7.3, 5.2, 9.5, 9.6, 51.0, 0.0, 0.0, 77.0, 2020-06-11 00:00:00, 0.0
56.0, 80.0, 5.0, 0.0, 6.3, 7.4, 9.6, 9.4, 94.0, 0.0, 0.0, 79.0, 2020-06-11 01:00:00, 0.0
89.0, 77.0, 5.2, 0.0, 5.8, 4.3, 9.6, 8.5, 48.0, 0.0, 0.0, 87.0, 2020-06-11 02:00:00, 0.0
90.0, 79.0, 7.4, 0.2, 5.9, 5.9, 9.4, 8.4, 56.0, 0.0, 0.0, 92.0, 2020-06-11 03:00:00, 0.0
51.0, 87.0, 4.3, 0.0, 6.5, 10.3, 8.5, 8.8, 89.0, 0.0, 0.0, 89.0, 2020-06-11 04:00:00, 0.0
144.0, 92.0, 5.9, 0.0, 7.2, 2.6, 8.4, 9.5, 90.0, 0.2, 0.2, 91.0, 2020-06-11 05:00:00, 0.0
133.0, 89.0, 10.3, 0.0, 7.1, 7.3, 8.8, 10.4, 51.0, 0.0, 0.2, 84.0, 2020-06-11 06:00:00, 0.0
154.0, 91.0, 2.6, 0.0, 8.1, 6.3, 9.5, 13.5, 144.0, 0.0, 0.2, 77.0, 2020-06-11 07:00:00, 0.0
155.0, 84.0, 7.3, 0.0, 7.8, 7.9, 10.4, 15.5, 133.0, 0.0, 0.2, 64.0, 2020-06-11 08:00:00, 0.0
139.0, 77.0, 6.3, 0.0, 9.6, 6.0, 13.5, 15.6, 154.0, 0.0, 0.2, 67.0, 2020-06-11 09:00:00, 0.0
163.0, 64.0, 7.9, 0.0, 8.7, 8.9, 15.5, 18.5, 155.0, 0.0, 0.2, 52.0, 2020-06-11 10:00:00, 0.0
173.0, 67.0, 6.0, 0.0, 9.5, 8.7, 15.6, 18.8, 139.0, 0.0, 0.2, 50.0, 2020-06-11 11:00:00, 0.0
165.0, 52.0, 8.9, 0.0, 8.5, 10.1, 18.5, 18.6, 163.0, 0.0, 0.2, 49.0, 2020-06-11 12:00:00, 0.0
165.0, 50.0, 8.7, 0.0, 8.2, 10.6, 18.8, 20.4, 173.0, 0.0, 0.2, 47.0, 2020-06-11 13:00:00, 0.0
81.0, 49.0, 10.1, 0.0, 7.7, 8.9, 18.6, 15.6, 165.0, 0.0, 0.2, 63.0, 2020-06-11 14:00:00, 0.0
112.0, 47.0, 10.6, 0.0, 8.7, 3.3, 20.4, 15.4, 165.0, 0.0, 0.2, 67.0, 2020-06-11 15:00:00, 0.0
42.0, 63.0, 8.9, 0.2, 8.6, 6.6, 15.6, 13.4, 81.0, 0.0, 0.2, 87.0, 2020-06-11 16:00:00, 0.0
17.0, 67.0, 3.3, 1.4, 9.3, 3.8, 15.4, 12.0, 112.0, 0.0, 0.2, 100.0, 2020-06-11 17:00:00, 0.0
47.0, 87.0, 6.6, 0.8, 11.3, 3.4, 13.4, 11.6, 42.0, 0.2, 0.4, 100.0, 2020-06-11 18:00:00, 0.0
3.0, 100.0, 3.8, 0.2, 12.0, 4.6, 12.0, 11.0, 17.0, 1.4, 1.8, 100.0, 2020-06-11 19:00:00, 0.0
74.0, 100.0, 3.4, 0.4, 11.6, 7.2, 11.6, 10.9, 47.0, 0.8, 2.6, 100.0, 2020-06-11 20:00:00, 0.0
123.0, 100.0, 4.6, 1.0, 11.0, 10.0, 11.0, 10.4, 3.0, 0.2, 2.8, 100.0, 2020-06-11 21:00:00, 0.0
121.0, None, None, 0.0, None, 3.2, None, 10.5, None, None, None, 100.0, 2020-06-11 22:00:00, None
86.0, 100.0, 10.0, 0.0, 10.4, 5.2, 10.4, 10.5, 123.0, 1.0, 4.2, 100.0, 2020-06-11 23:00:00, 0.0
122.0, 100.0, 3.2, 0.0, 10.5, 4.2, 10.5, 10.3, 121.0, 0.0, 4.2, 100.0, 2020-06-12 00:00:00, 0.0
122.0, 100.0, 5.2, 0.0, 10.5, 7.0, 10.5, 10.2, 86.0, 0.0, 4.2, 100.0, 2020-06-12 01:00:00, 0.0
86.0, 100.0, 4.2, 0.0, 10.3, 6.3, 10.3, 10.0, 122.0, 0.0, 4.2, 100.0, 2020-06-12 02:00:00, 0.0
71.0, 100.0, 7.0, 0.0, 10.2, 5.8, 10.2, 10.0, 122.0, 0.0, 4.2, 100.0, 2020-06-12 03:00:00, 0.0
83.0, 100.0, 6.3, 0.0, 10.0, 8.9, 10.0, 10.2, 86.0, 0.0, 4.2, 100.0, 2020-06-12 04:00:00, 0.0
113.0, 100.0, 5.8, 0.0, 10.0, 5.3, 10.0, 10.3, 71.0, 0.0, 4.0, 100.0, 2020-06-12 05:00:00, 0.0
133.0, None, None, 0.0, None, 5.1, None, 10.9, None, None, None, 95.0, 2020-06-12 06:00:00, None
132.0, 100.0, 5.3, 0.0, 10.3, 7.0, 10.3, 12.1, 113.0, 0.0, 4.0, 93.0, 2020-06-12 07:00:00, 0.0
120.0, 95.0, 5.1, 0.0, 10.1, 11.1, 10.9, 15.5, 133.0, 0.0, 4.0, 81.0, 2020-06-12 08:00:00, 0.0
146.0, 93.0, 7.0, 0.0, 11.0, 8.5, 12.1, 14.9, 132.0, 0.0, 4.0, 78.0, 2020-06-12 09:00:00, 0.0
98.0, 81.0, 11.1, 0.0, 12.3, 5.5, 15.5, 15.6, 120.0, 0.0, 4.0, 73.0, 2020-06-12 10:00:00, 0.0
158.0, 78.0, 8.5, 0.0, 11.1, 5.5, 14.9, 17.7, 146.0, 0.0, 4.0, 65.0, 2020-06-12 11:00:00, 0.0
186.0, 73.0, 5.5, 0.0, 10.8, 2.7, 15.6, 16.7, 98.0, 0.0, 4.0, 77.0, 2020-06-12 12:00:00, 0.0
252.0, 65.0, 5.5, 0.0, 11.0, 6.8, 17.7, 16.1, 158.0, 0.0, 4.0, 76.0, 2020-06-12 13:00:00, 0.0
236.0, 77.0, 2.7, 0.0, 12.7, 6.2, 16.7, 18.9, 186.0, 0.0, 4.0, 64.0, 2020-06-12 14:00:00, 0.0
179.0, 76.0, 6.8, 0.0, 11.9, 3.2, 16.1, 19.6, 252.0, 0.0, 4.0, 60.0, 2020-06-12 15:00:00, 0.0
66.0, 64.0, 6.2, 0.0, 11.9, 4.2, 18.9, 16.0, 236.0, 0.0, 4.0, 73.0, 2020-06-12 16:00:00, 0.0
5.0, 60.0, 3.2, 1.8, 11.6, 12.7, 19.6, 13.0, 179.0, 0.0, 4.0, 86.0, 2020-06-12 17:00:00, 0.0
319.0, 73.0, 4.2, 1.4, 11.2, 14.1, 16.0, 11.9, 66.0, 0.0, 3.8, 89.0, 2020-06-12 18:00:00, 0.0
328.0, 86.0, 12.7, 2.6, 10.7, 8.8, 13.0, 11.1, 5.0, 1.8, 4.2, 96.0, 2020-06-12 19:00:00, 0.0
14.0, 89.0, 14.1, 0.8, 10.1, 8.8, 11.9, 10.3, 319.0, 1.4, 4.8, 100.0, 2020-06-12 20:00:00, 0.0
12.0, 96.0, 8.8, 0.0, 10.5, 5.3, 11.1, 9.8, 328.0, 2.6, 7.2, 100.0, 2020-06-12 21:00:00, 0.0
15.0, 100.0, 8.8, 0.0, 10.3, 7.1, 10.3, 8.8, 14.0, 0.8, 7.6, 100.0, 2020-06-12 22:00:00, 0.0
34.0, 100.0, 5.3, 0.2, 9.8, 7.7, 9.8, 8.3, 12.0, 0.0, 6.6, 100.0, 2020-06-12 23:00:00, 0.0
37.0, 100.0, 7.1, 0.0, 8.8, 7.4, 8.8, 8.0, 15.0, 0.0, 6.6, 100.0, 2020-06-13 00:00:00, 0.0
27.0, 100.0, 7.7, 0.0, 8.3, 6.5, 8.3, 7.7, 34.0, 0.2, 6.8, 100.0, 2020-06-13 01:00:00, 0.0
23.0, 100.0, 7.4, 0.0, 8.0, 7.3, 8.0, 7.7, 37.0, 0.0, 6.8, 100.0, 2020-06-13 02:00:00, 0.0
27.0, 100.0, 6.5, 0.0, 7.7, 6.2, 7.7, 7.8, 27.0, 0.0, 6.8, 100.0, 2020-06-13 03:00:00, 0.0
310.0, 100.0, 7.3, 0.0, 7.7, 5.0, 7.7, 7.9, 23.0, 0.0, 6.8, 100.0, 2020-06-13 04:00:00, 0.0
301.0, 100.0, 6.2, 0.0, 7.8, 2.6, 7.8, 8.8, 27.0, 0.0, 6.8, 100.0, 2020-06-13 05:00:00, 0.0
229.0, 100.0, 5.0, 0.0, 7.9, 5.1, 7.9, 10.7, 310.0, 0.0, 6.8, 96.0, 2020-06-13 06:00:00, 0.0
63.0, 100.0, 2.6, 0.0, 8.8, 4.5, 8.8, 9.7, 301.0, 0.0, 6.8, 99.0, 2020-06-13 07:00:00, 0.0
144.0, 96.0, 5.1, 2.0, 10.1, 4.2, 10.7, 9.5, 229.0, 0.0, 6.8, 100.0, 2020-06-13 08:00:00, 0.0
285.0, 99.0, 4.5, 1.0, 9.6, 6.4, 9.7, 9.5, 63.0, 0.0, 6.8, 97.0, 2020-06-13 09:00:00, 0.0
248.0, 100.0, 4.2, 0.2, 9.5, 6.5, 9.5, 9.3, 144.0, 2.0, 8.8, 98.0, 2020-06-13 10:00:00, 0.0
302.0, 97.0, 6.4, 0.4, 9.0, 10.6, 9.5, 8.8, 285.0, 1.0, 9.8, 99.0, 2020-06-13 11:00:00, 0.0
283.0, 98.0, 6.5, 0.2, 9.0, 7.4, 9.3, 9.9, 248.0, 0.2, 10.0, 95.0, 2020-06-13 12:00:00, 0.0
284.0, 99.0, 10.6, 0.2, 8.7, 11.3, 8.8, 12.4, 302.0, 0.4, 10.4, 86.0, 2020-06-13 13:00:00, 0.0
254.0, 95.0, 7.4, 0.0, 9.1, 5.8, 9.9, 11.1, 283.0, 0.2, 10.6, 88.0, 2020-06-13 14:00:00, 0.0
291.0, 86.0, 11.3, 0.0, 10.1, 10.2, 12.4, 10.5, 284.0, 0.2, 10.8, 86.0, 2020-06-13 15:00:00, 0.0
330.0, 88.0, 5.8, 2.6, 9.2, 6.7, 11.1, 9.5, 254.0, 0.0, 10.8, 92.0, 2020-06-13 16:00:00, 0.0
55.0, 86.0, 10.2, 3.8, 8.3, 7.2, 10.5, 9.4, 291.0, 0.0, 10.8, 96.0, 2020-06-13 17:00:00, 0.0
300.0, 92.0, 6.7, 0.0, 8.3, 8.1, 9.5, 9.4, 330.0, 2.6, 13.4, 96.0, 2020-06-13 18:00:00, 0.0
312.0, 96.0, 7.2, 0.0, 8.8, 8.8, 9.4, 9.2, 55.0, 3.8, 15.4, 91.0, 2020-06-13 19:00:00, 0.0
316.0, 96.0, 8.1, 0.0, 8.8, 9.3, 9.4, 9.0, 300.0, 0.0, 14.0, 90.0, 2020-06-13 20:00:00, 0.0
323.0, 91.0, 8.8, 0.0, 7.8, 11.2, 9.2, 8.8, 312.0, 0.0, 11.4, 91.0, 2020-06-13 21:00:00, 0.0
320.0, 90.0, 9.3, 0.0, 7.4, 9.7, 9.0, 8.9, 316.0, 0.0, 10.6, 89.0, 2020-06-13 22:00:00, 0.0
314.0, 91.0, 11.2, 0.0, 7.4, 7.7, 8.8, 9.0, 323.0, 0.0, 10.6, 89.0, 2020-06-13 23:00:00, 0.0
310.0, 89.0, 9.7, 0.0, 7.2, 9.0, 8.9, 8.9, 320.0, 0.0, 10.6, 91.0, 2020-06-14 00:00:00, 0.0
306.0, 89.0, 7.7, 0.4, 7.3, 11.1, 9.0, 8.6, 314.0, 0.0, 10.4, 94.0, 2020-06-14 01:00:00, 0.0
5.0, 91.0, 9.0, 0.0, 7.5, 4.3, 8.9, 8.2, 310.0, 0.0, 10.4, 100.0, 2020-06-14 02:00:00, 0.0
267.0, 94.0, 11.1, 0.0, 7.7, 4.4, 8.6, 7.9, 306.0, 0.4, 10.8, 100.0, 2020-06-14 03:00:00, 0.0
87.0, 100.0, 4.3, 0.2, 8.2, 6.0, 8.2, 7.5, 5.0, 0.0, 10.8, 100.0, 2020-06-14 04:00:00, 0.0
128.0, 100.0, 4.4, 0.0, 7.9, 5.0, 7.9, 7.1, 267.0, 0.0, 10.8, 98.0, 2020-06-14 05:00:00, 0.0
115.0, 100.0, 6.0, 0.2, 7.5, 4.1, 7.5, 7.1, 87.0, 0.2, 11.0, 96.0, 2020-06-14 06:00:00, 0.0
65.0, 98.0, 5.0, 0.6, 6.8, 6.1, 7.1, 8.0, 128.0, 0.0, 11.0, 92.0, 2020-06-14 07:00:00, 0.0
164.0, 96.0, 4.1, 0.2, 6.5, 5.7, 7.1, 9.3, 115.0, 0.2, 11.2, 93.0, 2020-06-14 08:00:00, 0.0
140.0, 92.0, 6.1, 0.0, 6.8, 4.9, 8.0, 9.5, 65.0, 0.6, 11.8, 87.0, 2020-06-14 09:00:00, 0.0
174.0, 93.0, 5.7, 0.0, 8.2, 4.2, 9.3, 9.0, 164.0, 0.2, 10.0, 85.0, 2020-06-14 10:00:00, 0.0
130.0, 87.0, 4.9, 0.0, 7.4, 3.4, 9.5, 10.1, 140.0, 0.0, 9.0, 80.0, 2020-06-14 11:00:00, 0.0
169.0, 85.0, 4.2, 0.0, 6.6, 5.1, 9.0, 11.6, 174.0, 0.0, 8.8, 73.0, 2020-06-14 12:00:00, 0.0
199.0, 80.0, 3.4, 0.0, 6.8, 5.4, 10.1, 11.9, 130.0, 0.0, 8.4, 76.0, 2020-06-14 13:00:00, 0.0
217.0, 73.0, 5.1, 0.2, 6.9, 4.5, 11.6, 11.1, 169.0, 0.0, 8.2, 88.0, 2020-06-14 14:00:00, 0.0
145.0, 76.0, 5.4, 0.0, 7.8, 5.8, 11.9, 11.4, 199.0, 0.0, 8.0, 81.0, 2020-06-14 15:00:00, 0.0
282.0, 88.0, 4.5, 0.0, 9.2, 8.6, 11.1, 10.4, 217.0, 0.2, 8.2, 83.0, 2020-06-14 16:00:00, 0.0
339.0, 81.0, 5.8, 0.0, 8.3, 7.7, 11.4, 9.1, 145.0, 0.0, 8.2, 90.0, 2020-06-14 17:00:00, 0.0
2.0, 83.0, 8.6, 0.0, 7.6, 6.5, 10.4, 8.0, 282.0, 0.0, 5.6, 96.0, 2020-06-14 18:00:00, 0.0
332.0, 90.0, 7.7, 0.0, 7.5, 9.4, 9.1, 8.2, 339.0, 0.0, 1.8, 88.0, 2020-06-14 19:00:00, 0.0
10.0, 96.0, 6.5, 0.2, 7.4, 6.3, 8.0, 6.8, 2.0, 0.0, 1.8, 98.0, 2020-06-14 20:00:00, 0.0
15.0, 88.0, 9.4, 0.2, 6.3, 5.6, 8.2, 6.5, 332.0, 0.0, 1.8, 100.0, 2020-06-14 21:00:00, 0.0
19.0, 98.0, 6.3, 0.0, 6.5, 5.9, 6.8, 6.2, 10.0, 0.2, 2.0, 100.0, 2020-06-14 22:00:00, 0.0
21.0, 100.0, 5.6, 0.0, 6.5, 5.0, 6.5, 6.1, 15.0, 0.2, 2.2, 100.0, 2020-06-14 23:00:00, 0.0
32.0, 100.0, 5.9, 0.4, 6.2, 3.2, 6.2, 6.1, 19.0, 0.0, 2.2, 100.0, 2020-06-15 00:00:00, 0.0
16.0, 100.0, 5.0, 0.4, 6.1, 4.2, 6.1, 5.9, 21.0, 0.0, 2.2, 100.0, 2020-06-15 01:00:00, 0.0
19.0, 100.0, 3.2, 0.0, 6.1, 3.1, 6.1, 5.7, 32.0, 0.4, 2.6, 100.0, 2020-06-15 02:00:00, 0.0
21.0, 100.0, 4.2, 0.0, 5.9, 3.8, 5.9, 5.7, 16.0, 0.4, 2.6, 100.0, 2020-06-15 03:00:00, 0.0
27.0, 100.0, 3.1, 0.0, 5.7, 4.7, 5.7, 6.1, 19.0, 0.0, 2.6, 100.0, 2020-06-15 04:00:00, 0.0
138.0, 100.0, 3.8, 0.0, 5.7, 2.5, 5.7, 7.0, 21.0, 0.0, 2.6, 99.0, 2020-06-15 05:00:00, 0.0
85.0, 100.0, 4.7, 0.0, 6.1, 2.2, 6.1, 7.6, 27.0, 0.0, 2.4, 100.0, 2020-06-15 06:00:00, 0.0
163.0, 99.0, 2.5, 0.0, 6.9, 3.5, 7.0, 9.9, 138.0, 0.0, 2.4, 85.0, 2020-06-15 07:00:00, 0.0
218.0, 100.0, 2.2, 0.0, 7.6, 5.7, 7.6, 11.9, 85.0, 0.0, 2.2, 72.0, 2020-06-15 08:00:00, 0.0
205.0, 85.0, 3.5, 0.0, 7.5, 4.1, 9.9, 11.5, 163.0, 0.0, 1.6, 73.0, 2020-06-15 09:00:00, 0.0
265.0, 72.0, 5.7, 0.0, 7.0, 6.7, 11.9, 11.4, 218.0, 0.0, 1.4, 70.0, 2020-06-15 10:00:00, 0.0
195.0, 73.0, 4.1, 0.2, 6.8, 7.8, 11.5, 16.0, 205.0, 0.0, 1.4, 45.0, 2020-06-15 11:00:00, 0.0
171.0, 70.0, 6.7, 0.0, 6.1, 7.0, 11.4, 15.3, 265.0, 0.0, 1.4, 54.0, 2020-06-15 12:00:00, 0.0
222.0, 45.0, 7.8, 0.0, 4.1, 8.5, 16.0, 17.8, 195.0, 0.2, 1.6, 31.0, 2020-06-15 13:00:00, 0.0
241.0, 54.0, 7.0, 0.0, 6.1, 7.3, 15.3, 15.7, 171.0, 0.0, 1.6, 36.0, 2020-06-15 14:00:00, 0.0
213.0, 31.0, 8.5, 0.0, 0.5, 7.4, 17.8, 16.4, 222.0, 0.0, 1.6, 37.0, 2020-06-15 15:00:00, 0.0
260.0, 36.0, 7.3, 0.0, 0.7, 5.2, 15.7, 14.9, 241.0, 0.0, 1.4, 33.0, 2020-06-15 16:00:00, 0.0
288.0, 37.0, 7.4, 0.0, 1.7, 3.7, 16.4, 13.1, 213.0, 0.0, 1.4, 50.0, 2020-06-15 17:00:00, 0.0
0.0, 33.0, 5.2, 0.0, -1.2, 7.1, 14.9, 11.3, 260.0, 0.0, 1.4, 76.0, 2020-06-15 18:00:00, 0.0
3.0, 50.0, 3.7, 0.0, 2.9, 6.5, 13.1, 9.6, 288.0, 0.0, 1.4, 76.0, 2020-06-15 19:00:00, 0.0
10.0, 76.0, 7.1, 0.0, 7.2, 7.2, 11.3, 8.7, 0.0, 0.0, 1.4, 78.0, 2020-06-15 20:00:00, 0.0
15.0, 76.0, 6.5, 0.0, 5.6, 6.9, 9.6, 8.6, 3.0, 0.0, 1.4, 76.0, 2020-06-15 21:00:00, 0.0
17.0, None, None, 0.0, None, 6.3, None, 8.1, None, None, None, 77.0, 2020-06-15 22:00:00, None
22.0, None, None, 0.0, None, 7.2, None, 7.9, None, None, None, 80.0, 2020-06-15 23:00:00, None
9.0, 77.0, 6.3, 0.0, 4.3, 5.6, 8.1, 7.2, 17.0, 0.0, 1.0, 82.0, 2020-06-16 00:00:00, 0.0
25.0, 80.0, 7.2, 0.0, 4.7, 7.9, 7.9, 6.0, 22.0, 0.0, 1.0, 81.0, 2020-06-16 01:00:00, 0.0
30.0, 82.0, 5.6, 0.0, 4.3, 6.2, 7.2, 7.0, 9.0, 0.0, 0.6, 75.0, 2020-06-16 02:00:00, 0.0
10.0, 81.0, 7.9, 0.0, 3.0, 3.7, 6.0, 6.8, 25.0, 0.0, 0.2, 87.0, 2020-06-16 03:00:00, 0.0
44.0, 75.0, 6.2, 0.0, 2.9, 3.4, 7.0, 6.9, 30.0, 0.0, 0.2, 87.0, 2020-06-16 04:00:00, 0.0
18.0, 87.0, 3.7, 0.0, 4.8, 4.7, 6.8, 6.1, 10.0, 0.0, 0.2, 88.0, 2020-06-16 05:00:00, 0.0
216.0, 87.0, 3.4, 0.0, 4.9, 3.2, 6.9, 11.9, 44.0, 0.0, 0.2, 64.0, 2020-06-16 06:00:00, 0.0
202.0, 88.0, 4.7, 0.0, 4.3, 5.1, 6.1, 13.9, 18.0, 0.0, 0.2, 60.0, 2020-06-16 07:00:00, 0.0
201.0, 64.0, 3.2, 0.0, 5.3, 6.6, 11.9, 15.8, 216.0, 0.0, 0.2, 56.0, 2020-06-16 08:00:00, 0.0
232.0, 60.0, 5.1, 0.0, 6.3, 9.6, 13.9, 16.4, 202.0, 0.0, 0.2, 41.0, 2020-06-16 09:00:00, 0.0
233.0, 56.0, 6.6, 0.0, 7.0, 11.7, 15.8, 17.1, 201.0, 0.0, 0.2, 42.0, 2020-06-16 10:00:00, 0.0
235.0, 41.0, 9.6, 0.0, 3.1, 7.4, 16.4, 16.6, 232.0, 0.0, 0.2, 47.0, 2020-06-16 11:00:00, 0.0
222.0, 42.0, 11.7, 0.0, 4.1, 12.6, 17.1, 20.3, 233.0, 0.0, 0.2, 33.0, 2020-06-16 12:00:00, 0.0
230.0, 47.0, 7.4, 0.0, 5.3, 10.4, 16.6, 19.8, 235.0, 0.0, 0.0, 34.0, 2020-06-16 13:00:00, 0.0
233.0, 33.0, 12.6, 0.0, 3.5, 13.9, 20.3, 21.9, 222.0, 0.0, 0.0, 30.0, 2020-06-16 14:00:00, 0.0
245.0, 34.0, 10.4, 0.0, 3.5, 12.3, 19.8, 21.3, 230.0, 0.0, 0.0, 32.0, 2020-06-16 15:00:00, 0.0
264.0, 30.0, 13.9, 0.0, 3.6, 11.1, 21.9, 19.4, 233.0, 0.0, 0.0, 32.0, 2020-06-16 16:00:00, 0.0
283.0, 32.0, 12.3, 0.0, 4.0, 4.7, 21.3, 17.6, 245.0, 0.0, 0.0, 35.0, 2020-06-16 17:00:00, 0.0
289.0, 32.0, 11.1, 0.0, 2.3, 6.1, 19.4, 17.7, 264.0, 0.0, 0.0, 40.0, 2020-06-16 18:00:00, 0.0
357.0, 35.0, 4.7, 0.0, 2.0, 6.2, 17.6, 15.0, 283.0, 0.0, 0.0, 51.0, 2020-06-16 19:00:00, 0.0
353.0, 40.0, 6.1, 0.0, 3.9, 7.3, 17.7, 14.2, 289.0, 0.0, 0.0, 45.0, 2020-06-16 20:00:00, 0.0
348.0, 51.0, 6.2, 0.0, 5.0, 10.7, 15.0, 14.1, 357.0, 0.0, 0.0, 45.0, 2020-06-16 21:00:00, 0.0
333.0, 45.0, 7.3, 0.0, 2.4, 9.8, 14.2, 14.1, 353.0, 0.0, 0.0, 43.0, 2020-06-16 22:00:00, 0.0
356.0, 45.0, 10.7, 0.0, 2.4, 7.3, 14.1, 12.6, 348.0, 0.0, 0.0, 49.0, 2020-06-16 23:00:00, 0.0
337.0, 43.0, 9.8, 0.0, 1.7, 8.1, 14.1, 13.1, 333.0, 0.0, 0.0, 49.0, 2020-06-17 00:00:00, 0.0
341.0, 49.0, 7.3, 0.0, 2.2, 7.1, 12.6, 12.3, 356.0, 0.0, 0.0, 56.0, 2020-06-17 01:00:00, 0.0
336.0, 49.0, 8.1, 0.0, 2.6, 7.3, 13.1, 12.3, 337.0, 0.0, 0.0, 52.0, 2020-06-17 02:00:00, 0.0
313.0, 56.0, 7.1, 0.0, 3.8, 3.1, 12.3, 11.0, 341.0, 0.0, 0.0, 64.0, 2020-06-17 03:00:00, 0.0
321.0, 52.0, 7.3, 0.0, 2.7, 6.6, 12.3, 11.1, 336.0, 0.0, 0.0, 59.0, 2020-06-17 04:00:00, 0.0
314.0, 64.0, 3.1, 0.0, 4.5, 4.9, 11.0, 11.4, 313.0, 0.0, 0.0, 58.0, 2020-06-17 05:00:00, 0.0
274.0, 59.0, 6.6, 0.0, 3.4, 8.6, 11.1, 14.5, 321.0, 0.0, 0.0, 51.0, 2020-06-17 06:00:00, 0.0
253.0, 58.0, 4.9, 0.0, 3.4, 8.6, 11.4, 15.1, 314.0, 0.0, 0.0, 53.0, 2020-06-17 07:00:00, 0.0
247.0, 51.0, 8.6, 0.0, 4.5, 8.4, 14.5, 16.0, 274.0, 0.0, 0.0, 47.0, 2020-06-17 08:00:00, 0.0
270.0, 53.0, 8.6, 0.0, 5.6, 12.9, 15.1, 16.6, 253.0, 0.0, 0.0, 44.0, 2020-06-17 09:00:00, 0.0
264.0, 47.0, 8.4, 0.0, 4.7, 11.5, 16.0, 17.1, 247.0, 0.0, 0.0, 40.0, 2020-06-17 10:00:00, 0.0
260.0, 44.0, 12.9, 0.0, 4.3, 11.0, 16.6, 17.5, 270.0, 0.0, 0.0, 39.0, 2020-06-17 11:00:00, 0.0
269.0, 40.0, 11.5, 0.0, 3.4, 12.0, 17.1, 17.7, 264.0, 0.0, 0.0, 36.0, 2020-06-17 12:00:00, 0.0
242.0, 39.0, 11.0, 0.0, 3.4, 11.0, 17.5, 18.7, 260.0, 0.0, 0.0, 38.0, 2020-06-17 13:00:00, 0.0
274.0, 36.0, 12.0, 0.0, 2.5, 10.5, 17.7, 18.2, 269.0, 0.0, 0.0, 34.0, 2020-06-17 14:00:00, 0.0
293.0, 38.0, 11.0, 0.0, 4.1, 7.5, 18.7, 17.5, 242.0, 0.0, 0.0, 37.0, 2020-06-17 15:00:00, 0.0
270.0, 34.0, 10.5, 0.0, 2.1, 5.8, 18.2, 17.4, 274.0, 0.0, 0.0, 41.0, 2020-06-17 16:00:00, 0.0
314.0, 37.0, 7.5, 0.0, 2.7, 5.9, 17.5, 16.9, 293.0, 0.0, 0.0, 39.0, 2020-06-17 17:00:00, 0.0
312.0, 41.0, 5.8, 0.0, 4.0, 7.7, 17.4, 16.5, 270.0, 0.0, 0.0, 40.0, 2020-06-17 18:00:00, 0.0
1.0, 39.0, 5.9, 0.0, 2.9, 7.5, 16.9, 15.5, 314.0, 0.0, 0.0, 43.0, 2020-06-17 19:00:00, 0.0
353.0, 40.0, 7.7, 0.0, 2.9, 9.6, 16.5, 15.1, 312.0, 0.0, 0.0, 43.0, 2020-06-17 20:00:00, 0.0
353.0, 43.0, 7.5, 0.0, 3.0, 6.6, 15.5, 12.3, 1.0, 0.0, 0.0, 65.0, 2020-06-17 21:00:00, 0.0
335.0, 43.0, 9.6, 0.0, 2.6, 10.5, 15.1, 12.0, 353.0, 0.0, 0.0, 57.0, 2020-06-17 22:00:00, 0.0
359.0, 65.0, 6.6, 0.0, 5.9, 5.5, 12.3, 10.3, 353.0, 0.0, 0.0, 67.0, 2020-06-17 23:00:00, 0.0
340.0, 57.0, 10.5, 0.0, 3.8, 7.4, 12.0, 10.3, 335.0, 0.0, 0.0, 65.0, 2020-06-18 00:00:00, 0.0
337.0, 67.0, 5.5, 0.0, 4.4, 7.0, 10.3, 10.1, 359.0, 0.0, 0.0, 65.0, 2020-06-18 01:00:00, 0.0
338.0, 65.0, 7.4, 0.0, 4.0, 4.9, 10.3, 8.7, 340.0, 0.0, 0.0, 73.0, 2020-06-18 02:00:00, None
359.0, 65.0, 7.0, 0.0, 3.8, 5.3, 10.1, 8.1, 337.0, 0.0, 0.0, 75.0, 2020-06-18 03:00:00, 0.0
27.0, 73.0, 4.9, 0.0, 4.1, 5.8, 8.7, 7.8, 338.0, 0.0, 0.0, 79.0, 2020-06-18 04:00:00, 0.0
25.0, 75.0, 5.3, 0.0, 3.9, 3.9, 8.1, 8.1, 359.0, 0.0, 0.0, 81.0, 2020-06-18 05:00:00, 0.0
193.0, 79.0, 5.8, 0.0, 4.4, 3.6, 7.8, 13.6, 27.0, 0.0, 0.0, 63.0, 2020-06-18 06:00:00, 0.0
183.0, 81.0, 3.9, 0.0, 5.0, 4.5, 8.1, 15.6, 25.0, 0.0, 0.0, 58.0, 2020-06-18 07:00:00, 0.0
164.0, 63.0, 3.6, 0.0, 6.7, 6.7, 13.6, 18.5, 193.0, 0.0, 0.0, 48.0, 2020-06-18 08:00:00, 0.0
254.0, 58.0, 4.5, 0.0, 7.4, 10.9, 15.6, 19.4, 183.0, 0.0, 0.0, 45.0, 2020-06-18 09:00:00, 0.0
221.0, 48.0, 6.7, 0.0, 7.3, 13.7, 18.5, 22.2, 164.0, 0.0, 0.0, 32.0, 2020-06-18 10:00:00, 0.0
219.0, 45.0, 10.9, 0.0, 7.2, 15.6, 19.4, 23.7, 254.0, 0.0, 0.0, 27.0, 2020-06-18 11:00:00, 0.0
227.0, 32.0, 13.7, 0.0, 4.7, 15.3, 22.2, 25.4, 221.0, 0.0, 0.0, 24.0, 2020-06-18 12:00:00, 0.0
233.0, 27.0, 15.6, 0.0, 3.6, 13.0, 23.7, 25.2, 219.0, 0.0, 0.0, 23.0, 2020-06-18 13:00:00, 0.0
171.0, 24.0, 15.3, 0.0, 3.4, 6.0, 25.4, 23.9, 227.0, 0.0, 0.0, 31.0, 2020-06-18 14:00:00, 0.0
178.0, 23.0, 13.0, 0.0, 2.6, 8.6, 25.2, 25.4, 233.0, 0.0, 0.0, 26.0, 2020-06-18 15:00:00, 0.0
156.0, 31.0, 6.0, 0.0, 5.8, 7.1, 23.9, 26.9, 171.0, 0.0, 0.0, 23.0, 2020-06-18 16:00:00, 0.0
99.0, 26.0, 8.6, 0.0, 4.5, 3.0, 25.4, 23.2, 178.0, 0.0, 0.0, 26.0, 2020-06-18 17:00:00, 0.0
15.0, 23.0, 7.1, 0.0, 4.0, 4.8, 26.9, 17.5, 156.0, 0.0, 0.0, 48.0, 2020-06-18 18:00:00, 0.0
22.0, 26.0, 3.0, 0.0, 2.6, 7.9, 23.2, 15.4, 99.0, 0.0, 0.0, 53.0, 2020-06-18 19:00:00, 0.0
27.0, 48.0, 4.8, 0.0, 6.4, 9.3, 17.5, 13.8, 15.0, 0.0, 0.0, 52.0, 2020-06-18 20:00:00, 0.0
22.0, 53.0, 7.9, 0.0, 5.9, 6.6, 15.4, 12.8, 22.0, 0.0, 0.0, 53.0, 2020-06-18 21:00:00, 0.0
24.0, None, None, 0.0, None, 8.5, None, 11.7, None, None, None, 57.0, 2020-06-18 22:00:00, None
17.0, 53.0, 6.6, 0.0, 3.5, 5.4, 12.8, 12.2, 22.0, 0.0, 0.0, 57.0, 2020-06-18 23:00:00, 0.0
35.0, 57.0, 8.5, 0.0, 3.5, 4.1, 11.7, 11.8, 24.0, 0.0, 0.0, 61.0, 2020-06-19 00:00:00, 0.0
10.0, 57.0, 5.4, 0.0, 3.9, 5.0, 12.2, 11.2, 17.0, 0.0, 0.0, 62.0, 2020-06-19 01:00:00, 0.0
15.0, 61.0, 4.1, 0.0, 4.5, 5.3, 11.8, 10.5, 35.0, 0.0, 0.0, 68.0, 2020-06-19 02:00:00, 0.0
14.0, 62.0, 5.0, 0.0, 4.2, 4.6, 11.2, 9.9, 10.0, 0.0, 0.0, 71.0, 2020-06-19 03:00:00, 0.0
15.0, 68.0, 5.3, 0.0, 4.8, 3.2, 10.5, 10.1, 15.0, 0.0, 0.0, 71.0, 2020-06-19 04:00:00, 0.0
276.0, 71.0, 4.6, 0.0, 4.9, 1.6, 9.9, 12.5, 14.0, 0.0, 0.0, 68.0, 2020-06-19 05:00:00, 0.0
197.0, 71.0, 3.2, 0.0, 5.1, 3.3, 10.1, 14.9, 15.0, 0.0, 0.0, 61.0, 2020-06-19 06:00:00, 0.0
234.0, 68.0, 1.6, 0.0, 6.8, 3.8, 12.5, 15.7, 276.0, 0.0, 0.0, 62.0, 2020-06-19 07:00:00, 0.0
186.0, 61.0, 3.3, 0.0, 7.5, 4.7, 14.9, 18.2, 197.0, 0.0, 0.0, 49.0, 2020-06-19 08:00:00, 0.0
248.0, 62.0, 3.8, 0.0, 8.4, 7.3, 15.7, 19.7, 234.0, 0.0, 0.0, 47.0, 2020-06-19 09:00:00, 0.0
250.0, 49.0, 4.7, 0.0, 7.3, 12.1, 18.2, 23.6, 186.0, 0.0, 0.0, 32.0, 2020-06-19 10:00:00, 0.0
247.0, 47.0, 7.3, 0.0, 8.1, 9.7, 19.7, 23.7, 248.0, 0.0, 0.0, 35.0, 2020-06-19 11:00:00, 0.0
224.0, 32.0, 12.1, 0.0, 6.0, 9.0, 23.6, 24.6, 250.0, 0.0, 0.0, 37.0, 2020-06-19 12:00:00, 0.0
227.0, 35.0, 9.7, 0.0, 7.3, 7.8, 23.7, 24.2, 247.0, 0.0, 0.0, 35.0, 2020-06-19 13:00:00, 0.0
185.0, 37.0, 9.0, 0.0, 9.0, 7.7, 24.6, 24.8, 224.0, 0.0, 0.0, 35.0, 2020-06-19 14:00:00, 0.0
166.0, 35.0, 7.8, 0.0, 7.8, 4.8, 24.2, 24.0, 227.0, 0.0, 0.0, 37.0, 2020-06-19 15:00:00, 0.0
200.0, 35.0, 7.7, 0.0, 8.3, 3.5, 24.8, 23.2, 185.0, 0.0, 0.0, 35.0, 2020-06-19 16:00:00, 0.0
206.0, 37.0, 4.8, 0.0, 8.4, 3.6, 24.0, 23.0, 166.0, 0.0, 0.0, 40.0, 2020-06-19 17:00:00, 0.0
39.0, 35.0, 3.5, 0.0, 6.9, 4.2, 23.2, 18.6, 200.0, 0.0, 0.0, 57.0, 2020-06-19 18:00:00, 0.0
33.0, 40.0, 3.6, 0.0, 8.7, 6.0, 23.0, 16.9, 206.0, 0.0, 0.0, 57.0, 2020-06-19 19:00:00, 0.0
65.0, 57.0, 4.2, 0.0, 9.9, 8.9, 18.6, 16.0, 39.0, 0.0, 0.0, 58.0, 2020-06-19 20:00:00, 0.0
25.0, None, None, 0.0, None, 7.8, None, 14.3, None, None, None, 63.0, 2020-06-19 21:00:00, None
25.0, None, None, 0.0, None, 7.8, None, 13.6, None, None, None, 65.0, 2020-06-19 22:00:00, None
35.0, 63.0, 7.8, 0.0, 7.4, 5.4, 14.3, 13.4, 25.0, 0.0, None, 65.0, 2020-06-19 23:00:00, None
27.0, 65.0, 7.8, 0.0, 7.2, 3.6, 13.6, 13.4, 25.0, 0.0, 0.0, 66.0, 2020-06-20 00:00:00, 0.0
32.0, 65.0, 5.4, 0.0, 7.0, 4.9, 13.4, 13.5, 35.0, 0.0, 0.0, 67.0, 2020-06-20 01:00:00, 0.0
55.0, 66.0, 3.6, 0.0, 7.2, 4.1, 13.4, 13.2, 27.0, 0.0, 0.0, 70.0, 2020-06-20 02:00:00, 0.0
56.0, 67.0, 4.9, 0.0, 7.5, 3.9, 13.5, 13.1, 32.0, 0.0, 0.0, 73.0, 2020-06-20 03:00:00, 0.0
11.0, 70.0, 4.1, 0.0, 7.9, 4.0, 13.2, 12.9, 55.0, 0.0, 0.0, 77.0, 2020-06-20 04:00:00, 0.0
317.0, 73.0, 3.9, 0.0, 8.4, 3.6, 13.1, 13.0, 56.0, 0.0, 0.0, 85.0, 2020-06-20 05:00:00, 0.0
305.0, 77.0, 4.0, 0.4, 9.0, 3.8, 12.9, 12.7, 11.0, 0.0, 0.0, 91.0, 2020-06-20 06:00:00, 0.0
119.0, 85.0, 3.6, 0.6, 10.5, 2.9, 13.0, 13.2, 317.0, 0.0, 0.0, 95.0, 2020-06-20 07:00:00, 0.0
167.0, 91.0, 3.8, 0.6, 11.3, 2.5, 12.7, 12.8, 305.0, 0.4, 0.4, 95.0, 2020-06-20 08:00:00, 0.0
164.0, 95.0, 2.9, 0.2, 12.4, 4.5, 13.2, 13.3, 119.0, 0.6, 1.0, 93.0, 2020-06-20 09:00:00, 0.0
87.0, 95.0, 2.5, 0.4, 12.0, 6.1, 12.8, 13.3, 167.0, 0.6, 1.6, 90.0, 2020-06-20 10:00:00, 0.0
147.0, 93.0, 4.5, 0.2, 12.2, 5.8, 13.3, 14.9, 164.0, 0.2, 1.8, 86.0, 2020-06-20 11:00:00, 0.0
145.0, 90.0, 6.1, 0.0, 11.7, 5.7, 13.3, 16.1, 87.0, 0.4, 2.2, 87.0, 2020-06-20 12:00:00, 0.0
60.0, 86.0, 5.8, 0.0, 12.6, 4.8, 14.9, 15.2, 147.0, 0.2, 2.4, 80.0, 2020-06-20 13:00:00, 0.0
97.0, 87.0, 5.7, 0.0, 13.9, 3.6, 16.1, 16.0, 145.0, 0.0, 2.4, 75.0, 2020-06-20 14:00:00, 0.0
129.0, 80.0, 4.8, 0.0, 11.8, 4.0, 15.2, 15.9, 60.0, 0.0, 2.4, 80.0, 2020-06-20 15:00:00, 0.0
141.0, 75.0, 3.6, 0.0, 11.6, 2.8, 16.0, 15.6, 97.0, 0.0, 2.4, 84.0, 2020-06-20 16:00:00, 0.0
39.0, 80.0, 4.0, 0.0, 12.5, 3.2, 15.9, 14.8, 129.0, 0.0, 2.4, 88.0, 2020-06-20 17:00:00, 0.0
76.0, 84.0, 2.8, 0.0, 12.9, 4.0, 15.6, 14.0, 141.0, 0.0, 2.4, 91.0, 2020-06-20 18:00:00, 0.0
36.0, 88.0, 3.2, 0.4, 12.8, 6.0, 14.8, 12.7, 39.0, 0.0, 2.4, 97.0, 2020-06-20 19:00:00, 0.0
25.0, 91.0, 4.0, 0.2, 12.6, 5.6, 14.0, 12.0, 76.0, 0.0, 2.4, 99.0, 2020-06-20 20:00:00, 0.0
23.0, 97.0, 6.0, 0.2, 12.2, 6.0, 12.7, 11.3, 36.0, 0.4, 2.8, 100.0, 2020-06-20 21:00:00, 0.0
36.0, 99.0, 5.6, 0.0, 11.8, 3.5, 12.0, 11.5, 25.0, 0.2, 3.0, 100.0, 2020-06-20 22:00:00, 0.0
80.0, 100.0, 6.0, 1.6, 11.3, 3.8, 11.3, 11.4, 23.0, 0.2, 3.2, 100.0, 2020-06-20 23:00:00, 0.0
5.0, 100.0, 3.5, 0.2, 11.5, 3.9, 11.5, 11.0, 36.0, 0.0, 3.2, 100.0, 2020-06-21 00:00:00, 0.0
354.0, 100.0, 3.8, 0.2, 11.4, 5.2, 11.4, 11.3, 80.0, 1.6, 4.8, 100.0, 2020-06-21 01:00:00, 0.0
26.0, 100.0, 3.9, 1.2, 11.0, 2.9, 11.0, 11.3, 5.0, 0.2, 5.0, 100.0, 2020-06-21 02:00:00, 0.0
40.0, None, None, 2.4, None, 2.0, None, 11.2, None, None, None, 100.0, 2020-06-21 03:00:00, None
287.0, None, None, 0.2, None, 4.2, None, 11.2, None, None, None, 100.0, 2020-06-21 04:00:00, None
121.0, None, None, 0.6, None, 3.6, None, 11.7, None, None, None, 100.0, 2020-06-21 05:00:00, None
173.0, None, None, 0.0, None, 4.8, None, 13.0, None, None, None, 100.0, 2020-06-21 06:00:00, None
265.0, None, None, 0.0, None, 2.4, None, 12.7, None, None, None, 97.0, 2020-06-21 07:00:00, None
214.0, None, None, 0.2, None, 3.5, None, 14.9, None, None, None, 85.0, 2020-06-21 08:00:00, None
188.0, 97.0, 2.4, 0.0, 12.2, 4.7, 12.7, 16.9, 265.0, 0.0, 8.6, 82.0, 2020-06-21 09:00:00, 0.0
153.0, 85.0, 3.5, 0.0, 12.4, 6.4, 14.9, 18.8, 214.0, 0.2, 8.2, 74.0, 2020-06-21 10:00:00, 0.0
178.0, 82.0, 4.7, 0.0, 13.8, 7.3, 16.9, 19.2, 188.0, 0.0, 8.0, 70.0, 2020-06-21 11:00:00, 0.0
155.0, 74.0, 6.4, 0.0, 14.1, 4.7, 18.8, 18.6, 153.0, 0.0, 7.6, 72.0, 2020-06-21 12:00:00, 0.0
251.0, 70.0, 7.3, 0.0, 13.6, 12.8, 19.2, 18.4, 178.0, 0.0, 7.4, 67.0, 2020-06-21 13:00:00, 0.0
306.0, 72.0, 4.7, 0.0, 13.5, 7.7, 18.6, 16.0, 155.0, 0.0, 7.4, 68.0, 2020-06-21 14:00:00, 0.0
273.0, 67.0, 12.8, 0.2, 12.2, 7.0, 18.4, 16.7, 251.0, 0.0, 7.4, 73.0, 2020-06-21 15:00:00, 0.0
52.0, 68.0, 7.7, 0.2, 10.1, 6.1, 16.0, 14.4, 306.0, 0.0, 7.4, 92.0, 2020-06-21 16:00:00, 0.0
31.0, 73.0, 7.0, 0.0, 11.8, 4.8, 16.7, 15.7, 273.0, 0.2, 7.6, 84.0, 2020-06-21 17:00:00, 0.0
30.0, 92.0, 6.1, 0.0, 13.1, 2.8, 14.4, 15.8, 52.0, 0.2, 7.8, 81.0, 2020-06-21 18:00:00, 0.0
23.0, 84.0, 4.8, 0.0, 13.0, 7.1, 15.7, 12.9, 31.0, 0.0, 7.8, 87.0, 2020-06-21 19:00:00, 0.0
21.0, 81.0, 2.8, 0.0, 12.5, 9.0, 15.8, 11.0, 30.0, 0.0, 7.8, 87.0, 2020-06-21 20:00:00, 0.0
24.0, 87.0, 7.1, 0.0, 10.8, 9.8, 12.9, 10.1, 23.0, 0.0, 7.4, 89.0, 2020-06-21 21:00:00, 0.0
14.0, 87.0, 9.0, 0.0, 8.9, 6.2, 11.0, 10.9, 21.0, 0.0, 7.2, 86.0, 2020-06-21 22:00:00, 0.0
12.0, 89.0, 9.8, 0.0, 8.4, 6.3, 10.1, 10.2, 24.0, 0.0, 7.0, 92.0, 2020-06-21 23:00:00, 0.0
25.0, 86.0, 6.2, 0.0, 8.7, 6.1, 10.9, 10.3, 14.0, 0.0, 7.0, 89.0, 2020-06-22 00:00:00, 0.0
14.0, 92.0, 6.3, 0.0, 9.0, 3.9, 10.2, 10.0, 12.0, 0.0, 5.4, 90.0, 2020-06-22 01:00:00, 0.0
25.0, 89.0, 6.1, 0.0, 8.6, 6.2, 10.3, 9.3, 25.0, 0.0, 5.2, 89.0, 2020-06-22 02:00:00, 0.0
34.0, 90.0, 3.9, 0.0, 8.4, 5.9, 10.0, 8.6, 14.0, 0.0, 5.0, 91.0, 2020-06-22 03:00:00, 0.0
50.0, 89.0, 6.2, 0.0, 7.6, 2.2, 9.3, 8.6, 25.0, 0.0, 3.8, 94.0, 2020-06-22 04:00:00, 0.0
130.0, 91.0, 5.9, 0.0, 7.2, 2.5, 8.6, 10.4, 34.0, 0.0, 1.4, 95.0, 2020-06-22 05:00:00, 0.0
167.0, 94.0, 2.2, 0.0, 7.7, 4.0, 8.6, 12.8, 50.0, 0.0, 1.2, 86.0, 2020-06-22 06:00:00, 0.0
171.0, 95.0, 2.5, 0.0, 9.6, 5.5, 10.4, 15.3, 130.0, 0.0, 0.6, 76.0, 2020-06-22 07:00:00, 0.0
188.0, 86.0, 4.0, 0.0, 10.5, 5.2, 12.8, 17.1, 167.0, 0.0, 0.6, 65.0, 2020-06-22 08:00:00, 0.0
199.0, 76.0, 5.5, 0.0, 11.1, 7.1, 15.3, 20.2, 171.0, 0.0, 0.6, 52.0, 2020-06-22 09:00:00, 0.0
200.0, 65.0, 5.2, 0.0, 10.5, 7.4, 17.1, 22.3, 188.0, 0.0, 0.4, 39.0, 2020-06-22 10:00:00, 0.0
175.0, 52.0, 7.1, 0.0, 10.0, 5.9, 20.2, 22.8, 199.0, 0.0, 0.4, 41.0, 2020-06-22 11:00:00, 0.0
180.0, 39.0, 7.4, 0.0, 7.7, 5.0, 22.3, 23.0, 200.0, 0.0, 0.4, 36.0, 2020-06-22 12:00:00, 0.0
178.0, 41.0, 5.9, 0.0, 8.9, 6.4, 22.8, 24.2, 175.0, 0.0, 0.4, 28.0, 2020-06-22 13:00:00, 0.0
206.0, 36.0, 5.0, 0.0, 7.1, 5.6, 23.0, 23.8, 180.0, 0.0, 0.4, 38.0, 2020-06-22 14:00:00, 0.0
191.0, 28.0, 6.4, 0.0, 4.6, 6.9, 24.2, 24.2, 178.0, 0.0, 0.4, 34.0, 2020-06-22 15:00:00, 0.0
132.0, 38.0, 5.6, 0.0, 8.6, 4.7, 23.8, 22.9, 206.0, 0.0, 0.4, 41.0, 2020-06-22 16:00:00, 0.0
301.0, 34.0, 6.9, 0.0, 7.4, 7.1, 24.2, 20.8, 191.0, 0.0, 0.2, 42.0, 2020-06-22 17:00:00, 0.0
50.0, 41.0, 4.7, 0.0, 9.0, 6.1, 22.9, 18.4, 132.0, 0.0, 0.0, 58.0, 2020-06-22 18:00:00, 0.0
65.0, 42.0, 7.1, 0.0, 7.4, 5.0, 20.8, 17.0, 301.0, 0.0, 0.0, 64.0, 2020-06-22 19:00:00, 0.0
23.0, 58.0, 6.1, 0.0, 10.0, 6.1, 18.4, 15.5, 50.0, 0.0, 0.0, 72.0, 2020-06-22 20:00:00, 0.0
24.0, 64.0, 5.0, 0.0, 10.1, 6.4, 17.0, 15.2, 65.0, 0.0, 0.0, 71.0, 2020-06-22 21:00:00, 0.0
94.0, None, None, 0.0, None, 5.1, None, 15.3, None, None, None, 67.0, 2020-06-22 22:00:00, None
59.0, None, None, 0.0, None, 6.4, None, 15.1, None, None, None, 73.0, 2020-06-22 23:00:00, None
83.0, None, None, 0.0, None, 7.1, None, 14.9, None, None, None, 72.0, 2020-06-23 00:00:00, None
70.0, None, None, 0.0, None, 4.9, None, 14.5, None, None, None, 74.0, 2020-06-23 01:00:00, None
78.0, None, None, 0.0, None, 6.4, None, 13.9, None, None, None, 74.0, 2020-06-23 02:00:00, None
69.0, None, None, 0.0, None, 7.9, None, 14.2, None, None, None, 76.0, 2020-06-23 03:00:00, None
25.0, 74.0, 6.4, 0.0, 9.3, 5.7, 13.9, 13.4, 78.0, 0.0, 0.0, 81.0, 2020-06-23 04:00:00, 0.0
302.0, None, None, 0.0, None, 4.9, None, 14.5, None, None, None, 80.0, 2020-06-23 05:00:00, None
218.0, 81.0, 5.7, 0.0, 10.2, 3.5, 13.4, 16.0, 25.0, 0.0, 0.0, 79.0, 2020-06-23 06:00:00, None
42.0, 80.0, 4.9, 0.0, 11.1, 3.0, 14.5, 15.7, 302.0, 0.0, 0.0, 79.0, 2020-06-23 07:00:00, None
72.0, 79.0, 3.5, 0.0, 12.4, 4.0, 16.0, 15.4, 218.0, 0.0, 0.0, 82.0, 2020-06-23 08:00:00, 0.0
133.0, 79.0, 3.0, 0.0, 12.1, 2.8, 15.7, 15.7, 42.0, 0.0, 0.0, 84.0, 2020-06-23 09:00:00, None
225.0, 82.0, 4.0, 0.0, 12.3, 3.5, 15.4, 16.2, 72.0, 0.0, 0.0, 83.0, 2020-06-23 10:00:00, 0.0
66.0, 84.0, 2.8, 0.0, 13.0, 4.8, 15.7, 16.3, 133.0, 0.0, 0.0, 81.0, 2020-06-23 11:00:00, 0.0
182.0, 83.0, 3.5, 0.0, 13.3, 3.0, 16.2, 17.7, 225.0, 0.0, 0.0, 74.0, 2020-06-23 12:00:00, 0.0
210.0, 81.0, 4.8, 0.0, 13.0, 3.3, 16.3, 17.2, 66.0, 0.0, 0.0, 76.0, 2020-06-23 13:00:00, 0.0
92.0, 74.0, 3.0, 0.0, 13.0, 4.8, 17.7, 16.9, 182.0, 0.0, 0.0, 77.0, 2020-06-23 14:00:00, 0.0
100.0, 76.0, 3.3, 0.0, 12.9, 5.5, 17.2, 17.4, 210.0, 0.0, 0.0, 71.0, 2020-06-23 15:00:00, 0.0
111.0, 77.0, 4.8, 0.0, 12.8, 5.1, 16.9, 15.8, 92.0, 0.0, 0.0, 81.0, 2020-06-23 16:00:00, 0.0
67.0, 71.0, 5.5, 0.4, 12.1, 5.4, 17.4, 14.8, 100.0, 0.0, 0.0, 91.0, 2020-06-23 17:00:00, 0.0
80.0, None, None, 0.2, None, 4.0, None, 14.1, None, None, None, 94.0, 2020-06-23 18:00:00, None
99.0, 91.0, 5.4, 0.2, 13.3, 9.2, 14.8, 13.6, 67.0, 0.4, 0.4, 94.0, 2020-06-23 19:00:00, 0.0
343.0, 94.0, 4.0, 0.0, 13.1, 3.1, 14.1, 13.1, 80.0, 0.2, 0.6, 97.0, 2020-06-23 20:00:00, 0.0
319.0, 94.0, 9.2, 0.8, 12.7, 5.6, 13.6, 13.0, 99.0, 0.2, 0.8, 99.0, 2020-06-23 21:00:00, 0.0
56.0, 97.0, 3.1, 5.6, 12.6, 2.6, 13.1, 12.9, 343.0, 0.0, 0.8, 99.0, 2020-06-23 22:00:00, 0.0
23.0, 99.0, 5.6, 3.4, 12.8, 3.2, 13.0, 12.5, 319.0, 0.8, 1.6, 100.0, 2020-06-23 23:00:00, 0.0
295.0, 99.0, 2.6, 0.2, 12.7, 3.8, 12.9, 12.2, 56.0, 5.6, 7.2, 100.0, 2020-06-24 00:00:00, 0.0
19.0, 100.0, 3.2, 0.2, 12.5, 0.0, 12.5, 12.2, 23.0, 3.4, 10.6, 100.0, 2020-06-24 01:00:00, 0.0
76.0, 100.0, 3.8, 1.6, 12.2, 2.0, 12.2, 12.1, 295.0, 0.2, 10.8, 100.0, 2020-06-24 02:00:00, 0.0
59.0, 100.0, 0.0, 0.2, 12.2, 3.6, 12.2, 12.0, 19.0, 0.2, 11.0, 100.0, 2020-06-24 03:00:00, 0.0
174.0, 100.0, 2.0, 0.0, 12.1, 2.4, 12.1, 12.1, 76.0, 1.6, 12.6, 100.0, 2020-06-24 04:00:00, 0.0
90.0, 100.0, 3.6, 0.0, 12.0, 2.7, 12.0, 12.3, 59.0, 0.2, 12.8, 100.0, 2020-06-24 05:00:00, 0.0
191.0, 100.0, 2.4, 0.2, 12.1, 2.6, 12.1, 12.2, 174.0, 0.0, 12.8, 100.0, 2020-06-24 06:00:00, 0.0
213.0, None, None, 0.8, None, 2.7, None, 12.1, None, None, None, 100.0, 2020-06-24 07:00:00, None
259.0, 100.0, 2.6, 3.2, 12.2, 3.1, 12.2, 12.6, 191.0, 0.2, 13.0, 100.0, 2020-06-24 08:00:00, 0.0
147.0, 100.0, 2.7, 3.0, 12.1, 4.1, 12.1, 13.1, 213.0, 0.8, 13.8, 100.0, 2020-06-24 09:00:00, 0.0
254.0, 100.0, 3.1, 0.6, 12.6, 5.3, 12.6, 14.6, 259.0, 3.2, 17.0, 97.0, 2020-06-24 10:00:00, 0.0
208.0, 100.0, 4.1, 0.2, 13.1, 5.4, 13.1, 17.5, 147.0, 3.0, 20.0, 85.0, 2020-06-24 11:00:00, 0.0
157.0, 97.0, 5.3, 0.0, 14.1, 6.2, 14.6, 19.2, 254.0, 0.6, 20.6, 74.0, 2020-06-24 12:00:00, 0.0
223.0, 85.0, 5.4, 0.0, 15.0, 5.4, 17.5, 19.0, 208.0, 0.2, 20.8, 70.0, 2020-06-24 13:00:00, 0.0
198.0, 74.0, 6.2, 0.0, 14.5, 6.9, 19.2, 21.2, 157.0, 0.0, 20.8, 64.0, 2020-06-24 14:00:00, 0.0
216.0, 70.0, 5.4, 0.0, 13.4, 6.8, 19.0, 21.7, 223.0, 0.0, 20.8, 51.0, 2020-06-24 15:00:00, 0.0
228.0, 64.0, 6.9, 0.0, 14.1, 5.4, 21.2, 20.7, 198.0, 0.0, 20.8, 58.0, 2020-06-24 16:00:00, 0.0
247.0, 51.0, 6.8, 0.0, 11.1, 5.1, 21.7, 21.1, 216.0, 0.0, 20.8, 64.0, 2020-06-24 17:00:00, 0.0
17.0, 58.0, 5.4, 0.0, 12.1, 3.9, 20.7, 16.1, 228.0, 0.0, 20.8, 87.0, 2020-06-24 18:00:00, 0.0
20.0, 64.0, 5.1, 0.0, 14.0, 6.6, 21.1, 13.1, 247.0, 0.0, 20.4, 93.0, 2020-06-24 19:00:00, 0.0
22.0, 87.0, 3.9, 0.0, 13.9, 9.3, 16.1, 11.6, 17.0, 0.0, 20.2, 94.0, 2020-06-24 20:00:00, 0.0
23.0, 93.0, 6.6, 0.0, 12.0, 6.9, 13.1, 11.2, 20.0, 0.0, 20.0, 93.0, 2020-06-24 21:00:00, 0.0
21.0, 94.0, 9.3, 0.0, 10.7, 8.2, 11.6, 10.6, 22.0, 0.0, 20.0, 95.0, 2020-06-24 22:00:00, 0.0
6.0, 93.0, 6.9, 0.0, 10.1, 6.0, 11.2, 10.4, 23.0, 0.0, 19.2, 94.0, 2020-06-24 23:00:00, 0.0
20.0, 95.0, 8.2, 0.0, 9.8, 6.8, 10.6, 9.9, 21.0, 0.0, 13.6, 95.0, 2020-06-25 00:00:00, 0.0
15.0, 94.0, 6.0, 0.0, 9.5, 6.0, 10.4, 9.5, 6.0, 0.0, 10.2, 97.0, 2020-06-25 01:00:00, 0.0
11.0, 95.0, 6.8, 0.0, 9.1, 5.3, 9.9, 9.3, 20.0, 0.0, 10.0, 95.0, 2020-06-25 02:00:00, 0.0
8.0, 97.0, 6.0, 0.0, 9.0, 5.2, 9.5, 9.1, 15.0, 0.0, 9.8, 96.0, 2020-06-25 03:00:00, 0.0
77.0, 95.0, 5.3, 0.0, 8.5, 2.6, 9.3, 10.1, 11.0, 0.0, 8.2, 98.0, 2020-06-25 04:00:00, 0.0
12.0, 96.0, 5.2, 0.0, 8.5, 3.3, 9.1, 10.5, 8.0, 0.0, 8.0, 94.0, 2020-06-25 05:00:00, 0.0
275.0, 98.0, 2.6, 0.0, 9.8, 2.6, 10.1, 12.0, 77.0, 0.0, 8.0, 95.0, 2020-06-25 06:00:00, 0.0
218.0, 94.0, 3.3, 0.0, 9.6, 7.4, 10.5, 15.8, 12.0, 0.0, 8.0, 80.0, 2020-06-25 07:00:00, 0.0
210.0, 95.0, 2.6, 0.0, 11.2, 6.7, 12.0, 17.7, 275.0, 0.0, 7.8, 68.0, 2020-06-25 08:00:00, 0.0
203.0, 80.0, 7.4, 0.0, 12.4, 6.3, 15.8, 19.6, 218.0, 0.0, 7.0, 64.0, 2020-06-25 09:00:00, 0.0
209.0, 68.0, 6.7, 0.0, 11.7, 8.4, 17.7, 22.8, 210.0, 0.0, 3.8, 49.0, 2020-06-25 10:00:00, 0.0
243.0, 64.0, 6.3, 0.0, 12.6, 11.2, 19.6, 24.0, 203.0, 0.0, 0.8, 31.0, 2020-06-25 11:00:00, 0.0
271.0, 49.0, 8.4, 0.0, 11.5, 9.1, 22.8, 23.2, 209.0, 0.0, 0.2, 32.0, 2020-06-25 12:00:00, 0.0
246.0, 31.0, 11.2, 0.0, 5.8, 12.3, 24.0, 24.9, 243.0, 0.0, 0.0, 29.0, 2020-06-25 13:00:00, 0.0
166.0, 32.0, 9.1, 0.0, 5.6, 5.7, 23.2, 23.5, 271.0, 0.0, 0.0, 38.0, 2020-06-25 14:00:00, 0.0
189.0, 29.0, 12.3, 0.0, 5.7, 4.3, 24.9, 23.0, 246.0, 0.0, 0.0, 44.0, 2020-06-25 15:00:00, 0.0
227.0, 38.0, 5.7, 0.0, 8.4, 5.4, 23.5, 23.9, 166.0, 0.0, 0.0, 30.0, 2020-06-25 16:00:00, 0.0
16.0, 44.0, 4.3, 0.0, 10.1, 5.2, 23.0, 19.2, 189.0, 0.0, 0.0, 61.0, 2020-06-25 17:00:00, 0.0
32.0, 30.0, 5.4, 0.0, 5.3, 3.2, 23.9, 19.2, 227.0, 0.0, 0.0, 57.0, 2020-06-25 18:00:00, 0.0
37.0, 61.0, 5.2, 0.0, 11.5, 7.5, 19.2, 16.7, 16.0, 0.0, 0.0, 65.0, 2020-06-25 19:00:00, 0.0
70.0, 57.0, 3.2, 0.0, 10.5, 5.4, 19.2, 16.3, 32.0, 0.0, 0.0, 67.0, 2020-06-25 20:00:00, 0.0
55.0, None, None, 0.0, None, 7.1, None, 15.4, None, None, None, 67.0, 2020-06-25 21:00:00, None
91.0, None, None, 0.0, None, 6.5, None, 15.4, None, None, None, 67.0, 2020-06-25 22:00:00, None
43.0, None, None, 0.0, None, 2.5, None, 14.9, None, None, None, 75.0, 2020-06-25 23:00:00, None
77.0, 67.0, 6.5, 0.0, 9.3, 5.3, 15.4, 14.9, 91.0, 0.0, None, 67.0, 2020-06-26 00:00:00, None
49.0, 75.0, 2.5, 0.0, 10.5, 5.4, 14.9, 14.3, 43.0, 0.0, 0.0, 72.0, 2020-06-26 01:00:00, 0.0
63.0, None, None, 0.0, None, 7.0, None, 14.0, None, None, None, 74.0, 2020-06-26 02:00:00, None
68.0, 72.0, 5.4, 0.0, 9.3, 5.0, 14.3, 13.6, 49.0, 0.0, 0.0, 74.0, 2020-06-26 03:00:00, 0.0
301.0, 74.0, 7.0, 0.0, 9.4, 4.1, 14.0, 13.3, 63.0, 0.0, 0.0, 82.0, 2020-06-26 04:00:00, 0.0
329.0, 74.0, 5.0, 0.0, 9.1, 4.1, 13.6, 13.2, 68.0, 0.0, 0.0, 88.0, 2020-06-26 05:00:00, 0.0
297.0, 82.0, 4.1, 0.0, 10.3, 4.7, 13.3, 13.3, 301.0, 0.0, 0.0, 90.0, 2020-06-26 06:00:00, 0.0
300.0, 88.0, 4.1, 0.4, 11.3, 3.2, 13.2, 13.5, 329.0, 0.0, 0.0, 85.0, 2020-06-26 07:00:00, 0.0
144.0, 90.0, 4.7, 0.2, 11.7, 4.3, 13.3, 13.6, 297.0, 0.0, 0.0, 96.0, 2020-06-26 08:00:00, 0.0
231.0, 85.0, 3.2, 0.6, 11.0, 4.0, 13.5, 13.3, 300.0, 0.4, 0.4, 95.0, 2020-06-26 09:00:00, 0.0
144.0, 96.0, 4.3, 1.0, 13.0, 3.1, 13.6, 13.8, 144.0, 0.2, 0.6, 98.0, 2020-06-26 10:00:00, 0.0
224.0, 95.0, 4.0, 0.4, 12.5, 3.6, 13.3, 14.5, 231.0, 0.6, 1.2, 95.0, 2020-06-26 11:00:00, 0.0
181.0, 98.0, 3.1, 0.0, 13.5, 3.4, 13.8, 16.7, 144.0, 1.0, 2.2, 86.0, 2020-06-26 12:00:00, 0.0
154.0, 95.0, 3.6, 0.0, 13.7, 3.7, 14.5, 17.3, 224.0, 0.4, 2.6, 82.0, 2020-06-26 13:00:00, 0.0
148.0, 86.0, 3.4, 0.0, 14.3, 3.8, 16.7, 16.4, 181.0, 0.0, 2.6, 84.0, 2020-06-26 14:00:00, 0.0
72.0, 82.0, 3.7, 0.0, 14.2, 7.4, 17.3, 14.4, 154.0, 0.0, 2.6, 91.0, 2020-06-26 15:00:00, 0.0
80.0, 84.0, 3.8, 1.0, 13.7, 4.3, 16.4, 13.7, 148.0, 0.0, 2.6, 95.0, 2020-06-26 16:00:00, 0.0
222.0, 91.0, 7.4, 2.6, 12.9, 1.9, 14.4, 13.0, 72.0, 0.0, 2.6, 100.0, 2020-06-26 17:00:00, 0.0
28.0, 95.0, 4.3, 2.2, 12.9, 4.7, 13.7, 12.4, 80.0, 1.0, 3.6, 100.0, 2020-06-26 18:00:00, 0.0
92.0, 100.0, 1.9, 1.0, 13.0, 4.9, 13.0, 11.7, 222.0, 2.6, 6.2, 100.0, 2020-06-26 19:00:00, 0.0
28.0, 100.0, 4.7, 0.0, 12.4, 5.6, 12.4, 10.6, 28.0, 2.2, 8.4, 100.0, 2020-06-26 20:00:00, 0.0
37.0, 100.0, 4.9, 1.6, 11.7, 4.5, 11.7, 10.5, 92.0, 1.0, 9.4, 100.0, 2020-06-26 21:00:00, 0.0
358.0, 100.0, 5.6, 0.8, 10.6, 5.8, 10.6, 10.4, 28.0, 0.0, 9.4, 100.0, 2020-06-26 22:00:00, 0.0
351.0, 100.0, 4.5, 4.2, 10.5, 5.2, 10.5, 10.0, 37.0, 1.6, 11.0, 100.0, 2020-06-26 23:00:00, 0.0
64.0, 100.0, 5.8, 2.2, 10.4, 5.4, 10.4, 9.0, 358.0, 0.8, 11.8, 99.0, 2020-06-27 00:00:00, 0.0
25.0, 100.0, 5.2, 0.2, 10.0, 8.6, 10.0, 7.4, 351.0, 4.2, 16.0, 100.0, 2020-06-27 01:00:00, 0.0
21.0, 99.0, 5.4, 0.0, 8.9, 8.6, 9.0, 6.7, 64.0, 2.2, 18.2, 100.0, 2020-06-27 02:00:00, 0.0
24.0, 100.0, 8.6, 0.0, 7.4, 5.6, 7.4, 7.3, 25.0, 0.2, 18.4, 100.0, 2020-06-27 03:00:00, 0.0
42.0, 100.0, 8.6, 0.0, 6.7, 3.0, 6.7, 8.3, 21.0, 0.0, 18.4, 100.0, 2020-06-27 04:00:00, 0.0
165.0, 100.0, 5.6, 0.0, 7.3, 2.0, 7.3, 8.9, 24.0, 0.0, 18.4, 100.0, 2020-06-27 05:00:00, 0.0
277.0, 100.0, 3.0, 0.0, 8.3, 4.3, 8.3, 11.0, 42.0, 0.0, 18.4, 92.0, 2020-06-27 06:00:00, 0.0
239.0, None, None, 0.0, None, 3.1, None, 12.5, None, None, None, 89.0, 2020-06-27 07:00:00, None
226.0, None, None, 0.0, None, 7.8, None, 14.2, None, None, None, 86.0, 2020-06-27 08:00:00, None
256.0, None, None, 0.0, None, 11.0, None, 16.1, None, None, None, 72.0, 2020-06-27 09:00:00, None
243.0, 86.0, 7.8, 0.0, 11.9, 11.6, 14.2, 17.7, 226.0, 0.0, 17.8, 59.0, 2020-06-27 10:00:00, 0.0
265.0, 72.0, 11.0, 0.0, 11.1, 10.4, 16.1, 14.7, 256.0, 0.0, 17.2, 65.0, 2020-06-27 11:00:00, 0.0
269.0, 59.0, 11.6, 0.0, 9.6, 10.7, 17.7, 14.0, 243.0, 0.0, 16.2, 62.0, 2020-06-27 12:00:00, 0.0
238.0, 65.0, 10.4, 0.0, 8.2, 6.1, 14.7, 15.3, 265.0, 0.0, 15.8, 60.0, 2020-06-27 13:00:00, 0.0
174.0, 62.0, 10.7, 0.0, 6.8, 9.1, 14.0, 15.8, 269.0, 0.0, 15.8, 56.0, 2020-06-27 14:00:00, 0.0
338.0, 60.0, 6.1, 0.0, 7.6, 4.1, 15.3, 13.5, 238.0, 0.0, 15.8, 58.0, 2020-06-27 15:00:00, 0.0
188.0, 56.0, 9.1, 0.0, 7.0, 4.7, 15.8, 17.6, 174.0, 0.0, 15.8, 46.0, 2020-06-27 16:00:00, 0.0
231.0, 58.0, 4.1, 0.0, 5.4, 4.5, 13.5, 15.3, 338.0, 0.0, 15.8, 57.0, 2020-06-27 17:00:00, 0.0
311.0, 46.0, 4.7, 0.0, 5.9, 5.9, 17.6, 12.2, 188.0, 0.0, 14.8, 75.0, 2020-06-27 18:00:00, 0.0
27.0, 57.0, 4.5, 0.0, 6.8, 6.1, 15.3, 9.4, 231.0, 0.0, 12.2, 88.0, 2020-06-27 19:00:00, 0.0
17.0, 75.0, 5.9, 0.0, 7.9, 6.6, 12.2, 8.5, 311.0, 0.0, 10.0, 88.0, 2020-06-27 20:00:00, 0.0
23.0, 88.0, 6.1, 0.0, 7.5, 6.0, 9.4, 7.6, 27.0, 0.0, 9.0, 88.0, 2020-06-27 21:00:00, 0.0
21.0, 88.0, 6.6, 0.0, 6.6, 4.8, 8.5, 7.4, 17.0, 0.0, 9.0, 91.0, 2020-06-27 22:00:00, 0.0
314.0, 88.0, 6.0, 0.0, 5.7, 12.0, 7.6, 10.2, 23.0, 0.0, 7.4, 72.0, 2020-06-27 23:00:00, 0.0
304.0, 91.0, 4.8, 0.0, 6.0, 8.9, 7.4, 9.8, 21.0, 0.0, 6.6, 73.0, 2020-06-28 00:00:00, 0.0
300.0, 72.0, 12.0, 0.0, 5.4, 8.0, 10.2, 9.4, 314.0, 0.0, 2.4, 77.0, 2020-06-28 01:00:00, 0.0
320.0, 73.0, 8.9, 0.0, 5.2, 11.1, 9.8, 9.5, 304.0, 0.0, 0.2, 74.0, 2020-06-28 02:00:00, 0.0
298.0, 77.0, 8.0, 0.0, 5.6, 9.9, 9.4, 9.6, 300.0, 0.0, 0.0, 73.0, 2020-06-28 03:00:00, 0.0
306.0, 74.0, 11.1, 0.0, 5.1, 11.5, 9.5, 9.6, 320.0, 0.0, 0.0, 74.0, 2020-06-28 04:00:00, 0.0
305.0, 73.0, 9.9, 0.0, 5.0, 10.0, 9.6, 9.7, 298.0, 0.0, 0.0, 74.0, 2020-06-28 05:00:00, 0.0
307.0, 74.0, 11.5, 0.0, 5.2, 12.8, 9.6, 11.8, 306.0, 0.0, 0.0, 63.0, 2020-06-28 06:00:00, 0.0
270.0, 74.0, 10.0, 0.0, 5.3, 14.0, 9.7, 12.6, 305.0, 0.0, 0.0, 64.0, 2020-06-28 07:00:00, 0.0
280.0, 63.0, 12.8, 0.0, 5.0, 9.6, 11.8, 13.2, 307.0, 0.0, 0.0, 60.0, 2020-06-28 08:00:00, 0.0
260.0, 64.0, 14.0, 0.0, 6.0, 12.1, 12.6, 15.0, 270.0, 0.0, 0.0, 58.0, 2020-06-28 09:00:00, 0.0
259.0, 60.0, 9.6, 0.0, 5.6, 12.2, 13.2, 16.0, 280.0, 0.0, 0.0, 56.0, 2020-06-28 10:00:00, 0.0
275.0, 58.0, 12.1, 0.0, 6.8, 12.6, 15.0, 15.6, 260.0, 0.0, 0.0, 55.0, 2020-06-28 11:00:00, 0.0
272.0, 56.0, 12.2, 0.0, 7.2, 9.7, 16.0, 15.6, 259.0, 0.0, 0.0, 55.0, 2020-06-28 12:00:00, 0.0
260.0, 55.0, 12.6, 0.0, 6.6, 9.7, 15.6, 16.1, 275.0, 0.0, 0.0, 54.0, 2020-06-28 13:00:00, 0.0
260.0, 55.0, 9.7, 0.0, 6.6, 11.5, 15.6, 16.1, 272.0, 0.0, 0.0, 52.0, 2020-06-28 14:00:00, 0.0
256.0, 54.0, 9.7, 0.0, 6.8, 15.6, 16.1, 18.9, 260.0, 0.0, 0.0, 43.0, 2020-06-28 15:00:00, 0.0
263.0, 52.0, 11.5, 0.0, 6.3, 10.9, 16.1, 18.6, 260.0, 0.0, 0.0, 45.0, 2020-06-28 16:00:00, 0.0
305.0, 43.0, 15.6, 0.0, 6.1, 8.7, 18.9, 15.5, 256.0, 0.0, 0.0, 53.0, 2020-06-28 17:00:00, 0.0
314.0, 45.0, 10.9, 0.0, 6.4, 6.2, 18.6, 14.9, 263.0, 0.0, 0.0, 58.0, 2020-06-28 18:00:00, 0.0
341.0, 53.0, 8.7, 0.0, 6.0, 7.6, 15.5, 11.9, 305.0, 0.0, 0.0, 63.0, 2020-06-28 19:00:00, 0.0
343.0, 58.0, 6.2, 0.0, 6.7, 8.2, 14.9, 10.3, 314.0, 0.0, 0.0, 73.0, 2020-06-28 20:00:00, 0.0
351.0, 63.0, 7.6, 0.0, 5.1, 7.8, 11.9, 10.6, 341.0, 0.0, 0.0, 68.0, 2020-06-28 21:00:00, 0.0
324.0, 73.0, 8.2, 0.0, 5.7, 7.8, 10.3, 10.5, 343.0, 0.0, 0.0, 75.0, 2020-06-28 22:00:00, 0.0
333.0, 68.0, 7.8, 0.0, 4.9, 5.5, 10.6, 9.8, 351.0, 0.0, 0.0, 76.0, 2020-06-28 23:00:00, 0.0
317.0, 75.0, 7.8, 0.0, 6.3, 11.2, 10.5, 10.4, 324.0, 0.0, 0.0, 65.0, 2020-06-29 00:00:00, 0.0
324.0, 76.0, 5.5, 0.0, 5.8, 12.1, 9.8, 12.5, 333.0, 0.0, 0.0, 56.0, 2020-06-29 01:00:00, 0.0
332.0, 65.0, 11.2, 0.0, 4.1, 10.0, 10.4, 11.8, 317.0, 0.0, 0.0, 59.0, 2020-06-29 02:00:00, 0.0
47.0, 56.0, 12.1, 0.0, 4.0, 5.5, 12.5, 9.2, 324.0, 0.0, 0.0, 73.0, 2020-06-29 03:00:00, 0.0
39.0, 59.0, 10.0, 0.0, 4.1, 5.2, 11.8, 8.5, 332.0, 0.0, 0.0, 79.0, 2020-06-29 04:00:00, 0.0
322.0, 73.0, 5.5, 0.0, 4.6, 9.3, 9.2, 9.4, 47.0, 0.0, 0.0, 72.0, 2020-06-29 05:00:00, 0.0
274.0, 79.0, 5.2, 0.0, 5.1, 8.2, 8.5, 13.5, 39.0, 0.0, 0.0, 61.0, 2020-06-29 06:00:00, 0.0
257.0, 72.0, 9.3, 0.0, 4.6, 9.0, 9.4, 15.2, 322.0, 0.0, 0.0, 54.0, 2020-06-29 07:00:00, 0.0
237.0, 61.0, 8.2, 0.0, 6.1, 8.8, 13.5, 17.9, 274.0, 0.0, 0.0, 49.0, 2020-06-29 08:00:00, 0.0
224.0, 54.0, 9.0, 0.0, 6.0, 8.7, 15.2, 19.8, 257.0, 0.0, 0.0, 39.0, 2020-06-29 09:00:00, 0.0
204.0, 49.0, 8.8, 0.0, 7.0, 6.7, 17.9, 21.9, 237.0, 0.0, 0.0, 37.0, 2020-06-29 10:00:00, 0.0
196.0, 39.0, 8.7, 0.0, 5.5, 7.9, 19.8, 23.4, 224.0, 0.0, 0.0, 28.0, 2020-06-29 11:00:00, 0.0
206.0, 37.0, 6.7, 0.0, 6.6, 10.9, 21.9, 24.8, 204.0, 0.0, 0.0, 31.0, 2020-06-29 12:00:00, 0.0
192.0, 28.0, 7.9, 0.0, 3.9, 8.1, 23.4, 24.8, 196.0, 0.0, 0.0, 33.0, 2020-06-29 13:00:00, 0.0
180.0, 31.0, 10.9, 0.0, 6.5, 7.1, 24.8, 25.3, 206.0, 0.0, 0.0, 27.0, 2020-06-29 14:00:00, 0.0
226.0, 33.0, 8.1, 0.0, 7.4, 4.6, 24.8, 22.6, 192.0, 0.0, 0.0, 32.0, 2020-06-29 15:00:00, 0.0
204.0, 27.0, 7.1, 0.0, 5.0, 5.4, 25.3, 24.9, 180.0, 0.0, 0.0, 28.0, 2020-06-29 16:00:00, 0.0
16.0, 32.0, 4.6, 0.0, 5.1, 3.7, 22.6, 18.9, 226.0, 0.0, 0.0, 52.0, 2020-06-29 17:00:00, 0.0
42.0, 28.0, 5.4, 0.0, 5.2, 3.6, 24.9, 18.1, 204.0, 0.0, 0.0, 51.0, 2020-06-29 18:00:00, 0.0
343.0, 52.0, 3.7, 0.0, 8.8, 4.3, 18.9, 16.1, 16.0, 0.0, 0.0, 59.0, 2020-06-29 19:00:00, 0.0
15.0, None, None, 0.0, None, 7.2, None, 12.6, None, None, None, 73.0, 2020-06-29 20:00:00, None
20.0, None, None, 0.0, None, 8.4, None, 12.3, None, None, None, 62.0, 2020-06-29 21:00:00, None
30.0, 73.0, 7.2, 0.0, 7.9, 7.2, 12.6, 12.0, 15.0, 0.0, 0.0, 63.0, 2020-06-29 22:00:00, 0.0
24.0, 62.0, 8.4, 0.0, 5.2, 8.4, 12.3, 10.9, 20.0, 0.0, 0.0, 65.0, 2020-06-29 23:00:00, 0.0
25.0, 63.0, 7.2, 0.0, 5.2, 8.0, 12.0, 10.3, 30.0, 0.0, 0.0, 69.0, 2020-06-30 00:00:00, 0.0
7.0, 65.0, 8.4, 0.0, 4.6, 6.5, 10.9, 9.9, 24.0, 0.0, 0.0, 73.0, 2020-06-30 01:00:00, 0.0
23.0, 69.0, 8.0, 0.0, 4.9, 7.1, 10.3, 9.4, 25.0, 0.0, 0.0, 71.0, 2020-06-30 02:00:00, 0.0
327.0, 73.0, 6.5, 0.0, 5.3, 7.5, 9.9, 11.0, 7.0, 0.0, 0.0, 66.0, 2020-06-30 03:00:00, 0.0
343.0, 71.0, 7.1, 0.0, 4.4, 5.0, 9.4, 10.0, 23.0, 0.0, 0.0, 73.0, 2020-06-30 04:00:00, 0.0
357.0, 66.0, 7.5, 0.0, 4.9, 4.6, 11.0, 10.5, 327.0, 0.0, 0.0, 80.0, 2020-06-30 05:00:00, 0.0
153.0, 73.0, 5.0, 0.0, 5.4, 5.6, 10.0, 15.3, 343.0, 0.0, 0.0, 61.0, 2020-06-30 06:00:00, 0.0
262.0, 80.0, 4.6, 0.0, 7.2, 9.7, 10.5, 16.5, 357.0, 0.0, 0.0, 55.0, 2020-06-30 07:00:00, 0.0
262.0, 61.0, 5.6, 0.0, 7.8, 13.0, 15.3, 18.0, 153.0, 0.0, 0.0, 54.0, 2020-06-30 08:00:00, 0.0
248.0, 55.0, 9.7, 0.0, 7.4, 14.1, 16.5, 19.7, 262.0, 0.0, 0.0, 48.0, 2020-06-30 09:00:00, 0.0
241.0, 54.0, 13.0, 0.0, 8.6, 12.8, 18.0, 20.4, 262.0, 0.0, 0.0, 47.0, 2020-06-30 10:00:00, 0.0
326.0, 48.0, 14.1, 0.4, 8.4, 8.7, 19.7, 16.9, 248.0, 0.0, 0.0, 66.0, 2020-06-30 11:00:00, 0.0
241.0, 47.0, 12.8, 0.2, 8.7, 13.7, 20.4, 18.3, 241.0, 0.0, 0.0, 51.0, 2020-06-30 12:00:00, 0.0
266.0, None, None, 0.0, None, 9.9, None, 17.1, None, None, None, 52.0, 2020-06-30 13:00:00, None
274.0, 51.0, 13.7, 0.0, 8.0, 8.9, 18.3, 15.3, 241.0, 0.2, 0.6, 59.0, 2020-06-30 14:00:00, 0.0
307.0, 52.0, 9.9, 0.6, 7.2, 8.9, 17.1, 12.8, 266.0, 0.0, 0.6, 82.0, 2020-06-30 15:00:00, 0.0
312.0, 59.0, 8.9, 1.8, 7.3, 9.1, 15.3, 11.0, 274.0, 0.0, 0.6, 87.0, 2020-06-30 16:00:00, 0.0
297.0, 82.0, 8.9, 0.6, 9.8, 6.7, 12.8, 10.2, 307.0, 0.6, 1.2, 88.0, 2020-06-30 17:00:00, 0.0
304.0, 87.0, 9.1, 0.4, 8.9, 12.5, 11.0, 10.0, 312.0, 1.8, 3.0, 85.0, 2020-06-30 18:00:00, 0.0
326.0, 88.0, 6.7, 0.8, 8.3, 11.2, 10.2, 9.4, 297.0, 0.6, 3.6, 86.0, 2020-06-30 19:00:00, 0.0
305.0, 85.0, 12.5, 0.4, 7.6, 10.3, 10.0, 9.3, 304.0, 0.4, 4.0, 85.0, 2020-06-30 20:00:00, 0.0
331.0, 86.0, 11.2, 0.4, 7.2, 10.8, 9.4, 9.2, 326.0, 0.8, 4.8, 85.0, 2020-06-30 21:00:00, 0.0
333.0, 85.0, 10.3, 1.2, 6.9, 8.4, 9.3, 8.8, 305.0, 0.4, 5.2, 88.0, 2020-06-30 22:00:00, 0.0
329.0, 85.0, 10.8, 2.4, 6.8, 8.5, 9.2, 8.6, 331.0, 0.4, 5.6, 90.0, 2020-06-30 23:00:00, 0.0
326.0, 88.0, 8.4, 1.2, 6.9, 8.2, 8.8, 8.5, 333.0, 1.2, 6.8, 90.0, 2020-07-01 00:00:00, 0.0
322.0, 90.0, 8.5, 0.2, 7.1, 9.7, 8.6, 8.5, 329.0, 2.4, 9.2, 89.0, 2020-07-01 01:00:00, 0.0
303.0, 90.0, 8.2, 0.8, 7.0, 8.3, 8.5, 8.1, 326.0, 1.2, 10.4, 92.0, 2020-07-01 02:00:00, 0.0
338.0, 89.0, 9.7, 0.8, 6.8, 6.1, 8.5, 8.4, 322.0, 0.2, 10.6, 90.0, 2020-07-01 03:00:00, 0.0
332.0, 92.0, 8.3, 2.2, 6.9, 6.2, 8.1, 8.0, 303.0, 0.8, 11.4, 96.0, 2020-07-01 04:00:00, 0.0
8.0, 90.0, 6.1, 0.6, 6.9, 1.9, 8.4, 8.2, 338.0, 0.8, 12.2, 100.0, 2020-07-01 05:00:00, 0.0
200.0, 96.0, 6.2, 1.4, 7.4, 2.4, 8.0, 8.8, 332.0, 2.2, 14.4, 100.0, 2020-07-01 06:00:00, 0.0
294.0, 100.0, 1.9, 1.8, 8.2, 6.9, 8.2, 8.3, 8.0, 0.6, 15.0, 94.0, 2020-07-01 07:00:00, 0.0
301.0, 100.0, 2.4, 1.6, 8.8, 9.3, 8.8, 8.5, 200.0, 1.4, 16.4, 94.0, 2020-07-01 08:00:00, 0.0
309.0, 94.0, 6.9, 1.6, 7.4, 6.6, 8.3, 8.2, 294.0, 1.8, 18.2, 93.0, 2020-07-01 09:00:00, 0.0
300.0, 94.0, 9.3, 2.0, 7.6, 9.8, 8.5, 7.7, 301.0, 1.6, 19.8, 95.0, 2020-07-01 10:00:00, 0.0
307.0, 93.0, 6.6, 2.2, 7.1, 6.9, 8.2, 7.8, 309.0, 1.6, 21.4, 89.0, 2020-07-01 11:00:00, 0.0
304.0, 95.0, 9.8, 1.4, 6.9, 6.1, 7.7, 8.0, 300.0, 2.0, 23.4, 90.0, 2020-07-01 12:00:00, 0.0
137.0, 89.0, 6.9, 1.0, 6.1, 3.7, 7.8, 8.1, 307.0, 2.2, 25.2, 95.0, 2020-07-01 13:00:00, 0.0
211.0, 90.0, 6.1, 0.6, 6.5, 3.3, 8.0, 7.9, 304.0, 1.4, 26.4, 100.0, 2020-07-01 14:00:00, 0.0
201.0, 95.0, 3.7, 0.2, 7.3, 3.1, 8.1, 8.1, 137.0, 1.0, 27.4, 99.0, 2020-07-01 15:00:00, 0.0
158.0, 100.0, 3.3, 0.4, 7.9, 2.7, 7.9, 7.6, 211.0, 0.6, 28.0, 99.0, 2020-07-01 16:00:00, 0.0
52.0, 99.0, 3.1, 0.4, 8.0, 2.3, 8.1, 7.2, 201.0, 0.2, 27.6, 100.0, 2020-07-01 17:00:00, 0.0
217.0, 99.0, 2.7, 0.8, 7.5, 1.7, 7.6, 7.0, 158.0, 0.4, 26.2, 100.0, 2020-07-01 18:00:00, 0.0
8.0, 100.0, 2.3, 0.8, 7.2, 1.7, 7.2, 6.6, 52.0, 0.4, 26.0, 100.0, 2020-07-01 19:00:00, 0.0
134.0, None, None, 0.6, None, 2.0, None, 6.6, None, None, None, 100.0, 2020-07-01 20:00:00, None
19.0, None, None, 0.8, None, 4.3, None, 6.5, None, None, None, 100.0, 2020-07-01 21:00:00, None
22.0, 100.0, 2.0, 0.6, 6.6, 4.2, 6.6, 6.4, 134.0, 0.6, 26.6, 100.0, 2020-07-01 22:00:00, 0.0
345.0, 100.0, 4.3, 0.4, 6.5, 2.4, 6.5, 6.3, 19.0, 0.8, 27.0, 100.0, 2020-07-01 23:00:00, 0.0
41.0, 100.0, 4.2, 0.8, 6.4, 4.3, 6.4, 6.3, 22.0, 0.6, 26.4, 100.0, 2020-07-02 00:00:00, 0.0
75.0, 100.0, 2.4, 0.6, 6.3, 3.2, 6.3, 6.3, 345.0, 0.4, 24.4, 100.0, 2020-07-02 01:00:00, 0.0
203.0, 100.0, 4.3, 0.6, 6.3, 1.8, 6.3, 6.4, 41.0, 0.8, 24.0, 100.0, 2020-07-02 02:00:00, 0.0
345.0, 100.0, 3.2, 0.2, 6.3, 2.3, 6.3, 6.4, 75.0, 0.6, 24.4, 100.0, 2020-07-02 03:00:00, 0.0
119.0, 100.0, 1.8, 0.0, 6.4, 1.7, 6.4, 6.8, 203.0, 0.6, 24.2, 100.0, 2020-07-02 04:00:00, 0.0
290.0, 100.0, 2.3, 0.2, 6.4, 3.7, 6.4, 7.2, 345.0, 0.2, 23.6, 99.0, 2020-07-02 05:00:00, 0.0
18.0, 100.0, 1.7, 0.2, 6.8, 3.3, 6.8, 7.7, 119.0, 0.0, 21.4, 97.0, 2020-07-02 06:00:00, 0.0
132.0, 99.0, 3.7, 0.2, 7.1, 4.1, 7.2, 8.9, 290.0, 0.2, 21.0, 90.0, 2020-07-02 07:00:00, 0.0
141.0, 97.0, 3.3, 0.2, 7.3, 4.5, 7.7, 9.8, 18.0, 0.2, 19.8, 91.0, 2020-07-02 08:00:00, 0.0
116.0, 90.0, 4.1, 0.4, 7.4, 3.0, 8.9, 10.0, 132.0, 0.2, 18.2, 88.0, 2020-07-02 09:00:00, 0.0
100.0, 91.0, 4.5, 0.6, 8.4, 5.4, 9.8, 9.6, 141.0, 0.2, 16.8, 90.0, 2020-07-02 10:00:00, 0.0
31.0, 88.0, 3.0, 0.0, 8.1, 4.8, 10.0, 10.4, 116.0, 0.4, 15.6, 89.0, 2020-07-02 11:00:00, 0.0
75.0, 90.0, 5.4, 0.0, 8.0, 3.7, 9.6, 11.5, 100.0, 0.6, 14.2, 81.0, 2020-07-02 12:00:00, 0.0
196.0, 89.0, 4.8, 0.2, 8.7, 3.0, 10.4, 11.4, 31.0, 0.0, 12.0, 87.0, 2020-07-02 13:00:00, 0.0
170.0, 81.0, 3.7, 0.2, 8.4, 4.6, 11.5, 12.8, 75.0, 0.0, 10.6, 80.0, 2020-07-02 14:00:00, 0.0
333.0, 87.0, 3.0, 0.0, 9.3, 3.2, 11.4, 11.4, 196.0, 0.2, 9.8, 89.0, 2020-07-02 15:00:00, 0.0
24.0, 80.0, 4.6, 0.0, 9.4, 4.1, 12.8, 10.9, 170.0, 0.2, 9.4, 94.0, 2020-07-02 16:00:00, 0.0
40.0, 89.0, 3.2, 0.0, 9.7, 8.1, 11.4, 10.9, 333.0, 0.0, 9.2, 92.0, 2020-07-02 17:00:00, None
33.0, 94.0, 4.1, 0.0, 10.0, 5.6, 10.9, 9.9, 24.0, 0.0, 8.8, 96.0, 2020-07-02 18:00:00, 0.0
28.0, 92.0, 8.1, 0.0, 9.7, 8.1, 10.9, 9.2, 40.0, 0.0, 8.4, 97.0, 2020-07-02 19:00:00, 0.0
17.0, 96.0, 5.6, 0.0, 9.3, 6.9, 9.9, 7.9, 33.0, 0.0, 7.6, 98.0, 2020-07-02 20:00:00, 0.0
39.0, 97.0, 8.1, 0.0, 8.7, 5.6, 9.2, 7.9, 28.0, 0.0, 6.8, 100.0, 2020-07-02 21:00:00, 0.0
18.0, 98.0, 6.9, 0.0, 7.6, 4.9, 7.9, 7.9, 17.0, 0.0, 6.2, 100.0, 2020-07-02 22:00:00, 0.0
15.0, 100.0, 5.6, 0.0, 7.9, 4.8, 7.9, 7.7, 39.0, 0.0, 5.4, 100.0, 2020-07-02 23:00:00, 0.0
56.0, 100.0, 4.9, 0.0, 7.9, 5.4, 7.9, 7.8, 18.0, 0.0, 4.8, 100.0, 2020-07-03 00:00:00, 0.0
90.0, 100.0, 4.8, 0.0, 7.7, 5.9, 7.7, 8.0, 15.0, 0.0, 4.4, 100.0, 2020-07-03 01:00:00, 0.0
67.0, 100.0, 5.4, 0.0, 7.8, 5.1, 7.8, 8.1, 56.0, 0.0, 3.6, 100.0, 2020-07-03 02:00:00, 0.0
97.0, 100.0, 5.9, 0.4, 8.0, 6.3, 8.0, 8.4, 90.0, 0.0, 3.0, 100.0, 2020-07-03 03:00:00, 0.0
45.0, 100.0, 5.1, 0.0, 8.1, 6.7, 8.1, 8.4, 67.0, 0.0, 2.4, 100.0, 2020-07-03 04:00:00, 0.0
99.0, 100.0, 6.3, 0.0, 8.4, 7.4, 8.4, 9.0, 97.0, 0.4, 2.6, 96.0, 2020-07-03 05:00:00, 0.0
128.0, 100.0, 6.7, 0.0, 8.4, 6.5, 8.4, 11.8, 45.0, 0.0, 2.6, 83.0, 2020-07-03 06:00:00, 0.0
133.0, 96.0, 7.4, 0.0, 8.4, 6.0, 9.0, 13.2, 99.0, 0.0, 2.4, 77.0, 2020-07-03 07:00:00, 0.0
127.0, 83.0, 6.5, 0.0, 9.0, 6.5, 11.8, 14.4, 128.0, 0.0, 2.2, 75.0, 2020-07-03 08:00:00, 0.0
180.0, 77.0, 6.0, 0.0, 9.3, 5.8, 13.2, 15.8, 133.0, 0.0, 2.0, 71.0, 2020-07-03 09:00:00, 0.0
123.0, 75.0, 6.5, 0.0, 10.0, 5.5, 14.4, 14.1, 127.0, 0.0, 1.8, 75.0, 2020-07-03 10:00:00, 0.0
30.0, 71.0, 5.8, 1.4, 10.6, 4.2, 15.8, 11.7, 180.0, 0.0, 1.4, 83.0, 2020-07-03 11:00:00, 0.0
328.0, 75.0, 5.5, 0.0, 9.7, 4.7, 14.1, 12.4, 123.0, 0.0, 0.8, 87.0, 2020-07-03 12:00:00, 0.0
199.0, 83.0, 4.2, 0.2, 8.9, 2.9, 11.7, 13.3, 30.0, 1.4, 2.2, 81.0, 2020-07-03 13:00:00, 0.0
67.0, 87.0, 4.7, 0.0, 10.3, 4.4, 12.4, 13.2, 328.0, 0.0, 2.2, 83.0, 2020-07-03 14:00:00, 0.0
101.0, 81.0, 2.9, 0.0, 10.1, 6.2, 13.3, 13.5, 199.0, 0.2, 2.2, 77.0, 2020-07-03 15:00:00, 0.0
184.0, 83.0, 4.4, 0.0, 10.4, 3.4, 13.2, 13.2, 67.0, 0.0, 2.0, 70.0, 2020-07-03 16:00:00, 0.0
27.0, 77.0, 6.2, 0.6, 9.6, 6.9, 13.5, 10.6, 101.0, 0.0, 2.0, 94.0, 2020-07-03 17:00:00, 0.0
60.0, 70.0, 3.4, 0.2, 7.9, 5.5, 13.2, 10.3, 184.0, 0.0, 2.0, 97.0, 2020-07-03 18:00:00, 0.0
80.0, 94.0, 6.9, 0.2, 9.7, 5.9, 10.6, 9.9, 27.0, 0.6, 2.6, 98.0, 2020-07-03 19:00:00, 0.0
53.0, 97.0, 5.5, 0.2, 9.8, 7.9, 10.3, 9.5, 60.0, 0.2, 2.8, 100.0, 2020-07-03 20:00:00, 0.0
40.0, 98.0, 5.9, 0.0, 9.6, 5.2, 9.9, 9.3, 80.0, 0.2, 3.0, 99.0, 2020-07-03 21:00:00, 0.0
345.0, 100.0, 7.9, 0.0, 9.5, 3.8, 9.5, 8.9, 53.0, 0.2, 3.2, 100.0, 2020-07-03 22:00:00, 0.0
8.0, 99.0, 5.2, 0.0, 9.2, 3.3, 9.3, 8.8, 40.0, 0.0, 3.2, 100.0, 2020-07-03 23:00:00, 0.0
305.0, 100.0, 3.8, 0.2, 8.9, 3.1, 8.9, 8.7, 345.0, 0.0, 3.2, 100.0, 2020-07-04 00:00:00, 0.0
4.0, 100.0, 3.3, 0.2, 8.8, 3.5, 8.8, 8.5, 8.0, 0.0, 3.2, 100.0, 2020-07-04 01:00:00, 0.0
23.0, 100.0, 3.1, 0.2, 8.7, 4.7, 8.7, 8.2, 305.0, 0.2, 3.4, 100.0, 2020-07-04 02:00:00, 0.0
20.0, 100.0, 3.5, 0.0, 8.5, 5.9, 8.5, 7.9, 4.0, 0.2, 3.6, 100.0, 2020-07-04 03:00:00, 0.0
347.0, None, None, 0.4, None, 5.7, None, 8.1, None, None, None, 100.0, 2020-07-04 04:00:00, None
227.0, None, None, 1.2, None, 1.6, None, 8.6, None, None, None, 100.0, 2020-07-04 05:00:00, None
197.0, None, None, 1.2, None, 2.1, None, 9.4, None, None, None, 100.0, 2020-07-04 06:00:00, None
167.0, 100.0, 1.6, 0.8, 8.6, 3.7, 8.6, 9.6, 227.0, 1.2, 5.0, 100.0, 2020-07-04 07:00:00, 0.0
164.0, 100.0, 2.1, 0.2, 9.4, 3.7, 9.4, 11.5, 197.0, 1.2, 6.2, 91.0, 2020-07-04 08:00:00, 0.0
226.0, None, None, 0.0, None, 6.4, None, 13.7, None, None, None, 86.0, 2020-07-04 09:00:00, None
264.0, 91.0, 3.7, 0.0, 10.1, 9.7, 11.5, 13.6, 164.0, 0.2, 7.2, 78.0, 2020-07-04 10:00:00, 0.0
254.0, 86.0, 6.4, 0.0, 11.4, 8.2, 13.7, 15.3, 226.0, 0.0, 7.2, 73.0, 2020-07-04 11:00:00, 0.0
245.0, 78.0, 9.7, 0.0, 9.8, 8.5, 13.6, 17.2, 264.0, 0.0, 7.2, 67.0, 2020-07-04 12:00:00, 0.0
220.0, 73.0, 8.2, 0.0, 10.5, 8.7, 15.3, 17.8, 254.0, 0.0, 5.8, 58.0, 2020-07-04 13:00:00, 0.0
182.0, 67.0, 8.5, 0.0, 11.0, 8.7, 17.2, 19.3, 245.0, 0.0, 5.8, 49.0, 2020-07-04 14:00:00, 0.0
179.0, 58.0, 8.7, 0.0, 9.4, 4.7, 17.8, 16.7, 220.0, 0.0, 5.6, 59.0, 2020-07-04 15:00:00, 0.0
103.0, 49.0, 8.7, 0.0, 8.3, 3.2, 19.3, 14.6, 182.0, 0.0, 5.6, 67.0, 2020-07-04 16:00:00, 0.0
308.0, 59.0, 4.7, 0.0, 8.7, 4.3, 16.7, 13.0, 179.0, 0.0, 5.6, 77.0, 2020-07-04 17:00:00, 0.0
20.0, 67.0, 3.2, 0.0, 8.5, 6.7, 14.6, 11.9, 103.0, 0.0, 5.6, 81.0, 2020-07-04 18:00:00, 0.0
21.0, 77.0, 4.3, 0.0, 9.1, 8.7, 13.0, 10.7, 308.0, 0.0, 5.0, 91.0, 2020-07-04 19:00:00, 0.0
349.0, 81.0, 6.7, 0.0, 8.7, 5.5, 11.9, 10.4, 20.0, 0.0, 4.8, 86.0, 2020-07-04 20:00:00, 0.0
21.0, 91.0, 8.7, 0.0, 9.3, 5.4, 10.7, 10.0, 21.0, 0.0, 4.6, 88.0, 2020-07-04 21:00:00, 0.0
45.0, 86.0, 5.5, 0.0, 8.2, 7.1, 10.4, 9.3, 349.0, 0.0, 4.4, 86.0, 2020-07-04 22:00:00, 0.0
16.0, 88.0, 5.4, 0.0, 8.1, 8.1, 10.0, 7.8, 21.0, 0.0, 4.4, 93.0, 2020-07-04 23:00:00, 0.0
17.0, 86.0, 7.1, 0.0, 7.1, 5.7, 9.3, 8.6, 45.0, 0.0, 4.4, 90.0, 2020-07-05 00:00:00, 0.0
18.0, 93.0, 8.1, 0.0, 6.7, 4.2, 7.8, 8.9, 16.0, 0.0, 4.4, 90.0, 2020-07-05 01:00:00, 0.0
20.0, 90.0, 5.7, 0.0, 7.1, 3.9, 8.6, 8.8, 17.0, 0.0, 4.2, 91.0, 2020-07-05 02:00:00, 0.0
357.0, 90.0, 4.2, 0.0, 7.4, 3.3, 8.9, 8.7, 18.0, 0.0, 4.0, 91.0, 2020-07-05 03:00:00, 0.0
78.0, 91.0, 3.9, 0.0, 7.4, 2.6, 8.8, 9.2, 20.0, 0.0, 3.8, 93.0, 2020-07-05 04:00:00, 0.0
149.0, 91.0, 3.3, 0.0, 7.3, 1.6, 8.7, 9.8, 357.0, 0.0, 3.8, 93.0, 2020-07-05 05:00:00, 0.0
232.0, 93.0, 2.6, 0.0, 8.1, 2.4, 9.2, 10.8, 78.0, 0.0, 3.4, 89.0, 2020-07-05 06:00:00, 0.0
215.0, 93.0, 1.6, 0.0, 8.7, 3.3, 9.8, 12.6, 149.0, 0.0, 2.2, 80.0, 2020-07-05 07:00:00, 0.0
235.0, 89.0, 2.4, 0.0, 9.1, 3.5, 10.8, 12.9, 232.0, 0.0, 1.0, 83.0, 2020-07-05 08:00:00, 0.0
228.0, 80.0, 3.3, 0.0, 9.2, 7.6, 12.6, 15.0, 215.0, 0.0, 0.2, 71.0, 2020-07-05 09:00:00, 0.0
235.0, 83.0, 3.5, 0.0, 10.1, 2.7, 12.9, 15.4, 235.0, 0.0, 0.0, 73.0, 2020-07-05 10:00:00, 0.0
179.0, 71.0, 7.6, 0.0, 9.8, 5.9, 15.0, 18.8, 228.0, 0.0, 0.0, 60.0, 2020-07-05 11:00:00, 0.0
197.0, 73.0, 2.7, 0.0, 10.6, 5.5, 15.4, 19.5, 235.0, 0.0, 0.0, 52.0, 2020-07-05 12:00:00, 0.0
162.0, None, None, 0.0, None, 3.7, None, 19.5, None, None, None, 52.0, 2020-07-05 13:00:00, None
207.0, 52.0, 5.5, 0.0, 9.4, 4.7, 19.5, 19.0, 197.0, 0.0, 0.0, 49.0, 2020-07-05 14:00:00, 0.0
267.0, None, None, 0.0, None, 5.8, None, 18.7, None, None, None, 53.0, 2020-07-05 15:00:00, None
134.0, 49.0, 4.7, 0.0, 8.1, 4.7, 19.0, 20.5, 207.0, 0.0, 0.0, 44.0, 2020-07-05 16:00:00, 0.0
344.0, 53.0, 5.8, 0.0, 8.9, 3.9, 18.7, 17.7, 267.0, 0.0, 0.0, 63.0, 2020-07-05 17:00:00, 0.0
6.0, 44.0, 4.7, 0.0, 7.8, 4.0, 20.5, 14.7, 134.0, 0.0, 0.0, 71.0, 2020-07-05 18:00:00, 0.0
21.0, 63.0, 3.9, 0.0, 10.6, 6.8, 17.7, 13.2, 344.0, 0.0, 0.0, 81.0, 2020-07-05 19:00:00, 0.0
24.0, 71.0, 4.0, 0.0, 9.5, 10.3, 14.7, 11.3, 6.0, 0.0, 0.0, 81.0, 2020-07-05 20:00:00, 0.0
23.0, None, None, 0.0, None, 8.2, None, 10.5, None, None, None, 80.0, 2020-07-05 21:00:00, None
21.0, None, None, 0.0, None, 7.2, None, 10.1, None, None, None, 81.0, 2020-07-05 22:00:00, None
25.0, 80.0, 8.2, 0.0, 7.2, 6.9, 10.5, 9.6, 23.0, 0.0, 0.0, 81.0, 2020-07-05 23:00:00, None
21.0, 81.0, 7.2, 0.0, 7.0, 5.0, 10.1, 9.7, 21.0, 0.0, 0.0, 85.0, 2020-07-06 00:00:00, 0.0
16.0, 81.0, 6.9, 0.0, 6.5, 3.7, 9.6, 8.9, 25.0, 0.0, 0.0, 84.0, 2020-07-06 01:00:00, 0.0
30.0, 85.0, 5.0, 0.0, 7.3, 3.1, 9.7, 9.0, 21.0, 0.0, 0.0, 87.0, 2020-07-06 02:00:00, 0.0
81.0, 84.0, 3.7, 0.0, 6.3, 2.2, 8.9, 8.8, 16.0, 0.0, 0.0, 89.0, 2020-07-06 03:00:00, 0.0
200.0, 87.0, 3.1, 0.0, 7.0, 3.4, 9.0, 9.6, 30.0, 0.0, 0.0, 91.0, 2020-07-06 04:00:00, 0.0
80.0, 89.0, 2.2, 0.0, 7.1, 3.0, 8.8, 9.7, 81.0, 0.0, 0.0, 97.0, 2020-07-06 05:00:00, 0.0
127.0, 91.0, 3.4, 0.0, 8.2, 2.9, 9.6, 10.9, 200.0, 0.0, 0.0, 95.0, 2020-07-06 06:00:00, 0.0
179.0, 97.0, 3.0, 0.0, 9.2, 4.3, 9.7, 15.4, 80.0, 0.0, 0.0, 73.0, 2020-07-06 07:00:00, 0.0
175.0, 95.0, 2.9, 0.0, 10.1, 5.5, 10.9, 17.2, 127.0, 0.0, 0.0, 68.0, 2020-07-06 08:00:00, 0.0
177.0, None, None, 0.0, None, 5.9, None, 19.5, None, None, None, 46.0, 2020-07-06 09:00:00, None
67.0, 68.0, 5.5, 0.0, 11.2, 5.1, 17.2, 18.4, 175.0, 0.0, 0.0, 46.0, 2020-07-06 10:00:00, 0.0
146.0, None, None, 0.0, None, 4.5, None, 19.8, None, None, None, 49.0, 2020-07-06 11:00:00, None
121.0, None, None, 0.0, None, 6.3, None, 19.7, None, None, None, 48.0, 2020-07-06 12:00:00, None
136.0, 49.0, 4.5, 0.0, 8.8, 6.8, 19.8, 20.4, 146.0, 0.0, 0.0, 45.0, 2020-07-06 13:00:00, 0.0
180.0, None, None, 0.0, None, 6.7, None, 23.7, None, None, None, 43.0, 2020-07-06 14:00:00, None
58.0, None, None, 0.4, None, 13.2, None, 16.4, None, None, None, 68.0, 2020-07-06 15:00:00, None
122.0, 43.0, 6.7, 0.0, 10.4, 8.1, 23.7, 20.6, 180.0, 0.0, None, 55.0, 2020-07-06 16:00:00, 0.0
9.0, None, None, 2.0, None, 8.2, None, 12.5, None, None, None, 95.0, 2020-07-06 17:00:00, None
24.0, 55.0, 8.1, 0.0, 11.3, 9.7, 20.6, 12.0, 122.0, 0.0, 0.4, 97.0, 2020-07-06 18:00:00, 0.0
21.0, 95.0, 8.2, 1.0, 11.7, 8.8, 12.5, 11.6, 9.0, 2.0, 2.4, 100.0, 2020-07-06 19:00:00, 0.0
22.0, 97.0, 9.7, 1.8, 11.5, 7.6, 12.0, 11.5, 24.0, 0.0, 2.4, 99.0, 2020-07-06 20:00:00, 0.0
16.0, 100.0, 8.8, 0.0, 11.6, 5.0, 11.6, 11.0, 21.0, 1.0, 3.4, 100.0, 2020-07-06 21:00:00, 0.0
66.0, 99.0, 7.6, 0.0, 11.3, 5.1, 11.5, 11.1, 22.0, 1.8, 5.2, 100.0, 2020-07-06 22:00:00, 0.0
51.0, 100.0, 5.0, 0.0, 11.0, 7.9, 11.0, 11.1, 16.0, 0.0, 5.2, 99.0, 2020-07-06 23:00:00, 0.0
108.0, 100.0, 5.1, 0.0, 11.1, 5.5, 11.1, 10.7, 66.0, 0.0, 5.2, 99.0, 2020-07-07 00:00:00, 0.0
106.0, 99.0, 7.9, 0.0, 10.9, 4.2, 11.1, 10.7, 51.0, 0.0, 5.2, 100.0, 2020-07-07 01:00:00, 0.0
62.0, 99.0, 5.5, 0.0, 10.5, 2.9, 10.7, 10.5, 108.0, 0.0, 5.2, 100.0, 2020-07-07 02:00:00, 0.0
97.0, 100.0, 4.2, 0.0, 10.7, 3.1, 10.7, 10.2, 106.0, 0.0, 5.2, 100.0, 2020-07-07 03:00:00, 0.0
351.0, 100.0, 2.9, 0.0, 10.5, 8.8, 10.5, 10.0, 62.0, 0.0, 5.2, 99.0, 2020-07-07 04:00:00, 0.0
9.0, 100.0, 3.1, 0.0, 10.2, 2.4, 10.2, 10.5, 97.0, 0.0, 5.2, 97.0, 2020-07-07 05:00:00, 0.0
118.0, 99.0, 8.8, 0.0, 9.9, 2.4, 10.0, 12.4, 351.0, 0.0, 5.2, 93.0, 2020-07-07 06:00:00, 0.0
170.0, 97.0, 2.4, 0.0, 10.0, 5.0, 10.5, 13.5, 9.0, 0.0, 5.2, 91.0, 2020-07-07 07:00:00, 0.0
240.0, 93.0, 2.4, 0.0, 11.3, 6.1, 12.4, 15.3, 118.0, 0.0, 5.2, 80.0, 2020-07-07 08:00:00, 0.0
176.0, 91.0, 5.0, 0.0, 12.1, 3.2, 13.5, 15.9, 170.0, 0.0, 5.2, 82.0, 2020-07-07 09:00:00, 0.0
219.0, 80.0, 6.1, 0.0, 11.9, 7.2, 15.3, 18.3, 240.0, 0.0, 5.2, 65.0, 2020-07-07 10:00:00, 0.0
222.0, 82.0, 3.2, 0.0, 12.8, 6.1, 15.9, 18.8, 176.0, 0.0, 5.2, 60.0, 2020-07-07 11:00:00, 0.0
229.0, 65.0, 7.2, 0.0, 11.6, 10.9, 18.3, 20.5, 219.0, 0.0, 5.2, 53.0, 2020-07-07 12:00:00, 0.0
223.0, 60.0, 6.1, 0.0, 10.9, 8.6, 18.8, 21.0, 222.0, 0.0, 5.2, 47.0, 2020-07-07 13:00:00, 0.0
227.0, 53.0, 10.9, 0.0, 10.6, 12.9, 20.5, 22.6, 229.0, 0.0, 5.2, 41.0, 2020-07-07 14:00:00, 0.0
231.0, 47.0, 8.6, 0.0, 9.3, 11.8, 21.0, 21.3, 223.0, 0.0, 5.2, 42.0, 2020-07-07 15:00:00, 0.0
231.0, 41.0, 12.9, 0.0, 8.7, 9.6, 22.6, 19.2, 227.0, 0.0, 5.2, 45.0, 2020-07-07 16:00:00, 0.0
298.0, 42.0, 11.8, 0.0, 7.9, 7.0, 21.3, 17.4, 231.0, 0.0, 4.8, 48.0, 2020-07-07 17:00:00, 0.0
123.0, 45.0, 9.6, 0.0, 7.0, 4.6, 19.2, 15.3, 231.0, 0.0, 4.8, 65.0, 2020-07-07 18:00:00, 0.0
31.0, 48.0, 7.0, 0.0, 6.3, 6.8, 17.4, 13.8, 298.0, 0.0, 2.8, 78.0, 2020-07-07 19:00:00, 0.0
297.0, 65.0, 4.6, 0.0, 8.8, 6.6, 15.3, 13.3, 123.0, 0.0, 2.8, 73.0, 2020-07-07 20:00:00, 0.0
293.0, 78.0, 6.8, 0.0, 10.0, 6.0, 13.8, 13.4, 31.0, 0.0, 1.8, 70.0, 2020-07-07 21:00:00, 0.0
281.0, 73.0, 6.6, 0.0, 8.6, 5.8, 13.3, 12.5, 297.0, 0.0, 0.0, 76.0, 2020-07-07 22:00:00, 0.0
286.0, 70.0, 6.0, 0.0, 8.0, 9.3, 13.4, 11.7, 293.0, 0.0, 0.0, 79.0, 2020-07-07 23:00:00, 0.0
292.0, 76.0, 5.8, 0.0, 8.4, 5.6, 12.5, 11.8, 281.0, 0.0, 0.0, 79.0, 2020-07-08 00:00:00, 0.0
295.0, 79.0, 9.3, 0.0, 8.2, 8.0, 11.7, 10.9, 286.0, 0.0, 0.0, 84.0, 2020-07-08 01:00:00, 0.0
268.0, 79.0, 5.6, 0.0, 8.3, 6.8, 11.8, 10.9, 292.0, 0.0, 0.0, 85.0, 2020-07-08 02:00:00, 0.0
286.0, 84.0, 8.0, 0.0, 8.3, 6.8, 10.9, 10.9, 295.0, 0.0, 0.0, 86.0, 2020-07-08 03:00:00, 0.0
309.0, 85.0, 6.8, 0.0, 8.5, 7.0, 10.9, 11.0, 268.0, 0.0, 0.0, 87.0, 2020-07-08 04:00:00, 0.0
305.0, 86.0, 6.8, 0.0, 8.7, 8.7, 10.9, 11.7, 286.0, 0.0, 0.0, 84.0, 2020-07-08 05:00:00, 0.0
280.0, 87.0, 7.0, 0.0, 8.9, 5.4, 11.0, 12.6, 309.0, 0.0, 0.0, 82.0, 2020-07-08 06:00:00, 0.0
265.0, 84.0, 8.7, 0.0, 9.1, 9.2, 11.7, 13.0, 305.0, 0.0, 0.0, 81.0, 2020-07-08 07:00:00, 0.0
277.0, 82.0, 5.4, 0.0, 9.6, 8.5, 12.6, 14.1, 280.0, 0.0, 0.0, 75.0, 2020-07-08 08:00:00, 0.0
270.0, 81.0, 9.2, 0.0, 9.8, 12.4, 13.0, 15.9, 265.0, 0.0, 0.0, 64.0, 2020-07-08 09:00:00, 0.0
236.0, 75.0, 8.5, 0.0, 9.7, 11.3, 14.1, 18.4, 277.0, 0.0, 0.0, 58.0, 2020-07-08 10:00:00, 0.0
224.0, 64.0, 12.4, 0.0, 9.1, 10.1, 15.9, 21.6, 270.0, 0.0, 0.0, 38.0, 2020-07-08 11:00:00, 0.0
257.0, 58.0, 11.3, 0.0, 10.0, 9.0, 18.4, 18.3, 236.0, 0.0, 0.0, 56.0, 2020-07-08 12:00:00, 0.0
178.0, 38.0, 10.1, 0.0, 6.7, 7.4, 21.6, 20.6, 224.0, 0.0, 0.0, 49.0, 2020-07-08 13:00:00, 0.0
235.0, 56.0, 9.0, 0.0, 9.4, 12.1, 18.3, 19.0, 257.0, 0.0, 0.0, 51.0, 2020-07-08 14:00:00, 0.0
235.0, 49.0, 7.4, 0.0, 9.5, 6.8, 20.6, 18.6, 178.0, 0.0, 0.0, 46.0, 2020-07-08 15:00:00, 0.0
275.0, None, None, 0.0, None, 7.5, None, 17.2, None, None, None, 61.0, 2020-07-08 16:00:00, None
320.0, None, None, 0.0, None, 4.3, None, 18.0, None, None, None, 51.0, 2020-07-08 17:00:00, None
346.0, 61.0, 7.5, 0.0, 9.6, 2.8, 17.2, 15.0, 275.0, 0.0, 0.0, 71.0, 2020-07-08 18:00:00, 0.0
6.0, None, None, 0.0, None, 5.1, None, 13.7, None, None, None, 77.0, 2020-07-08 19:00:00, None
20.0, None, None, 0.0, None, 5.8, None, 13.1, None, None, None, 76.0, 2020-07-08 20:00:00, None
25.0, 77.0, 5.1, 0.0, 9.7, 5.3, 13.7, 12.6, 6.0, 0.0, 0.0, 83.0, 2020-07-08 21:00:00, 0.0
22.0, None, None, 0.0, None, 5.3, None, 12.0, None, None, None, 77.0, 2020-07-08 22:00:00, None
19.0, None, None, 0.0, None, 7.9, None, 10.7, None, None, None, 82.0, 2020-07-08 23:00:00, None
22.0, None, None, 0.0, None, 7.4, None, 9.9, None, None, None, 85.0, 2020-07-09 00:00:00, None
331.0, None, None, 0.0, None, 4.2, None, 10.2, None, None, None, 82.0, 2020-07-09 01:00:00, None
36.0, None, None, 0.0, None, 5.0, None, 10.0, None, None, None, 84.0, 2020-07-09 02:00:00, None
66.0, 82.0, 4.2, 0.0, 7.3, 3.1, 10.2, 10.0, 331.0, 0.0, 0.0, 88.0, 2020-07-09 03:00:00, None
2.0, 84.0, 5.0, 0.0, 7.4, 5.0, 10.0, 10.1, 36.0, 0.0, 0.0, 95.0, 2020-07-09 04:00:00, 0.0
114.0, 88.0, 3.1, 0.6, 8.1, 3.5, 10.0, 10.4, 66.0, 0.0, 0.0, 96.0, 2020-07-09 05:00:00, 0.0
134.0, 95.0, 5.0, 0.2, 9.3, 3.2, 10.1, 10.9, 2.0, 0.0, 0.0, 93.0, 2020-07-09 06:00:00, 0.0
0.0, 96.0, 3.5, 0.8, 9.8, 3.6, 10.4, 10.8, 114.0, 0.6, 0.6, 94.0, 2020-07-09 07:00:00, 0.0
119.0, None, None, 1.6, None, 4.6, None, 11.3, None, None, None, 93.0, 2020-07-09 08:00:00, None
71.0, 94.0, 3.6, 1.0, 9.9, 4.6, 10.8, 11.5, 0.0, 0.8, 1.6, 94.0, 2020-07-09 09:00:00, 0.0
131.0, 93.0, 4.6, 0.4, 10.2, 3.9, 11.3, 12.7, 119.0, 1.6, 3.2, 88.0, 2020-07-09 10:00:00, 0.0
129.0, 94.0, 4.6, 0.2, 10.6, 4.1, 11.5, 13.7, 71.0, 1.0, 4.2, 89.0, 2020-07-09 11:00:00, 0.0
160.0, 88.0, 3.9, 0.2, 10.8, 4.4, 12.7, 13.4, 131.0, 0.4, 4.6, 87.0, 2020-07-09 12:00:00, 0.0
160.0, 89.0, 4.1, 0.0, 11.9, 5.8, 13.7, 13.9, 129.0, 0.2, 4.8, 89.0, 2020-07-09 13:00:00, 0.0
136.0, 87.0, 4.4, 0.0, 11.3, 5.6, 13.4, 14.0, 160.0, 0.2, 5.0, 79.0, 2020-07-09 14:00:00, 0.0
44.0, 89.0, 5.8, 0.0, 12.1, 2.9, 13.9, 13.9, 160.0, 0.0, 5.0, 81.0, 2020-07-09 15:00:00, 0.0
161.0, 79.0, 5.6, 0.0, 10.4, 3.2, 14.0, 14.3, 136.0, 0.0, 5.0, 83.0, 2020-07-09 16:00:00, 0.0
135.0, 81.0, 2.9, 0.0, 10.7, 5.1, 13.9, 13.4, 44.0, 0.0, 5.0, 81.0, 2020-07-09 17:00:00, 0.0
17.0, None, None, 0.0, None, 4.4, None, 11.9, None, None, None, 92.0, 2020-07-09 18:00:00, None
24.0, None, None, 0.0, None, 7.9, None, 10.5, None, None, None, 96.0, 2020-07-09 19:00:00, None
20.0, None, None, 0.0, None, 7.1, None, 10.0, None, None, None, 97.0, 2020-07-09 20:00:00, None
25.0, 96.0, 7.9, 0.0, 9.9, 5.0, 10.5, 10.0, 24.0, 0.0, 5.0, 98.0, 2020-07-09 21:00:00, 0.0
28.0, 97.0, 7.1, 0.2, 9.5, 5.1, 10.0, 9.8, 20.0, 0.0, 5.0, 99.0, 2020-07-09 22:00:00, 0.0
25.0, None, None, 1.0, None, 7.1, None, 9.7, None, None, None, 100.0, 2020-07-09 23:00:00, None
22.0, None, None, 0.0, None, 3.6, None, 9.6, None, None, None, 100.0, 2020-07-10 00:00:00, None
32.0, None, None, 0.4, None, 5.2, None, 9.4, None, None, None, 100.0, 2020-07-10 01:00:00, None
15.0, None, None, 0.0, None, 4.5, None, 9.2, None, None, None, 100.0, 2020-07-10 02:00:00, None
7.0, None, None, 0.0, None, 5.0, None, 9.2, None, None, None, 100.0, 2020-07-10 03:00:00, None
47.0, None, None, 0.0, None, 4.1, None, 9.6, None, None, None, 100.0, 2020-07-10 04:00:00, None
138.0, None, None, 0.0, None, 1.8, None, 10.3, None, None, None, 100.0, 2020-07-10 05:00:00, None
145.0, None, None, 0.0, None, 2.8, None, 11.5, None, None, None, 96.0, 2020-07-10 06:00:00, None
183.0, None, None, 0.0, None, 2.6, None, 12.8, None, None, None, 89.0, 2020-07-10 07:00:00, None
281.0, None, None, 0.6, None, 6.7, None, 13.2, None, None, None, 89.0, 2020-07-10 08:00:00, None
2.0, None, None, 1.2, None, 3.2, None, 14.3, None, None, None, 83.0, 2020-07-10 09:00:00, None
348.0, None, None, 0.2, None, 5.6, None, 14.0, None, None, None, 89.0, 2020-07-10 10:00:00, None
163.0, 83.0, 3.2, 0.2, 11.5, 4.6, 14.3, 16.6, 2.0, 1.2, 4.2, 75.0, 2020-07-10 11:00:00, 0.0
197.0, None, None, 0.0, None, 4.9, None, 18.1, None, None, None, 62.0, 2020-07-10 12:00:00, None
218.0, 75.0, 4.6, 0.0, 12.2, 6.0, 16.6, 19.1, 163.0, 0.2, 4.0, 56.0, 2020-07-10 13:00:00, 0.0
228.0, 62.0, 4.9, 0.0, 10.7, 8.1, 18.1, 19.0, 197.0, 0.0, 3.8, 60.0, 2020-07-10 14:00:00, None
176.0, 56.0, 6.0, 0.0, 10.1, 4.8, 19.1, 20.5, 218.0, 0.0, 3.8, 48.0, 2020-07-10 15:00:00, 0.0
199.0, 60.0, 8.1, 0.0, 11.1, 4.3, 19.0, 21.7, 228.0, 0.0, 3.8, 53.0, 2020-07-10 16:00:00, 0.0
49.0, 48.0, 4.8, 0.0, 9.1, 3.5, 20.5, 18.8, 176.0, 0.0, 3.8, 65.0, 2020-07-10 17:00:00, 0.0
8.0, 53.0, 4.3, 0.0, 11.7, 5.4, 21.7, 14.3, 199.0, 0.0, 3.8, 81.0, 2020-07-10 18:00:00, 0.0
20.0, None, None, 0.0, None, 6.8, None, 12.5, None, None, None, 78.0, 2020-07-10 19:00:00, None
31.0, None, None, 0.0, None, 6.3, None, 11.9, None, None, None, 76.0, 2020-07-10 20:00:00, None
36.0, None, None, 0.0, None, 7.6, None, 10.9, None, None, None, 80.0, 2020-07-10 21:00:00, None
30.0, None, None, 0.0, None, 6.5, None, 10.5, None, None, None, 82.0, 2020-07-10 22:00:00, None
27.0, None, None, 0.0, None, 5.1, None, 10.1, None, None, None, 84.0, 2020-07-10 23:00:00, None
40.0, 82.0, 6.5, 0.0, 7.6, 8.1, 10.5, 10.1, 30.0, 0.0, 3.6, 83.0, 2020-07-11 00:00:00, 0.0
32.0, 84.0, 5.1, 0.0, 7.5, 3.6, 10.1, 10.2, 27.0, 0.0, 2.6, 84.0, 2020-07-11 01:00:00, 0.0
102.0, 83.0, 8.1, 0.0, 7.3, 9.7, 10.1, 9.7, 40.0, 0.0, 2.6, 85.0, 2020-07-11 02:00:00, 0.0
None, 84.0, 3.6, None, 7.6, None, 10.2, None, 32.0, 0.0, 2.2, None, 2020-07-11 03:00:00, 0.0
None, 85.0, 9.7, None, 7.3, None, 9.7, None, 102.0, 0.0, 2.2, None, 2020-07-11 04:00:00, 0.0
None, 91.0, 7.6, None, 7.5, None, 8.9, None, 99.0, 0.0, 2.2, None, 2020-07-11 05:00:00, 0.0
None, 94.0, 8.7, None, 8.0, None, 8.9, None, 83.0, 0.0, 2.2, None, 2020-07-11 06:00:00, 0.0
None, 79.0, 9.7, None, 7.8, None, 11.3, None, 75.0, 0.0, 2.2, None, 2020-07-11 07:00:00, 0.0
None, 74.0, 8.9, None, 8.7, None, 13.2, None, 101.0, 0.0, 2.2, None, 2020-07-11 08:00:00, 0.0
None, 63.0, 9.4, None, 8.6, None, 15.6, None, 87.0, 0.0, 2.2, None, 2020-07-11 09:00:00, 0.0
None, 53.0, 8.0, None, 8.1, None, 17.8, None, 137.0, 0.0, 1.6, None, 2020-07-11 10:00:00, 0.0
None, 52.0, 4.8, None, 9.8, None, 19.9, None, 186.0, 0.0, 0.4, None, 2020-07-11 11:00:00, 0.0
None, 44.0, 6.5, None, 8.9, None, 21.7, None, 170.0, 0.0, 0.2, None, 2020-07-11 12:00:00, 0.0
None, 43.0, 7.9, None, 9.2, None, 22.4, None, 144.0, 0.0, 0.0, None, 2020-07-11 13:00:00, 0.0
None, 45.0, 4.3, None, 9.9, None, 22.4, None, 109.0, 0.0, 0.0, None, 2020-07-11 14:00:00, 0.0
None, 41.0, 5.5, None, 9.4, None, 23.4, None, 179.0, 0.0, 0.0, None, 2020-07-11 15:00:00, 0.0
None, 36.0, 3.8, None, 7.0, None, 22.8, None, 137.0, 0.0, 0.0, None, 2020-07-11 16:00:00, 0.0
None, 34.0, 5.9, None, 7.2, None, 24.0, None, 260.0, 0.0, 0.0, None, 2020-07-11 17:00:00, 0.0
None, 53.0, 5.4, None, 9.6, None, 19.4, None, 42.0, 0.0, 0.0, None, 2020-07-11 18:00:00, 0.0
None, 54.0, 8.0, None, 8.6, None, 18.0, None, 321.0, 0.0, 0.0, None, 2020-07-11 19:00:00, 0.0
None, 91.0, 8.4, None, 10.9, None, 12.3, None, 313.0, 2.0, 2.0, None, 2020-07-11 20:00:00, 0.0
None, 97.0, 8.7, None, 10.6, None, 11.1, None, 21.0, 1.4, 3.4, None, 2020-07-11 21:00:00, 0.0
None, 98.0, 6.5, None, 10.7, None, 11.0, None, 6.0, 0.2, 3.6, None, 2020-07-11 22:00:00, 0.0
None, 99.0, 8.4, None, 10.7, None, 10.9, None, 45.0, 0.0, 3.6, None, 2020-07-11 23:00:00, 0.0
None, 99.0, 3.4, None, 10.8, None, 11.0, None, 304.0, 0.0, 3.6, None, 2020-07-12 00:00:00, 0.0
None, 100.0, 5.8, None, 10.9, None, 10.9, None, 91.0, 0.0, 3.6, None, 2020-07-12 01:00:00, 0.0
None, 100.0, 3.9, None, 10.7, None, 10.7, None, 67.0, 0.0, 3.6, None, 2020-07-12 02:00:00, 0.0
None, 100.0, 3.8, None, 10.8, None, 10.8, None, 358.0, 0.0, 3.6, None, 2020-07-12 03:00:00, 0.0
None, 100.0, 5.0, None, 10.5, None, 10.5, None, 8.0, 0.2, 3.8, None, 2020-07-12 04:00:00, 0.0
None, 98.0, 6.9, None, 9.6, None, 9.9, None, 355.0, 0.0, 3.8, None, 2020-07-12 05:00:00, 0.0
None, 96.0, 8.6, None, 8.8, None, 9.4, None, 1.0, 2.0, 5.8, None, 2020-07-12 06:00:00, 0.0
None, 98.0, 6.5, None, 9.4, None, 9.7, None, 11.0, 0.4, 6.2, None, 2020-07-12 07:00:00, 0.0
None, 94.0, 4.4, None, 10.0, None, 10.9, None, 359.0, 0.0, 6.2, None, 2020-07-12 08:00:00, 0.0
326.0, 85.0, 5.9, 0.2, 10.9, 10.2, 13.4, 11.3, 193.0, 0.0, 6.2, 72.0, 2020-07-12 09:00:00, 0.0
22.0, 86.0, 6.7, 2.2, 10.3, 6.1, 12.6, 8.4, 214.0, 0.0, 6.2, 92.0, 2020-07-12 10:00:00, 0.0
111.0, 72.0, 10.2, 0.4, 6.4, 6.2, 11.3, 11.3, 326.0, 0.2, 6.4, 87.0, 2020-07-12 11:00:00, 0.0
173.0, 92.0, 6.1, 0.0, 7.2, 9.0, 8.4, 13.0, 22.0, 2.2, 8.6, 76.0, 2020-07-12 12:00:00, 0.0
173.0, 87.0, 6.2, 0.0, 9.2, 3.6, 11.3, 12.3, 111.0, 0.4, 9.0, 78.0, 2020-07-12 13:00:00, 0.0
159.0, 76.0, 9.0, 0.2, 8.9, 5.3, 13.0, 12.2, 173.0, 0.0, 9.0, 85.0, 2020-07-12 14:00:00, 0.0
168.0, 78.0, 3.6, 0.0, 8.6, 6.7, 12.3, 14.4, 173.0, 0.0, 9.0, 71.0, 2020-07-12 15:00:00, None
226.0, 85.0, 5.3, 0.0, 9.8, 3.6, 12.2, 11.8, 159.0, 0.2, 9.2, 82.0, 2020-07-12 16:00:00, None
241.0, 71.0, 6.7, 0.0, 9.2, 3.7, 14.4, 11.4, 168.0, 0.0, 9.2, 86.0, 2020-07-12 17:00:00, None
42.0, 82.0, 3.6, 0.0, 8.8, 3.1, 11.8, 10.6, 226.0, 0.0, 9.2, 90.0, 2020-07-12 18:00:00, None
326.0, 86.0, 3.7, 0.0, 9.1, 6.9, 11.4, 9.9, 241.0, 0.0, 9.2, 88.0, 2020-07-12 19:00:00, None
359.0, 90.0, 3.1, 0.0, 9.0, 8.8, 10.6, 8.0, 42.0, 0.0, 7.2, 89.0, 2020-07-12 20:00:00, None
22.0, 88.0, 6.9, 0.0, 8.0, 8.2, 9.9, 6.8, 326.0, 0.0, 5.8, 92.0, 2020-07-12 21:00:00, 0.0
3.0, 89.0, 8.8, 0.0, 6.3, 5.9, 8.0, 7.0, 359.0, 0.0, 5.6, 90.0, 2020-07-12 22:00:00, None
8.0, 92.0, 8.2, 0.0, 5.6, 5.3, 6.8, 7.2, 22.0, 0.0, 5.6, 88.0, 2020-07-12 23:00:00, None
15.0, 90.0, 5.9, 0.0, 5.5, 5.9, 7.0, 6.9, 3.0, 0.0, 5.6, 91.0, 2020-07-13 00:00:00, 0.0
22.0, 88.0, 5.3, 0.0, 5.3, 5.1, 7.2, 7.5, 8.0, 0.0, 5.6, 86.0, 2020-07-13 01:00:00, 0.0
48.0, None, None, 0.0, None, 3.6, None, 7.1, None, None, None, 89.0, 2020-07-13 02:00:00, None
19.0, None, None, 0.0, None, 5.7, None, 7.1, None, None, None, 88.0, 2020-07-13 03:00:00, None
11.0, None, None, 0.0, None, 3.6, None, 7.4, None, None, None, 87.0, 2020-07-13 04:00:00, None
259.0, None, None, 0.0, None, 2.2, None, 8.2, None, None, None, 86.0, 2020-07-13 05:00:00, None
186.0, None, None, 0.0, None, 3.1, None, 9.6, None, None, None, 86.0, 2020-07-13 06:00:00, None
167.0, None, None, 0.0, None, 4.6, None, 11.4, None, None, None, 79.0, 2020-07-13 07:00:00, None
230.0, None, None, 0.0, None, 6.0, None, 12.6, None, None, None, 68.0, 2020-07-13 08:00:00, None
207.0, None, None, 0.0, None, 6.1, None, 14.8, None, None, None, 66.0, 2020-07-13 09:00:00, None
180.0, 68.0, 6.0, 0.0, 6.9, 7.4, 12.6, 14.9, 230.0, 0.0, 3.0, 71.0, 2020-07-13 10:00:00, 0.0
210.0, 66.0, 6.1, 0.0, 8.5, 6.9, 14.8, 16.1, 207.0, 0.0, 2.8, 52.0, 2020-07-13 11:00:00, 0.0
243.0, None, None, 0.0, None, 9.9, None, 16.6, None, None, None, 53.0, 2020-07-13 12:00:00, None
205.0, None, None, 0.0, None, 8.4, None, 19.5, None, None, None, 43.0, 2020-07-13 13:00:00, None
187.0, None, None, 0.0, None, 7.9, None, 20.3, None, None, None, 39.0, 2020-07-13 14:00:00, None
155.0, None, None, 0.0, None, 8.2, None, 17.8, None, None, None, 46.0, 2020-07-13 15:00:00, None
245.0, 39.0, 7.9, 0.0, 5.9, 4.4, 20.3, 17.0, 187.0, 0.0, 0.0, 49.0, 2020-07-13 16:00:00, 0.0
32.0, 46.0, 8.2, 0.0, 6.0, 3.1, 17.8, 14.2, 155.0, 0.0, 0.0, 71.0, 2020-07-13 17:00:00, 0.0
19.0, 49.0, 4.4, 0.0, 6.2, 6.8, 17.0, 12.5, 245.0, 0.0, 0.0, 75.0, 2020-07-13 18:00:00, 0.0
346.0, None, None, 0.0, None, 5.4, None, 11.6, None, None, None, 75.0, 2020-07-13 19:00:00, None
7.0, 75.0, 6.8, 0.0, 8.2, 8.1, 12.5, 10.5, 19.0, 0.0, 0.0, 70.0, 2020-07-13 20:00:00, 0.0
20.0, None, None, 0.0, None, 7.4, None, 9.8, None, None, None, 79.0, 2020-07-13 21:00:00, None
18.0, None, None, 0.0, None, 7.1, None, 9.6, None, None, None, 78.0, 2020-07-13 22:00:00, None
36.0, 79.0, 7.4, 0.0, 6.3, 5.4, 9.8, 9.3, 20.0, 0.0, 0.0, 77.0, 2020-07-13 23:00:00, 0.0
2.0, 78.0, 7.1, 0.0, 6.0, 6.6, 9.6, 8.7, 18.0, 0.0, 0.0, 80.0, 2020-07-14 00:00:00, 0.0
18.0, 77.0, 5.4, 0.0, 5.5, 5.9, 9.3, 7.6, 36.0, 0.0, 0.0, 82.0, 2020-07-14 01:00:00, 0.0
7.0, 80.0, 6.6, 0.0, 5.4, 5.1, 8.7, 7.6, 2.0, 0.0, 0.0, 78.0, 2020-07-14 02:00:00, 0.0
47.0, 82.0, 5.9, 0.0, 4.7, 5.5, 7.6, 8.0, 18.0, 0.0, 0.0, 78.0, 2020-07-14 03:00:00, 0.0
26.0, 78.0, 5.1, 0.0, 4.0, 4.7, 7.6, 7.5, 7.0, 0.0, 0.0, 84.0, 2020-07-14 04:00:00, 0.0
24.0, 78.0, 5.5, 0.0, 4.4, 3.7, 8.0, 7.6, 47.0, 0.0, 0.0, 86.0, 2020-07-14 05:00:00, 0.0
285.0, 84.0, 4.7, 0.0, 5.0, 2.5, 7.5, 11.6, 26.0, 0.0, 0.0, 69.0, 2020-07-14 06:00:00, 0.0
206.0, 86.0, 3.7, 0.0, 5.4, 5.5, 7.6, 14.3, 24.0, 0.0, 0.0, 66.0, 2020-07-14 07:00:00, 0.0
197.0, 69.0, 2.5, 0.0, 6.1, 5.9, 11.6, 16.7, 285.0, 0.0, 0.0, 61.0, 2020-07-14 08:00:00, 0.0
220.0, 66.0, 5.5, 0.0, 8.0, 8.0, 14.3, 19.2, 206.0, 0.0, 0.0, 46.0, 2020-07-14 09:00:00, 0.0
236.0, 61.0, 5.9, 0.0, 9.1, 10.9, 16.7, 21.0, 197.0, 0.0, 0.0, 33.0, 2020-07-14 10:00:00, 0.0
211.0, 46.0, 8.0, 0.0, 7.3, 7.6, 19.2, 21.2, 220.0, 0.0, 0.0, 33.0, 2020-07-14 11:00:00, 0.0
229.0, 33.0, 10.9, 0.0, 4.1, 9.6, 21.0, 23.3, 236.0, 0.0, 0.0, 29.0, 2020-07-14 12:00:00, 0.0
215.0, None, None, 0.0, None, 6.2, None, 22.0, None, None, None, 34.0, 2020-07-14 13:00:00, None
215.0, 29.0, 9.6, 0.0, 4.3, 5.4, 23.3, 20.9, 229.0, 0.0, 0.0, 33.0, 2020-07-14 14:00:00, 0.0
8.0, 34.0, 6.2, 0.0, 5.4, 3.3, 22.0, 17.9, 215.0, 0.0, 0.0, 58.0, 2020-07-14 15:00:00, 0.0
25.0, 33.0, 5.4, 0.0, 4.0, 4.4, 20.9, 17.4, 215.0, 0.0, 0.0, 60.0, 2020-07-14 16:00:00, 0.0
58.0, 58.0, 3.3, 0.0, 9.5, 3.5, 17.9, 16.7, 8.0, 0.0, 0.0, 54.0, 2020-07-14 17:00:00, 0.0
6.0, 60.0, 4.4, 0.0, 9.6, 3.4, 17.4, 15.5, 25.0, 0.0, 0.0, 68.0, 2020-07-14 18:00:00, 0.0
16.0, None, None, 0.0, None, 5.1, None, 14.8, None, None, None, 65.0, 2020-07-14 19:00:00, None
4.0, None, None, 0.0, None, 5.9, None, 14.2, None, None, None, 67.0, 2020-07-14 20:00:00, None
25.0, None, None, 0.0, None, 5.2, None, 14.0, None, None, None, 73.0, 2020-07-14 21:00:00, None
16.0, None, None, 0.0, None, 5.0, None, 13.4, None, None, None, 75.0, 2020-07-14 22:00:00, None
19.0, None, None, 0.0, None, 8.0, None, 12.1, None, None, None, 90.0, 2020-07-14 23:00:00, None
9.0, None, None, 0.8, None, 6.7, None, 11.7, None, None, None, 96.0, 2020-07-15 00:00:00, None
33.0, None, None, 1.0, None, 6.3, None, 11.3, None, None, None, 99.0, 2020-07-15 01:00:00, None
18.0, None, None, 0.2, None, 5.1, None, 11.1, None, None, None, 99.0, 2020-07-15 02:00:00, None
7.0, None, None, 0.2, None, 3.0, None, 10.9, None, None, None, 99.0, 2020-07-15 03:00:00, None
312.0, None, None, 0.0, None, 1.7, None, 11.0, None, None, None, 100.0, 2020-07-15 04:00:00, None
38.0, None, None, 0.2, None, 2.2, None, 11.4, None, None, None, 100.0, 2020-07-15 05:00:00, None
154.0, None, None, 0.0, None, 3.4, None, 12.8, None, None, None, 97.0, 2020-07-15 06:00:00, None
175.0, None, None, 0.0, None, 4.6, None, 15.5, None, None, None, 89.0, 2020-07-15 07:00:00, None
166.0, 97.0, 3.4, 0.0, 12.3, 4.1, 12.8, 15.7, 154.0, 0.0, None, 88.0, 2020-07-15 08:00:00, 0.0
175.0, 89.0, 4.6, 0.0, 13.7, 5.1, 15.5, 16.7, 175.0, 0.0, 2.4, 83.0, 2020-07-15 09:00:00, 0.0
141.0, None, None, 0.0, None, 3.1, None, 17.2, None, None, None, 71.0, 2020-07-15 10:00:00, None
163.0, 83.0, 5.1, 0.0, 13.8, 3.2, 16.7, 17.8, 175.0, 0.0, 2.4, 70.0, 2020-07-15 11:00:00, 0.0
161.0, 71.0, 3.1, 0.0, 11.9, 6.2, 17.2, 21.5, 141.0, 0.0, 2.4, 54.0, 2020-07-15 12:00:00, None
186.0, 70.0, 3.2, 0.0, 12.3, 4.6, 17.8, 21.0, 163.0, 0.0, 2.4, 57.0, 2020-07-15 13:00:00, 0.0
192.0, None, None, 0.0, None, 5.8, None, 22.4, None, None, None, 53.0, 2020-07-15 14:00:00, None
188.0, None, None, 0.0, None, 2.9, None, 20.5, None, None, None, 60.0, 2020-07-15 15:00:00, None
144.0, None, None, 0.0, None, 3.2, None, 19.2, None, None, None, 68.0, 2020-07-15 16:00:00, None
111.0, None, None, 0.0, None, 3.8, None, 17.4, None, None, None, 74.0, 2020-07-15 17:00:00, None
1.0, None, None, 0.0, None, 4.1, None, 15.9, None, None, None, 79.0, 2020-07-15 18:00:00, None
20.0, None, None, 0.0, None, 5.8, None, 14.8, None, None, None, 79.0, 2020-07-15 19:00:00, None
41.0, None, None, 0.0, None, 4.6, None, 15.1, None, None, None, 77.0, 2020-07-15 20:00:00, None
41.0, None, None, 0.0, None, 5.7, None, 14.4, None, None, None, 78.0, 2020-07-15 21:00:00, None
331.0, None, None, 0.0, None, 3.6, None, 14.0, None, None, None, 83.0, 2020-07-15 22:00:00, None
24.0, None, None, 0.0, None, 5.7, None, 13.6, None, None, None, 85.0, 2020-07-15 23:00:00, None
22.0, None, None, 0.0, None, 5.8, None, 13.5, None, None, None, 88.0, 2020-07-16 00:00:00, None
99.0, None, None, 0.0, None, 5.2, None, 13.2, None, None, None, 87.0, 2020-07-16 01:00:00, None
61.0, 88.0, 5.8, 0.0, 11.6, 4.4, 13.5, 13.3, 22.0, 0.0, 1.6, 83.0, 2020-07-16 02:00:00, 0.0
98.0, 87.0, 5.2, 0.0, 11.1, 4.8, 13.2, 12.7, 99.0, 0.0, 0.6, 86.0, 2020-07-16 03:00:00, 0.0
88.0, None, None, 0.0, None, 7.7, None, 12.6, None, None, None, 87.0, 2020-07-16 04:00:00, None
93.0, None, None, 0.0, None, 6.7, None, 13.8, None, None, None, 83.0, 2020-07-16 05:00:00, None
93.0, None, None, 0.2, None, 6.8, None, 12.8, None, None, None, 94.0, 2020-07-16 06:00:00, None
80.0, None, None, 0.6, None, 8.9, None, 13.1, None, None, None, 93.0, 2020-07-16 07:00:00, None
64.0, 94.0, 6.8, 0.4, 11.9, 8.1, 12.8, 13.3, 93.0, 0.2, 0.2, 93.0, 2020-07-16 08:00:00, 0.0
33.0, 93.0, 8.9, 2.2, 12.0, 7.4, 13.1, 13.7, 80.0, 0.6, 0.8, 95.0, 2020-07-16 09:00:00, 0.0
137.0, 93.0, 8.1, 0.2, 12.2, 3.5, 13.3, 14.9, 64.0, 0.4, 1.2, 95.0, 2020-07-16 10:00:00, 0.0
354.0, 95.0, 7.4, 1.0, 12.9, 5.3, 13.7, 14.1, 33.0, 2.2, 3.4, 94.0, 2020-07-16 11:00:00, 0.0
285.0, 95.0, 3.5, 1.2, 14.1, 5.3, 14.9, 15.5, 137.0, 0.2, 3.6, 91.0, 2020-07-16 12:00:00, 0.0
197.0, 94.0, 5.3, 0.0, 13.1, 3.9, 14.1, 14.9, 354.0, 1.0, 4.6, 93.0, 2020-07-16 13:00:00, 0.0
27.0, 91.0, 5.3, 1.6, 14.0, 5.1, 15.5, 13.5, 285.0, 1.2, 5.8, 97.0, 2020-07-16 14:00:00, 0.0
85.0, 93.0, 3.9, 0.8, 13.8, 5.1, 14.9, 14.1, 197.0, 0.0, 5.8, 94.0, 2020-07-16 15:00:00, 0.0
109.0, 97.0, 5.1, 1.2, 13.0, 4.5, 13.5, 13.5, 27.0, 1.6, 7.4, 95.0, 2020-07-16 16:00:00, 0.0
88.0, 94.0, 5.1, 3.2, 13.1, 9.6, 14.1, 12.9, 85.0, 0.8, 8.2, 99.0, 2020-07-16 17:00:00, 0.0
357.0, 95.0, 4.5, 0.0, 12.7, 1.9, 13.5, 12.8, 109.0, 1.2, 9.4, 99.0, 2020-07-16 18:00:00, 0.0
118.0, 99.0, 9.6, 0.2, 12.7, 6.0, 12.9, 12.3, 88.0, 3.2, 12.6, 99.0, 2020-07-16 19:00:00, 0.0
73.0, 99.0, 1.9, 0.0, 12.6, 3.8, 12.8, 12.0, 357.0, 0.0, 12.6, 100.0, 2020-07-16 20:00:00, 0.0
103.0, 99.0, 6.0, 0.0, 12.1, 6.0, 12.3, 12.0, 118.0, 0.2, 12.8, 100.0, 2020-07-16 21:00:00, 0.0
45.0, 100.0, 3.8, 0.0, 12.0, 3.2, 12.0, 11.4, 73.0, 0.0, 12.8, 99.0, 2020-07-16 22:00:00, 0.0
14.0, 100.0, 6.0, 0.0, 12.0, 3.6, 12.0, 11.1, 103.0, 0.0, 12.8, 100.0, 2020-07-16 23:00:00, 0.0
135.0, 99.0, 3.2, 0.0, 11.2, 4.6, 11.4, 10.9, 45.0, 0.0, 12.8, 100.0, 2020-07-17 00:00:00, 0.0
159.0, 100.0, 3.6, 0.0, 11.1, 2.7, 11.1, 10.7, 14.0, 0.0, 12.8, 100.0, 2020-07-17 01:00:00, 0.0
72.0, 100.0, 4.6, 0.0, 10.9, 2.7, 10.9, 10.5, 135.0, 0.0, 12.8, 100.0, 2020-07-17 02:00:00, 0.0
242.0, 100.0, 2.7, 0.0, 10.7, 1.7, 10.7, 10.4, 159.0, 0.0, 12.8, 100.0, 2020-07-17 03:00:00, 0.0
356.0, 100.0, 2.7, 0.4, 10.5, 2.3, 10.5, 10.5, 72.0, 0.0, 12.8, 100.0, 2020-07-17 04:00:00, 0.0
92.0, 100.0, 1.7, 0.0, 10.4, 3.9, 10.4, 10.8, 242.0, 0.0, 12.8, 100.0, 2020-07-17 05:00:00, 0.0
178.0, 100.0, 2.3, 0.0, 10.5, 3.7, 10.5, 11.3, 356.0, 0.4, 13.2, 100.0, 2020-07-17 06:00:00, 0.0
204.0, 100.0, 3.9, 0.0, 10.8, 3.5, 10.8, 12.0, 92.0, 0.0, 13.2, 97.0, 2020-07-17 07:00:00, 0.0
160.0, 100.0, 3.7, 0.0, 11.3, 4.6, 11.3, 13.6, 178.0, 0.0, 13.0, 92.0, 2020-07-17 08:00:00, 0.0
204.0, 97.0, 3.5, 0.0, 11.5, 4.4, 12.0, 15.6, 204.0, 0.0, 12.4, 78.0, 2020-07-17 09:00:00, 0.0
209.0, 92.0, 4.6, 0.0, 12.3, 4.6, 13.6, 17.2, 160.0, 0.0, 12.0, 75.0, 2020-07-17 10:00:00, 0.0
73.0, 78.0, 4.4, 0.0, 11.8, 3.7, 15.6, 17.8, 204.0, 0.0, 9.8, 75.0, 2020-07-17 11:00:00, 0.0
192.0, None, None, 0.0, None, 7.9, None, 21.8, None, None, None, 53.0, 2020-07-17 12:00:00, None
258.0, 75.0, 3.7, 0.0, 13.3, 12.7, 17.8, 19.2, 73.0, 0.0, 8.6, 57.0, 2020-07-17 13:00:00, 0.0
355.0, 53.0, 7.9, 0.0, 11.8, 9.5, 21.8, 15.6, 192.0, 0.0, 7.4, 83.0, 2020-07-17 14:00:00, 0.0
207.0, 57.0, 12.7, 0.2, 10.5, 5.6, 19.2, 20.6, 258.0, 0.0, 7.4, 42.0, 2020-07-17 15:00:00, 0.0
251.0, 83.0, 9.5, 0.0, 12.7, 4.4, 15.6, 20.7, 355.0, 0.0, 5.8, 55.0, 2020-07-17 16:00:00, 0.0
337.0, 42.0, 5.6, 0.0, 7.2, 6.5, 20.6, 18.3, 207.0, 0.2, 5.2, 53.0, 2020-07-17 17:00:00, 0.0
348.0, 55.0, 4.4, 0.0, 11.3, 6.6, 20.7, 15.6, 251.0, 0.0, 4.0, 73.0, 2020-07-17 18:00:00, 0.0
7.0, 53.0, 6.5, 0.0, 8.6, 5.6, 18.3, 12.9, 337.0, 0.0, 0.8, 79.0, 2020-07-17 19:00:00, 0.0
358.0, 73.0, 6.6, 0.0, 10.8, 6.9, 15.6, 11.8, 348.0, 0.0, 0.8, 75.0, 2020-07-17 20:00:00, 0.0
330.0, 79.0, 5.6, 0.0, 9.3, 9.7, 12.9, 13.8, 7.0, 0.0, 0.6, 58.0, 2020-07-17 21:00:00, 0.0
4.0, 75.0, 6.9, 0.0, 7.5, 6.9, 11.8, 10.8, 358.0, 0.0, 0.6, 80.0, 2020-07-17 22:00:00, 0.0
321.0, 58.0, 9.7, 0.0, 5.7, 11.1, 13.8, 13.1, 330.0, 0.0, 0.6, 61.0, 2020-07-17 23:00:00, 0.0
334.0, 80.0, 6.9, 0.0, 7.5, 11.6, 10.8, 12.9, 4.0, 0.0, 0.6, 63.0, 2020-07-18 00:00:00, 0.0
333.0, None, None, 0.0, None, 9.5, None, 12.7, None, None, None, 63.0, 2020-07-18 01:00:00, None
341.0, 63.0, 11.6, 0.0, 6.0, 10.2, 12.9, 11.9, 334.0, 0.0, None, 65.0, 2020-07-18 02:00:00, 0.0
330.0, 63.0, 9.5, 0.0, 5.8, 10.9, 12.7, 11.7, 333.0, 0.0, 0.6, 63.0, 2020-07-18 03:00:00, 0.0
319.0, 65.0, 10.2, 0.0, 5.5, 9.2, 11.9, 11.3, 341.0, 0.0, 0.6, 68.0, 2020-07-18 04:00:00, 0.0
16.0, 63.0, 10.9, 0.0, 4.9, 5.6, 11.7, 9.3, 330.0, 0.0, 0.6, 80.0, 2020-07-18 05:00:00, 0.0
86.0, 68.0, 9.2, 0.0, 5.6, 3.4, 11.3, 11.8, 319.0, 0.0, 0.2, 75.0, 2020-07-18 06:00:00, 0.0
136.0, 80.0, 5.6, 0.0, 6.0, 5.5, 9.3, 16.4, 16.0, 0.0, 0.2, 58.0, 2020-07-18 07:00:00, 0.0
209.0, 75.0, 3.4, 0.0, 7.5, 6.0, 11.8, 18.6, 86.0, 0.0, 0.2, 55.0, 2020-07-18 08:00:00, 0.0
221.0, 58.0, 5.5, 0.0, 8.1, 7.3, 16.4, 20.7, 136.0, 0.0, 0.2, 53.0, 2020-07-18 09:00:00, 0.0
228.0, 55.0, 6.0, 0.0, 9.4, 10.5, 18.6, 21.9, 209.0, 0.0, 0.2, 33.0, 2020-07-18 10:00:00, 0.0
220.0, 53.0, 7.3, 0.0, 10.8, 7.8, 20.7, 22.0, 221.0, 0.0, 0.2, 36.0, 2020-07-18 11:00:00, 0.0
217.0, 33.0, 10.5, 0.0, 4.9, 6.6, 21.9, 22.1, 228.0, 0.0, 0.2, 40.0, 2020-07-18 12:00:00, 0.0
309.0, None, None, 0.0, None, 3.3, None, 19.2, None, None, None, 48.0, 2020-07-18 13:00:00, None
36.0, 40.0, 6.6, 0.0, 7.9, 4.8, 22.1, 18.0, 217.0, 0.0, 0.2, 71.0, 2020-07-18 14:00:00, 0.0
4.0, 48.0, 3.3, 0.0, 7.9, 8.0, 19.2, 15.2, 309.0, 0.0, 0.2, 85.0, 2020-07-18 15:00:00, 0.0
24.0, None, None, 0.4, None, 9.1, None, 14.0, None, None, None, 95.0, 2020-07-18 16:00:00, None
17.0, None, None, 0.2, None, 4.1, None, 14.2, None, None, None, 91.0, 2020-07-18 17:00:00, None
24.0, None, None, 0.2, None, 7.0, None, 13.0, None, None, None, 94.0, 2020-07-18 18:00:00, None
22.0, 91.0, 4.1, 0.0, 12.8, 6.6, 14.2, 12.5, 17.0, 0.2, 0.6, 94.0, 2020-07-18 19:00:00, 0.0
21.0, None, None, 0.0, None, 6.0, None, 12.5, None, None, None, 91.0, 2020-07-18 20:00:00, None
26.0, None, None, 0.0, None, 8.4, None, 11.6, None, None, None, 92.0, 2020-07-18 21:00:00, None
25.0, None, None, 0.0, None, 9.1, None, 11.1, None, None, None, 90.0, 2020-07-18 22:00:00, None
28.0, 92.0, 8.4, 0.0, 10.3, 5.5, 11.6, 11.4, 26.0, 0.0, 0.8, 89.0, 2020-07-18 23:00:00, 0.0
28.0, 90.0, 9.1, 0.0, 9.5, 4.3, 11.1, 11.7, 25.0, 0.0, 0.8, 87.0, 2020-07-19 00:00:00, 0.0
27.0, 89.0, 5.5, 0.0, 9.7, 6.5, 11.4, 11.0, 28.0, 0.0, 0.8, 90.0, 2020-07-19 01:00:00, 0.0
9.0, 87.0, 4.3, 0.0, 9.6, 5.6, 11.7, 10.6, 28.0, 0.0, 0.8, 89.0, 2020-07-19 02:00:00, 0.0
6.0, 90.0, 6.5, 0.0, 9.4, 5.7, 11.0, 10.3, 27.0, 0.0, 0.8, 91.0, 2020-07-19 03:00:00, 0.0
24.0, 89.0, 5.6, 0.0, 8.9, 3.7, 10.6, 10.8, 9.0, 0.0, 0.8, 90.0, 2020-07-19 04:00:00, None
358.0, 91.0, 5.7, 0.0, 8.9, 3.1, 10.3, 12.0, 6.0, 0.0, 0.8, 90.0, 2020-07-19 05:00:00, 0.0
346.0, 90.0, 3.7, 0.0, 9.2, 4.5, 10.8, 12.5, 24.0, 0.0, 0.8, 89.0, 2020-07-19 06:00:00, 0.0
84.0, 90.0, 3.1, 0.0, 10.4, 2.7, 12.0, 15.0, 358.0, 0.0, 0.8, 79.0, 2020-07-19 07:00:00, 0.0
220.0, 89.0, 4.5, 0.0, 10.7, 5.4, 12.5, 17.3, 346.0, 0.0, 0.8, 74.0, 2020-07-19 08:00:00, 0.0
177.0, 79.0, 2.7, 0.0, 11.4, 6.5, 15.0, 18.8, 84.0, 0.0, 0.8, 70.0, 2020-07-19 09:00:00, 0.0
195.0, 74.0, 5.4, 0.0, 12.6, 5.3, 17.3, 20.1, 220.0, 0.0, 0.8, 62.0, 2020-07-19 10:00:00, 0.0
168.0, 70.0, 6.5, 0.0, 13.2, 10.0, 18.8, 23.6, 177.0, 0.0, 0.8, 43.0, 2020-07-19 11:00:00, 0.0
186.0, 62.0, 5.3, 0.0, 12.6, 9.2, 20.1, 24.2, 195.0, 0.0, 0.8, 48.0, 2020-07-19 12:00:00, 0.0
161.0, 43.0, 10.0, 0.0, 10.3, 8.3, 23.6, 24.4, 168.0, 0.0, 0.8, 44.0, 2020-07-19 13:00:00, 0.0
154.0, 48.0, 9.2, 0.0, 12.5, 8.7, 24.2, 24.1, 186.0, 0.0, 0.8, 40.0, 2020-07-19 14:00:00, 0.0
169.0, 44.0, 8.3, 0.0, 11.4, 5.6, 24.4, 21.3, 161.0, 0.0, 0.8, 57.0, 2020-07-19 15:00:00, 0.0
180.0, 40.0, 8.7, 0.0, 9.7, 6.1, 24.1, 23.5, 154.0, 0.0, 0.8, 44.0, 2020-07-19 16:00:00, 0.0
242.0, 57.0, 5.6, 0.0, 12.4, 4.7, 21.3, 20.5, 169.0, 0.0, 0.8, 57.0, 2020-07-19 17:00:00, 0.0
358.0, 44.0, 6.1, 0.0, 10.6, 6.1, 23.5, 16.3, 180.0, 0.0, 0.4, 69.0, 2020-07-19 18:00:00, 0.0
14.0, 57.0, 4.7, 0.0, 11.7, 8.0, 20.5, 14.5, 242.0, 0.0, 0.2, 89.0, 2020-07-19 19:00:00, 0.0
352.0, 69.0, 6.1, 0.0, 10.6, 6.4, 16.3, 14.3, 358.0, 0.0, 0.0, 78.0, 2020-07-19 20:00:00, 0.0
1.0, None, None, 0.0, None, 5.5, None, 13.7, None, None, None, 79.0, 2020-07-19 21:00:00, None
321.0, 78.0, 6.4, 0.0, 10.5, 6.1, 14.3, 13.5, 352.0, 0.0, 0.0, 74.0, 2020-07-19 22:00:00, 0.0
314.0, 79.0, 5.5, 0.0, 10.1, 10.1, 13.7, 13.7, 1.0, 0.0, 0.0, 72.0, 2020-07-19 23:00:00, 0.0
336.0, 74.0, 6.1, 0.0, 9.0, 8.8, 13.5, 13.1, 321.0, 0.0, 0.0, 74.0, 2020-07-20 00:00:00, 0.0
25.0, 72.0, 10.1, 0.0, 8.7, 4.3, 13.7, 11.1, 314.0, 0.0, 0.0, 83.0, 2020-07-20 01:00:00, 0.0
338.0, 74.0, 8.8, 0.0, 8.6, 8.2, 13.1, 11.7, 336.0, 0.0, 0.0, 78.0, 2020-07-20 02:00:00, 0.0
349.0, 83.0, 4.3, 0.0, 8.3, 6.2, 11.1, 11.2, 25.0, 0.0, 0.0, 80.0, 2020-07-20 03:00:00, 0.0
325.0, 78.0, 8.2, 0.0, 8.0, 4.6, 11.7, 11.2, 338.0, 0.0, 0.0, 82.0, 2020-07-20 04:00:00, 0.0
343.0, 80.0, 6.2, 0.0, 7.9, 3.8, 11.2, 10.8, 349.0, 0.0, 0.0, 85.0, 2020-07-20 05:00:00, 0.0
114.0, None, None, 0.0, None, 3.7, None, 16.0, None, None, None, 73.0, 2020-07-20 06:00:00, None
171.0, 85.0, 3.8, 0.0, 8.4, 3.7, 10.8, 16.7, 343.0, 0.0, 0.0, 67.0, 2020-07-20 07:00:00, 0.0
213.0, 73.0, 3.7, 0.0, 11.2, 7.9, 16.0, 19.3, 114.0, 0.0, 0.0, 54.0, 2020-07-20 08:00:00, 0.0
218.0, None, None, 0.0, None, 8.6, None, 21.1, None, None, None, 52.0, 2020-07-20 09:00:00, None
211.0, 54.0, 7.9, 0.0, 9.8, 9.2, 19.3, 23.0, 213.0, 0.0, 0.0, 41.0, 2020-07-20 10:00:00, 0.0
211.0, 52.0, 8.6, 0.0, 10.9, 7.7, 21.1, 25.0, 218.0, 0.0, 0.0, 38.0, 2020-07-20 11:00:00, 0.0
211.0, 41.0, 9.2, 0.0, 9.1, 8.3, 23.0, 26.2, 211.0, 0.0, 0.0, 34.0, 2020-07-20 12:00:00, 0.0
188.0, 38.0, 7.7, 0.0, 9.7, 8.1, 25.0, 27.4, 211.0, 0.0, 0.0, 27.0, 2020-07-20 13:00:00, 0.0
194.0, 34.0, 8.3, 0.0, 9.1, 7.3, 26.2, 27.3, 211.0, 0.0, 0.0, 28.0, 2020-07-20 14:00:00, 0.0
186.0, 27.0, 8.1, 0.0, 6.8, 5.9, 27.4, 27.2, 188.0, 0.0, 0.0, 28.0, 2020-07-20 15:00:00, 0.0
232.0, 28.0, 7.3, 0.0, 7.2, 5.7, 27.3, 26.2, 194.0, 0.0, 0.0, 33.0, 2020-07-20 16:00:00, 0.0
93.0, 28.0, 5.9, 0.0, 7.1, 2.5, 27.2, 23.4, 186.0, 0.0, 0.0, 55.0, 2020-07-20 17:00:00, None
20.0, 33.0, 5.7, 0.0, 8.7, 4.5, 26.2, 19.3, 232.0, 0.0, 0.0, 58.0, 2020-07-20 18:00:00, 0.0
26.0, 55.0, 2.5, 0.0, 13.9, 10.2, 23.4, 17.0, 93.0, 0.0, 0.0, 63.0, 2020-07-20 19:00:00, 0.0
37.0, None, None, 0.0, None, 10.8, None, 16.3, None, None, None, 59.0, 2020-07-20 20:00:00, None
19.0, None, None, 0.0, None, 7.2, None, 14.7, None, None, None, 70.0, 2020-07-20 21:00:00, None
19.0, None, None, 0.0, None, 4.4, None, 14.6, None, None, None, 69.0, 2020-07-20 22:00:00, None
23.0, 70.0, 7.2, 0.0, 9.3, 5.2, 14.7, 14.6, 19.0, 0.0, 0.0, 66.0, 2020-07-20 23:00:00, 0.0
50.0, 69.0, 4.4, 0.0, 9.0, 4.4, 14.6, 14.2, 19.0, 0.0, 0.0, 69.0, 2020-07-21 00:00:00, 0.0
318.0, 66.0, 5.2, 0.0, 8.3, 2.8, 14.6, 13.9, 23.0, 0.0, 0.0, 75.0, 2020-07-21 01:00:00, 0.0
41.0, 69.0, 4.4, 0.0, 8.6, 2.1, 14.2, 13.8, 50.0, 0.0, 0.0, 75.0, 2020-07-21 02:00:00, 0.0
316.0, 75.0, 2.8, 0.0, 9.5, 5.2, 13.9, 13.5, 318.0, 0.0, 0.0, 76.0, 2020-07-21 03:00:00, 0.0
27.0, 75.0, 2.1, 0.4, 9.4, 6.9, 13.8, 12.8, 41.0, 0.0, 0.0, 94.0, 2020-07-21 04:00:00, 0.0
43.0, 76.0, 5.2, 0.0, 9.4, 4.4, 13.5, 12.5, 316.0, 0.0, 0.0, 90.0, 2020-07-21 05:00:00, 0.0
317.0, 94.0, 6.9, 0.0, 11.9, 2.3, 12.8, 16.3, 27.0, 0.4, 0.4, 77.0, 2020-07-21 06:00:00, 0.0
138.0, 90.0, 4.4, 0.0, 10.9, 4.1, 12.5, 18.4, 43.0, 0.0, 0.4, 66.0, 2020-07-21 07:00:00, 0.0
140.0, 77.0, 2.3, 0.0, 12.3, 5.5, 16.3, 21.3, 317.0, 0.0, 0.4, 52.0, 2020-07-21 08:00:00, 0.0
137.0, None, None, 0.0, None, 8.7, None, 21.7, None, None, None, 54.0, 2020-07-21 09:00:00, None
166.0, 52.0, 5.5, 0.0, 11.1, 7.6, 21.3, 24.3, 140.0, 0.0, 0.4, 46.0, 2020-07-21 10:00:00, 0.0
172.0, 54.0, 8.7, 0.0, 12.0, 7.6, 21.7, 26.9, 137.0, 0.0, 0.4, 42.0, 2020-07-21 11:00:00, 0.0
66.0, 46.0, 7.6, 0.0, 11.9, 4.5, 24.3, 22.1, 166.0, 0.0, 0.4, 57.0, 2020-07-21 12:00:00, 0.0
159.0, None, None, 0.0, None, 8.7, None, 25.5, None, None, None, 42.0, 2020-07-21 13:00:00, None
108.0, None, None, 0.0, None, 8.5, None, 22.4, None, None, None, 51.0, 2020-07-21 14:00:00, None
128.0, None, None, 0.0, None, 7.1, None, 24.0, None, None, None, 48.0, 2020-07-21 15:00:00, None
73.0, 51.0, 8.5, 0.0, 11.8, 3.9, 22.4, 21.8, 108.0, 0.0, 0.4, 56.0, 2020-07-21 16:00:00, 0.0
12.0, 48.0, 7.1, 0.0, 12.3, 3.2, 24.0, 19.9, 128.0, 0.0, 0.4, 69.0, 2020-07-21 17:00:00, 0.0
65.0, 56.0, 3.9, 0.0, 12.6, 5.8, 21.8, 19.3, 73.0, 0.0, 0.4, 71.0, 2020-07-21 18:00:00, 0.0
46.0, 69.0, 3.2, 0.0, 14.0, 8.2, 19.9, 18.0, 12.0, 0.0, 0.4, 66.0, 2020-07-21 19:00:00, 0.0
69.0, 71.0, 5.8, 0.0, 13.9, 5.8, 19.3, 17.6, 65.0, 0.0, 0.4, 70.0, 2020-07-21 20:00:00, 0.0
337.0, 66.0, 8.2, 0.0, 11.6, 8.8, 18.0, 17.0, 46.0, 0.0, 0.4, 73.0, 2020-07-21 21:00:00, 0.0
279.0, 70.0, 5.8, 0.0, 12.1, 10.9, 17.6, 17.3, 69.0, 0.0, 0.4, 71.0, 2020-07-21 22:00:00, 0.0
318.0, 73.0, 8.8, 0.0, 12.1, 8.4, 17.0, 15.5, 337.0, 0.0, 0.4, 78.0, 2020-07-21 23:00:00, 0.0
305.0, 71.0, 10.9, 0.0, 12.0, 7.9, 17.3, 16.2, 279.0, 0.0, 0.4, 72.0, 2020-07-22 00:00:00, 0.0
304.0, 78.0, 8.4, 0.0, 11.7, 10.8, 15.5, 15.6, 318.0, 0.0, 0.4, 78.0, 2020-07-22 01:00:00, 0.0
350.0, 72.0, 7.9, 0.0, 11.2, 5.6, 16.2, 14.9, 305.0, 0.0, 0.4, 83.0, 2020-07-22 02:00:00, 0.0
306.0, 78.0, 10.8, 0.0, 11.8, 8.4, 15.6, 15.4, 304.0, 0.0, 0.4, 78.0, 2020-07-22 03:00:00, 0.0
358.0, None, None, 0.0, None, 3.0, None, 14.2, None, None, None, 90.0, 2020-07-22 04:00:00, None
4.0, None, None, 0.2, None, 3.0, None, 14.6, None, None, None, 91.0, 2020-07-22 05:00:00, None
286.0, 90.0, 3.0, 0.0, 12.6, 3.3, 14.2, 14.9, 358.0, 0.0, 0.0, 89.0, 2020-07-22 06:00:00, 0.0
127.0, None, None, 0.0, None, 5.7, None, 17.4, None, None, None, 78.0, 2020-07-22 07:00:00, None
234.0, 89.0, 3.3, 0.0, 13.1, 5.6, 14.9, 18.7, 286.0, 0.0, 0.2, 67.0, 2020-07-22 08:00:00, 0.0
229.0, None, None, 0.0, None, 8.9, None, 20.8, None, None, None, 61.0, 2020-07-22 09:00:00, None
223.0, 67.0, 5.6, 0.0, 12.5, 11.2, 18.7, 23.0, 234.0, 0.0, 0.2, 53.0, 2020-07-22 10:00:00, 0.0
282.0, 61.0, 8.9, 0.0, 13.0, 9.0, 20.8, 21.4, 229.0, 0.0, 0.2, 56.0, 2020-07-22 11:00:00, 0.0
290.0, 53.0, 11.2, 0.0, 12.9, 10.0, 23.0, 18.4, 223.0, 0.0, 0.2, 71.0, 2020-07-22 12:00:00, 0.0
298.0, 56.0, 9.0, 0.0, 12.3, 7.6, 21.4, 18.4, 282.0, 0.0, 0.2, 68.0, 2020-07-22 13:00:00, 0.0
314.0, 71.0, 10.0, 0.6, 13.1, 10.5, 18.4, 19.5, 290.0, 0.0, 0.2, 64.0, 2020-07-22 14:00:00, 0.0
283.0, 68.0, 7.6, 0.0, 12.4, 9.3, 18.4, 19.7, 298.0, 0.0, 0.2, 69.0, 2020-07-22 15:00:00, 0.0
331.0, 64.0, 10.5, 0.0, 12.5, 9.8, 19.5, 19.4, 314.0, 0.6, 0.8, 60.0, 2020-07-22 16:00:00, 0.0
257.0, None, None, 0.0, None, 3.6, None, 20.2, None, None, None, 71.0, 2020-07-22 17:00:00, None
51.0, 60.0, 9.8, 0.0, 11.4, 3.6, 19.4, 16.9, 331.0, 0.0, None, 80.0, 2020-07-22 18:00:00, 0.0
26.0, 71.0, 3.6, 0.0, 14.8, 6.0, 20.2, 15.4, 257.0, 0.0, 0.8, 84.0, 2020-07-22 19:00:00, 0.0
23.0, 80.0, 3.6, 0.0, 13.4, 7.6, 16.9, 14.2, 51.0, 0.0, 0.8, 81.0, 2020-07-22 20:00:00, 0.0
25.0, 84.0, 6.0, 0.0, 12.7, 5.8, 15.4, 14.4, 26.0, 0.0, 0.8, 79.0, 2020-07-22 21:00:00, 0.0
15.0, 81.0, 7.6, 0.0, 11.0, 7.7, 14.2, 13.7, 23.0, 0.0, 0.8, 80.0, 2020-07-22 22:00:00, 0.0
39.0, 79.0, 5.8, 0.8, 10.8, 8.6, 14.4, 13.6, 25.0, 0.0, 0.8, 90.0, 2020-07-22 23:00:00, 0.0
19.0, 80.0, 7.7, 0.2, 10.3, 6.2, 13.7, 13.0, 15.0, 0.0, 0.8, 97.0, 2020-07-23 00:00:00, 0.0
116.0, 90.0, 8.6, 0.2, 12.0, 3.9, 13.6, 13.1, 39.0, 0.8, 1.6, 97.0, 2020-07-23 01:00:00, 0.0
313.0, 97.0, 6.2, 2.6, 12.5, 6.9, 13.0, 13.0, 19.0, 0.2, 1.8, 96.0, 2020-07-23 02:00:00, 0.0
54.0, None, None, 0.8, None, 4.4, None, 13.0, None, None, None, 98.0, 2020-07-23 03:00:00, None
314.0, None, None, 2.8, None, 7.8, None, 13.1, None, None, None, 96.0, 2020-07-23 04:00:00, None
275.0, 98.0, 4.4, 0.0, 12.7, 3.7, 13.0, 13.2, 54.0, 0.8, 5.4, 99.0, 2020-07-23 05:00:00, 0.0
77.0, 96.0, 7.8, 2.4, 12.5, 5.5, 13.1, 13.3, 314.0, 2.8, 8.2, 98.0, 2020-07-23 06:00:00, 0.0
99.0, None, None, 0.8, None, 6.3, None, 13.6, None, None, None, 96.0, 2020-07-23 07:00:00, None
102.0, None, None, 2.6, None, 4.6, None, 13.4, None, None, None, 98.0, 2020-07-23 08:00:00, None
105.0, 96.0, 6.3, 0.2, 13.0, 3.3, 13.6, 13.5, 99.0, 0.8, None, 95.0, 2020-07-23 09:00:00, 0.0
76.0, 98.0, 4.6, 2.0, 13.1, 7.8, 13.4, 13.7, 102.0, 2.6, 13.8, 91.0, 2020-07-23 10:00:00, 0.0
120.0, 95.0, 3.3, 0.0, 12.7, 5.4, 13.5, 16.3, 105.0, 0.2, 14.0, 84.0, 2020-07-23 11:00:00, 0.0
250.0, 91.0, 7.8, 1.4, 12.3, 4.8, 13.7, 14.1, 76.0, 2.0, 16.0, 92.0, 2020-07-23 12:00:00, 0.0
312.0, 84.0, 5.4, 0.6, 13.6, 9.7, 16.3, 13.9, 120.0, 0.0, 16.0, 88.0, 2020-07-23 13:00:00, 0.0
358.0, 92.0, 4.8, 0.0, 12.8, 3.4, 14.1, 15.2, 250.0, 1.4, 17.4, 92.0, 2020-07-23 14:00:00, 0.0
244.0, 88.0, 9.7, 0.0, 11.9, 4.4, 13.9, 16.4, 312.0, 0.6, 18.0, 89.0, 2020-07-23 15:00:00, 0.0
189.0, 92.0, 3.4, 0.0, 13.9, 4.6, 15.2, 19.7, 358.0, 0.0, 17.4, 68.0, 2020-07-23 16:00:00, 0.0
61.0, 89.0, 4.4, 0.0, 14.6, 3.6, 16.4, 18.9, 244.0, 0.0, 17.4, 76.0, 2020-07-23 17:00:00, 0.0
21.0, 68.0, 4.6, 0.0, 13.6, 7.8, 19.7, 13.4, 189.0, 0.0, 17.4, 93.0, 2020-07-23 18:00:00, 0.0
27.0, 76.0, 3.6, 0.0, 14.6, 7.5, 18.9, 11.5, 61.0, 0.0, 17.4, 97.0, 2020-07-23 19:00:00, 0.0
66.0, None, None, 0.0, None, 9.2, None, 11.7, None, None, None, 96.0, 2020-07-23 20:00:00, None
82.0, 97.0, 7.5, 0.0, 11.0, 7.4, 11.5, 12.2, 27.0, 0.0, 17.4, 93.0, 2020-07-23 21:00:00, 0.0
311.0, 96.0, 9.2, 1.6, 11.1, 13.7, 11.7, 12.0, 66.0, 0.0, 17.4, 86.0, 2020-07-23 22:00:00, 0.0
355.0, 93.0, 7.4, 3.0, 11.1, 5.3, 12.2, 10.3, 82.0, 0.0, 17.4, 89.0, 2020-07-23 23:00:00, 0.0
59.0, 86.0, 13.7, 1.8, 9.7, 4.1, 12.0, 9.2, 311.0, 1.6, 19.0, 93.0, 2020-07-24 00:00:00, 0.0
20.0, 89.0, 5.3, 1.8, 8.6, 8.3, 10.3, 8.6, 355.0, 3.0, 21.2, 98.0, 2020-07-24 01:00:00, 0.0
53.0, 93.0, 4.1, 0.6, 8.1, 5.8, 9.2, 8.3, 59.0, 1.8, 22.8, 99.0, 2020-07-24 02:00:00, 0.0
17.0, 98.0, 8.3, 0.0, 8.3, 5.1, 8.6, 8.2, 20.0, 1.8, 24.4, 99.0, 2020-07-24 03:00:00, 0.0
42.0, 99.0, 5.8, 0.0, 8.2, 4.2, 8.3, 8.4, 53.0, 0.6, 22.4, 99.0, 2020-07-24 04:00:00, 0.0
95.0, 99.0, 5.1, 0.2, 8.1, 2.2, 8.2, 9.2, 17.0, 0.0, 21.6, 99.0, 2020-07-24 05:00:00, 0.0
146.0, 99.0, 4.2, 0.0, 8.3, 3.1, 8.4, 10.1, 42.0, 0.0, 18.8, 97.0, 2020-07-24 06:00:00, 0.0
301.0, 99.0, 2.2, 0.0, 9.1, 2.5, 9.2, 11.0, 95.0, 0.2, 19.0, 93.0, 2020-07-24 07:00:00, 0.0
197.0, 97.0, 3.1, 0.0, 9.6, 4.6, 10.1, 12.2, 146.0, 0.0, 16.6, 91.0, 2020-07-24 08:00:00, 0.0
205.0, 93.0, 2.5, 0.0, 9.9, 4.9, 11.0, 15.1, 301.0, 0.0, 15.8, 78.0, 2020-07-24 09:00:00, 0.0
256.0, 91.0, 4.6, 0.0, 10.8, 5.3, 12.2, 13.7, 197.0, 0.0, 13.2, 81.0, 2020-07-24 10:00:00, 0.0
4.0, 78.0, 4.9, 0.0, 11.3, 5.7, 15.1, 13.7, 205.0, 0.0, 13.0, 73.0, 2020-07-24 11:00:00, 0.0
199.0, 81.0, 5.3, 0.0, 10.5, 3.3, 13.7, 16.8, 256.0, 0.0, 11.0, 60.0, 2020-07-24 12:00:00, 0.0
167.0, 73.0, 5.7, 0.0, 9.0, 7.6, 13.7, 17.1, 4.0, 0.0, 11.0, 51.0, 2020-07-24 13:00:00, 0.0
284.0, None, None, 0.2, None, 10.4, None, 14.3, None, None, None, 57.0, 2020-07-24 14:00:00, None
158.0, 51.0, 7.6, 0.0, 6.9, 9.0, 17.1, 15.3, 167.0, 0.0, 9.0, 53.0, 2020-07-24 15:00:00, 0.0
70.0, None, None, 0.0, None, 2.6, None, 13.0, None, None, None, 75.0, 2020-07-24 16:00:00, None
341.0, 53.0, 9.0, 0.8, 5.8, 10.2, 15.3, 10.6, 158.0, 0.0, 9.2, 80.0, 2020-07-24 17:00:00, 0.0
9.0, 75.0, 2.6, 1.0, 8.7, 6.2, 13.0, 9.3, 70.0, 0.0, 9.2, 97.0, 2020-07-24 18:00:00, 0.0
21.0, 80.0, 10.2, 0.0, 7.3, 5.7, 10.6, 8.6, 341.0, 0.8, 10.0, 96.0, 2020-07-24 19:00:00, None
9.0, 97.0, 6.2, 0.0, 8.8, 4.7, 9.3, 8.3, 9.0, 1.0, 11.0, 99.0, 2020-07-24 20:00:00, 0.0
22.0, 96.0, 5.7, 0.0, 8.0, 7.2, 8.6, 7.8, 21.0, 0.0, 11.0, 99.0, 2020-07-24 21:00:00, 0.0
30.0, None, None, 0.0, None, 5.2, None, 7.9, None, None, None, 98.0, 2020-07-24 22:00:00, None
12.0, 99.0, 7.2, 0.0, 7.7, 4.5, 7.8, 7.9, 22.0, 0.0, 11.0, 99.0, 2020-07-24 23:00:00, 0.0
17.0, 98.0, 5.2, 0.2, 7.6, 4.1, 7.9, 8.1, 30.0, 0.0, 9.4, 99.0, 2020-07-25 00:00:00, 0.0
12.0, 99.0, 4.5, 0.0, 7.8, 4.2, 7.9, 8.2, 12.0, 0.0, 6.4, 99.0, 2020-07-25 01:00:00, 0.0
336.0, 99.0, 4.1, 0.0, 8.0, 3.9, 8.1, 8.2, 17.0, 0.2, 4.8, 99.0, 2020-07-25 02:00:00, 0.0
110.0, 99.0, 4.2, 0.0, 8.1, 3.4, 8.2, 8.2, 12.0, 0.0, 3.0, 99.0, 2020-07-25 03:00:00, 0.0
22.0, 99.0, 3.9, 0.0, 8.1, 4.1, 8.2, 8.4, 336.0, 0.0, 2.4, 99.0, 2020-07-25 04:00:00, 0.0
245.0, 99.0, 3.4, 0.0, 8.1, 2.4, 8.2, 9.2, 110.0, 0.0, 2.4, 95.0, 2020-07-25 05:00:00, 0.0
172.0, None, None, 0.0, None, 2.8, None, 10.0, None, None, None, 95.0, 2020-07-25 06:00:00, None
184.0, 95.0, 2.4, 0.0, 8.4, 3.1, 9.2, 11.0, 245.0, 0.0, 2.2, 94.0, 2020-07-25 07:00:00, 0.0
161.0, 95.0, 2.8, 0.0, 9.2, 4.2, 10.0, 12.6, 172.0, 0.0, 2.2, 89.0, 2020-07-25 08:00:00, 0.0
218.0, 94.0, 3.1, 0.0, 10.1, 3.2, 11.0, 13.6, 184.0, 0.0, 2.2, 87.0, 2020-07-25 09:00:00, 0.0
203.0, 89.0, 4.2, 0.0, 10.8, 2.8, 12.6, 14.7, 161.0, 0.0, 2.2, 79.0, 2020-07-25 10:00:00, 0.0
191.0, 87.0, 3.2, 0.0, 11.5, 4.4, 13.6, 16.8, 218.0, 0.0, 2.2, 70.0, 2020-07-25 11:00:00, 0.0
213.0, 79.0, 2.8, 0.0, 11.1, 6.8, 14.7, 18.5, 203.0, 0.0, 2.2, 62.0, 2020-07-25 12:00:00, 0.0
244.0, 70.0, 4.4, 0.0, 11.3, 8.2, 16.8, 20.8, 191.0, 0.0, 2.2, 40.0, 2020-07-25 13:00:00, 0.0
232.0, 62.0, 6.8, 0.0, 11.1, 6.9, 18.5, 21.0, 213.0, 0.0, 2.2, 42.0, 2020-07-25 14:00:00, 0.0
176.0, 40.0, 8.2, 0.0, 6.7, 8.0, 20.8, 22.5, 244.0, 0.0, 2.2, 38.0, 2020-07-25 15:00:00, 0.0
167.0, 42.0, 6.9, 0.0, 7.6, 3.7, 21.0, 21.6, 232.0, 0.0, 2.0, 45.0, 2020-07-25 16:00:00, 0.0
199.0, 38.0, 8.0, 0.0, 7.5, 3.3, 22.5, 20.2, 176.0, 0.0, 2.0, 48.0, 2020-07-25 17:00:00, None
29.0, None, None, 0.0, None, 4.7, None, 14.2, None, None, None, 79.0, 2020-07-25 18:00:00, None
26.0, None, None, 0.0, None, 8.3, None, 12.7, None, None, None, 81.0, 2020-07-25 19:00:00, None
30.0, 79.0, 4.7, 0.0, 10.6, 7.8, 14.2, 11.9, 29.0, 0.0, 0.2, 76.0, 2020-07-25 20:00:00, 0.0
16.0, None, None, 0.0, None, 6.4, None, 10.5, None, None, None, 83.0, 2020-07-25 21:00:00, None
11.0, 76.0, 7.8, 0.0, 7.8, 7.0, 11.9, 9.7, 30.0, 0.0, 0.2, 84.0, 2020-07-25 22:00:00, 0.0
13.0, 83.0, 6.4, 0.0, 7.7, 6.1, 10.5, 9.2, 16.0, 0.0, 0.2, 84.0, 2020-07-25 23:00:00, 0.0
26.0, 84.0, 7.0, 0.0, 7.1, 5.2, 9.7, 8.9, 11.0, 0.0, 0.2, 85.0, 2020-07-26 00:00:00, 0.0
23.0, 84.0, 6.1, 0.0, 6.6, 6.0, 9.2, 8.4, 13.0, 0.0, 0.2, 84.0, 2020-07-26 01:00:00, 0.0
21.0, 85.0, 5.2, 0.0, 6.5, 5.5, 8.9, 8.2, 26.0, 0.0, 0.0, 87.0, 2020-07-26 02:00:00, 0.0
25.0, 84.0, 6.0, 0.0, 5.9, 5.6, 8.4, 8.0, 23.0, 0.0, 0.0, 85.0, 2020-07-26 03:00:00, 0.0
26.0, 87.0, 5.5, 0.0, 6.2, 4.6, 8.2, 8.0, 21.0, 0.0, 0.0, 88.0, 2020-07-26 04:00:00, 0.0
11.0, 85.0, 5.6, 0.0, 5.6, 3.6, 8.0, 7.7, 25.0, 0.0, 0.0, 90.0, 2020-07-26 05:00:00, 0.0
265.0, None, None, 0.0, None, 2.0, None, 12.3, None, None, None, 75.0, 2020-07-26 06:00:00, None
179.0, None, None, 0.0, None, 4.5, None, 14.7, None, None, None, 72.0, 2020-07-26 07:00:00, None
156.0, None, None, 0.0, None, 5.0, None, 16.9, None, None, None, 59.0, 2020-07-26 08:00:00, None
217.0, None, None, 0.0, None, 5.8, None, 18.8, None, None, None, 53.0, 2020-07-26 09:00:00, None
203.0, None, None, 0.0, None, 6.0, None, 21.0, None, None, None, 43.0, 2020-07-26 10:00:00, None
199.0, None, None, 0.0, None, 6.4, None, 23.1, None, None, None, 42.0, 2020-07-26 11:00:00, None
237.0, None, None, 0.0, None, 8.2, None, 24.3, None, None, None, 34.0, 2020-07-26 12:00:00, None
193.0, None, None, 0.0, None, 6.9, None, 25.9, None, None, None, 36.0, 2020-07-26 13:00:00, None
194.0, None, None, 0.0, None, 7.4, None, 27.0, None, None, None, 36.0, 2020-07-26 14:00:00, None
163.0, None, None, 0.0, None, 5.8, None, 27.3, None, None, None, 35.0, 2020-07-26 15:00:00, None
197.0, None, None, 0.0, None, 6.1, None, 27.3, None, None, None, 28.0, 2020-07-26 16:00:00, None
24.0, None, None, 0.0, None, 5.1, None, 24.6, None, None, None, 46.0, 2020-07-26 17:00:00, None
17.0, None, None, 0.0, None, 4.8, None, 18.0, None, None, None, 67.0, 2020-07-26 18:00:00, None
39.0, None, None, 0.0, None, 8.3, None, 17.2, None, None, None, 61.0, 2020-07-26 19:00:00, None
28.0, None, None, 0.0, None, 8.2, None, 15.7, None, None, None, 68.0, 2020-07-26 20:00:00, None
27.0, None, None, 0.0, None, 6.3, None, 15.0, None, None, None, 69.0, 2020-07-26 21:00:00, None
27.0, None, None, 0.0, None, 8.1, None, 14.3, None, None, None, 71.0, 2020-07-26 22:00:00, None
25.0, None, None, 0.0, None, 5.4, None, 14.0, None, None, None, 72.0, 2020-07-26 23:00:00, None
27.0, None, None, 0.0, None, 7.7, None, 12.9, None, None, None, 73.0, 2020-07-27 00:00:00, None
34.0, None, None, 0.0, None, 5.2, None, 12.8, None, None, None, 75.0, 2020-07-27 01:00:00, None
10.0, None, None, 0.0, None, 3.5, None, 12.1, None, None, None, 77.0, 2020-07-27 02:00:00, None
24.0, 75.0, 5.2, 0.0, 8.5, 4.0, 12.8, 12.0, 34.0, 0.0, 0.0, 77.0, 2020-07-27 03:00:00, 0.0
49.0, 77.0, 3.5, 0.0, 8.2, 5.0, 12.1, 12.0, 10.0, 0.0, 0.0, 81.0, 2020-07-27 04:00:00, 0.0
33.0, 77.0, 4.0, 0.0, 8.1, 3.3, 12.0, 11.6, 24.0, 0.0, 0.0, 85.0, 2020-07-27 05:00:00, 0.0
120.0, 81.0, 5.0, 0.0, 8.8, 5.1, 12.0, 15.7, 49.0, 0.0, 0.0, 74.0, 2020-07-27 06:00:00, 0.0
144.0, 85.0, 3.3, 0.0, 9.2, 5.9, 11.6, 18.5, 33.0, 0.0, 0.0, 65.0, 2020-07-27 07:00:00, 0.0
171.0, 74.0, 5.1, 0.0, 11.1, 5.8, 15.7, 20.3, 120.0, 0.0, 0.0, 58.0, 2020-07-27 08:00:00, 0.0
136.0, 65.0, 5.9, 0.0, 11.8, 8.7, 18.5, 21.9, 144.0, 0.0, 0.0, 47.0, 2020-07-27 09:00:00, 0.0
161.0, 58.0, 5.8, 0.0, 11.8, 7.6, 20.3, 24.7, 171.0, 0.0, 0.0, 39.0, 2020-07-27 10:00:00, 0.0
154.0, 47.0, 8.7, 0.0, 10.1, 6.7, 21.9, 27.1, 136.0, 0.0, 0.0, 37.0, 2020-07-27 11:00:00, 0.0
159.0, 39.0, 7.6, 0.0, 9.8, 6.4, 24.7, 29.0, 161.0, 0.0, 0.0, 32.0, 2020-07-27 12:00:00, 0.0
133.0, 37.0, 6.7, 0.0, 11.2, 9.6, 27.1, 29.9, 154.0, 0.0, 0.0, 26.0, 2020-07-27 13:00:00, 0.0
172.0, 32.0, 6.4, 0.0, 10.6, 7.6, 29.0, 31.5, 159.0, 0.0, 0.0, 30.0, 2020-07-27 14:00:00, 0.0
181.0, None, None, 0.0, None, 6.0, None, 31.4, None, None, None, 25.0, 2020-07-27 15:00:00, None
162.0, 30.0, 7.6, 0.0, 11.8, 3.7, 31.5, 32.2, 172.0, 0.0, 0.0, 25.0, 2020-07-27 16:00:00, 0.0
82.0, None, None, 0.0, None, 3.3, None, 27.8, None, None, None, 40.0, 2020-07-27 17:00:00, None
23.0, 25.0, 3.7, 0.0, 9.7, 5.2, 32.2, 21.4, 162.0, 0.0, 0.0, 59.0, 2020-07-27 18:00:00, 0.0
22.0, None, None, 0.0, None, 8.0, None, 19.8, None, None, None, 56.0, 2020-07-27 19:00:00, None
18.0, 59.0, 5.2, 0.0, 13.1, 6.1, 21.4, 18.5, 23.0, 0.0, 0.0, 60.0, 2020-07-27 20:00:00, 0.0
29.0, 56.0, 8.0, 0.0, 10.8, 5.1, 19.8, 17.9, 22.0, 0.0, 0.0, 63.0, 2020-07-27 21:00:00, 0.0
30.0, 60.0, 6.1, 0.0, 10.6, 6.2, 18.5, 17.3, 18.0, 0.0, 0.0, 62.0, 2020-07-27 22:00:00, 0.0
40.0, 63.0, 5.1, 0.0, 10.8, 5.0, 17.9, 17.1, 29.0, 0.0, 0.0, 61.0, 2020-07-27 23:00:00, 0.0
30.0, 62.0, 6.2, 0.0, 10.0, 5.6, 17.3, 16.2, 30.0, 0.0, 0.0, 67.0, 2020-07-28 00:00:00, 0.0
33.0, 61.0, 5.0, 0.0, 9.5, 5.7, 17.1, 15.8, 40.0, 0.0, 0.0, 67.0, 2020-07-28 01:00:00, 0.0
18.0, 67.0, 5.6, 0.0, 10.1, 4.8, 16.2, 15.1, 30.0, 0.0, 0.0, 75.0, 2020-07-28 02:00:00, 0.0
69.0, 67.0, 5.7, 0.0, 9.7, 4.7, 15.8, 14.9, 33.0, 0.0, 0.0, 72.0, 2020-07-28 03:00:00, 0.0
81.0, 75.0, 4.8, 0.0, 10.7, 3.1, 15.1, 14.2, 18.0, 0.0, 0.0, 80.0, 2020-07-28 04:00:00, 0.0
342.0, 72.0, 4.7, 0.0, 9.9, 2.7, 14.9, 13.6, 69.0, 0.0, 0.0, 86.0, 2020-07-28 05:00:00, 0.0
224.0, 80.0, 3.1, 0.0, 10.8, 2.9, 14.2, 17.5, 81.0, 0.0, 0.0, 75.0, 2020-07-28 06:00:00, 0.0
148.0, 86.0, 2.7, 0.0, 11.3, 4.9, 13.6, 21.1, 342.0, 0.0, 0.0, 58.0, 2020-07-28 07:00:00, 0.0
169.0, 75.0, 2.9, 0.0, 13.0, 5.1, 17.5, 23.0, 224.0, 0.0, 0.0, 55.0, 2020-07-28 08:00:00, 0.0
175.0, 58.0, 4.9, 0.0, 12.5, 6.3, 21.1, 24.6, 148.0, 0.0, 0.0, 44.0, 2020-07-28 09:00:00, 0.0
165.0, None, None, 0.0, None, 5.8, None, 26.5, None, None, None, 38.0, 2020-07-28 10:00:00, None
206.0, None, None, 0.0, None, 6.4, None, 28.3, None, None, None, 39.0, 2020-07-28 11:00:00, None
164.0, 38.0, 5.8, 0.0, 11.0, 5.1, 26.5, 30.3, 165.0, 0.0, 0.0, 36.0, 2020-07-28 12:00:00, 0.0
173.0, 39.0, 6.4, 0.0, 13.0, 6.6, 28.3, 30.6, 206.0, 0.0, 0.0, 28.0, 2020-07-28 13:00:00, 0.0
178.0, 36.0, 5.1, 0.0, 13.6, 8.3, 30.3, 32.9, 164.0, 0.0, 0.0, 21.0, 2020-07-28 14:00:00, 0.0
205.0, 28.0, 6.6, 0.0, 10.0, 5.5, 30.6, 32.6, 173.0, 0.0, 0.0, 24.0, 2020-07-28 15:00:00, 0.0
317.0, 21.0, 8.3, 0.0, 7.7, 4.3, 32.9, 28.3, 178.0, 0.0, 0.0, 29.0, 2020-07-28 16:00:00, 0.0
303.0, None, None, 0.0, None, 8.0, None, 28.6, None, None, None, 26.0, 2020-07-28 17:00:00, None
316.0, 29.0, 4.3, 0.0, 8.6, 8.7, 28.3, 24.0, 317.0, 0.0, 0.0, 37.0, 2020-07-28 18:00:00, 0.0
11.0, 26.0, 8.0, 0.0, 7.2, 8.9, 28.6, 20.4, 303.0, 0.0, 0.0, 44.0, 2020-07-28 19:00:00, 0.0
29.0, 37.0, 8.7, 0.0, 8.4, 8.1, 24.0, 18.8, 316.0, 0.0, 0.0, 56.0, 2020-07-28 20:00:00, 0.0
36.0, None, None, 0.0, None, 7.2, None, 18.6, None, None, None, 51.0, 2020-07-28 21:00:00, None
359.0, 56.0, 8.1, 0.0, 9.8, 8.1, 18.8, 17.3, 29.0, 0.0, 0.0, 54.0, 2020-07-28 22:00:00, 0.0
21.0, 51.0, 7.2, 0.0, 8.3, 6.8, 18.6, 17.1, 36.0, 0.0, 0.0, 55.0, 2020-07-28 23:00:00, 0.0
15.0, 54.0, 8.1, 0.0, 7.9, 5.9, 17.3, 16.1, 359.0, 0.0, 0.0, 60.0, 2020-07-29 00:00:00, 0.0
20.0, 55.0, 6.8, 0.0, 8.0, 5.4, 17.1, 15.5, 21.0, 0.0, 0.0, 59.0, 2020-07-29 01:00:00, 0.0
21.0, 60.0, 5.9, 0.0, 8.3, 7.0, 16.1, 14.7, 15.0, 0.0, 0.0, 62.0, 2020-07-29 02:00:00, 0.0
30.0, 59.0, 5.4, 0.0, 7.5, 5.0, 15.5, 14.5, 20.0, 0.0, 0.0, 66.0, 2020-07-29 03:00:00, 0.0
14.0, 62.0, 7.0, 0.0, 7.5, 4.4, 14.7, 14.3, 21.0, 0.0, 0.0, 66.0, 2020-07-29 04:00:00, 0.0
21.0, 66.0, 5.0, 0.0, 8.2, 2.7, 14.5, 14.8, 30.0, 0.0, 0.0, 73.0, 2020-07-29 05:00:00, 0.0
269.0, 66.0, 4.4, 0.0, 8.0, 2.4, 14.3, 19.4, 14.0, 0.0, 0.0, 62.0, 2020-07-29 06:00:00, 0.0
232.0, 73.0, 2.7, 0.0, 10.0, 3.1, 14.8, 19.9, 21.0, 0.0, 0.0, 62.0, 2020-07-29 07:00:00, 0.0
202.0, 62.0, 2.4, 0.0, 11.9, 5.5, 19.4, 21.8, 269.0, 0.0, 0.0, 62.0, 2020-07-29 08:00:00, 0.0
210.0, 62.0, 3.1, 0.0, 12.4, 5.0, 19.9, 23.2, 232.0, 0.0, 0.0, 51.0, 2020-07-29 09:00:00, 0.0
202.0, 62.0, 5.5, 0.0, 14.2, 5.9, 21.8, 25.5, 202.0, 0.0, 0.0, 44.0, 2020-07-29 10:00:00, 0.0
219.0, 51.0, 5.0, 0.0, 12.5, 7.1, 23.2, 28.5, 210.0, 0.0, 0.0, 33.0, 2020-07-29 11:00:00, 0.0
193.0, None, None, 0.0, None, 7.0, None, 30.1, None, None, None, 31.0, 2020-07-29 12:00:00, None
244.0, 33.0, 7.1, 0.0, 10.7, 5.1, 28.5, 29.1, 219.0, 0.0, 0.0, 29.0, 2020-07-29 13:00:00, 0.0
231.0, 31.0, 7.0, 0.0, 11.1, 10.4, 30.1, 31.2, 193.0, 0.0, 0.0, 24.0, 2020-07-29 14:00:00, 0.0
220.0, 29.0, 5.1, 0.0, 9.3, 8.3, 29.1, 31.8, 244.0, 0.0, 0.0, 26.0, 2020-07-29 15:00:00, 0.0
231.0, 24.0, 10.4, 0.0, 8.2, 7.2, 31.2, 31.7, 231.0, 0.0, 0.0, 23.0, 2020-07-29 16:00:00, 0.0
40.0, 26.0, 8.3, 0.0, 9.9, 3.6, 31.8, 28.7, 220.0, 0.0, 0.0, 28.0, 2020-07-29 17:00:00, 0.0
40.0, 23.0, 7.2, 0.0, 8.0, 7.7, 31.7, 22.7, 231.0, 0.0, 0.0, 45.0, 2020-07-29 18:00:00, 0.0
23.0, 28.0, 3.6, 0.0, 8.4, 10.7, 28.7, 20.0, 40.0, 0.0, 0.0, 47.0, 2020-07-29 19:00:00, 0.0
24.0, 45.0, 7.7, 0.0, 10.2, 8.9, 22.7, 18.4, 40.0, 0.0, 0.0, 48.0, 2020-07-29 20:00:00, 0.0
20.0, None, None, 0.0, None, 6.3, None, 18.2, None, None, None, 52.0, 2020-07-29 21:00:00, None
7.0, 48.0, 8.9, 0.0, 7.2, 5.9, 18.4, 17.3, 24.0, 0.0, 0.0, 58.0, 2020-07-29 22:00:00, 0.0
27.0, 52.0, 6.3, 0.0, 8.2, 7.4, 18.2, 16.8, 20.0, 0.0, 0.0, 55.0, 2020-07-29 23:00:00, 0.0
19.0, 58.0, 5.9, 0.0, 9.0, 7.2, 17.3, 15.9, 7.0, 0.0, 0.0, 58.0, 2020-07-30 00:00:00, 0.0
16.0, 55.0, 7.4, 0.0, 7.7, 5.6, 16.8, 15.4, 27.0, 0.0, 0.0, 57.0, 2020-07-30 01:00:00, 0.0
77.0, 58.0, 7.2, 0.0, 7.7, 5.3, 15.9, 15.9, 19.0, 0.0, 0.0, 55.0, 2020-07-30 02:00:00, 0.0
28.0, 57.0, 5.6, 0.0, 6.9, 4.7, 15.4, 14.2, 16.0, 0.0, 0.0, 62.0, 2020-07-30 03:00:00, 0.0
17.0, 55.0, 5.3, 0.0, 6.9, 5.6, 15.9, 14.0, 77.0, 0.0, 0.0, 65.0, 2020-07-30 04:00:00, 0.0
22.0, 62.0, 4.7, 0.0, 7.0, 5.0, 14.2, 13.7, 28.0, 0.0, 0.0, 70.0, 2020-07-30 05:00:00, 0.0
141.0, 65.0, 5.6, 0.0, 7.5, 3.6, 14.0, 17.8, 17.0, 0.0, 0.0, 60.0, 2020-07-30 06:00:00, 0.0
204.0, 70.0, 5.0, 0.0, 8.3, 3.8, 13.7, 20.0, 22.0, 0.0, 0.0, 60.0, 2020-07-30 07:00:00, 0.0
163.0, 60.0, 3.6, 0.0, 9.9, 4.7, 17.8, 22.6, 141.0, 0.0, 0.0, 47.0, 2020-07-30 08:00:00, 0.0
172.0, 60.0, 3.8, 0.0, 12.0, 5.4, 20.0, 24.2, 204.0, 0.0, 0.0, 45.0, 2020-07-30 09:00:00, 0.0
177.0, 47.0, 4.7, 0.0, 10.7, 6.1, 22.6, 26.2, 163.0, 0.0, 0.0, 33.0, 2020-07-30 10:00:00, 0.0
161.0, None, None, 0.0, None, 6.0, None, 28.6, None, None, None, 29.0, 2020-07-30 11:00:00, None
174.0, 33.0, 6.1, 0.0, 8.7, 6.7, 26.2, 30.7, 177.0, 0.0, 0.0, 26.0, 2020-07-30 12:00:00, 0.0
147.0, 29.0, 6.0, 0.0, 8.8, 5.2, 28.6, 31.8, 161.0, 0.0, 0.0, 23.0, 2020-07-30 13:00:00, 0.0
164.0, 26.0, 6.7, 0.0, 9.0, 7.2, 30.7, 31.9, 174.0, 0.0, 0.0, 25.0, 2020-07-30 14:00:00, 0.0
153.0, 23.0, 5.2, 0.0, 8.1, 5.0, 31.8, 32.6, 147.0, 0.0, 0.0, 20.0, 2020-07-30 15:00:00, 0.0
125.0, 25.0, 7.2, 0.0, 9.4, 4.4, 31.9, 31.6, 164.0, 0.0, 0.0, 28.0, 2020-07-30 16:00:00, 0.0
85.0, 20.0, 5.0, 0.0, 6.7, 2.7, 32.6, 28.7, 153.0, 0.0, 0.0, 44.0, 2020-07-30 17:00:00, 0.0
8.0, None, None, 0.0, None, 5.0, None, 22.2, None, None, None, 58.0, 2020-07-30 18:00:00, None
34.0, None, None, 0.0, None, 8.8, None, 21.2, None, None, None, 47.0, 2020-07-30 19:00:00, None
25.0, None, None, 0.0, None, 7.7, None, 19.8, None, None, None, 52.0, 2020-07-30 20:00:00, None
35.0, 47.0, 8.8, 0.0, 9.4, 10.3, 21.2, 19.2, 34.0, 0.0, 0.0, 53.0, 2020-07-30 21:00:00, 0.0
30.0, 52.0, 7.7, 0.0, 9.7, 6.5, 19.8, 18.6, 25.0, 0.0, 0.0, 51.0, 2020-07-30 22:00:00, 0.0
25.0, 53.0, 10.3, 0.0, 9.4, 7.4, 19.2, 18.0, 35.0, 0.0, 0.0, 55.0, 2020-07-30 23:00:00, 0.0
26.0, 51.0, 6.5, 0.0, 8.3, 5.2, 18.6, 17.2, 30.0, 0.0, 0.0, 56.0, 2020-07-31 00:00:00, 0.0
30.0, 55.0, 7.4, 0.0, 8.8, 6.5, 18.0, 16.5, 25.0, 0.0, 0.0, 59.0, 2020-07-31 01:00:00, 0.0
25.0, 56.0, 5.2, 0.0, 8.4, 4.8, 17.2, 16.0, 26.0, 0.0, 0.0, 60.0, 2020-07-31 02:00:00, 0.0
32.0, 59.0, 6.5, 0.0, 8.5, 5.5, 16.5, 15.7, 30.0, 0.0, 0.0, 59.0, 2020-07-31 03:00:00, 0.0
68.0, 60.0, 4.8, 0.0, 8.2, 3.3, 16.0, 14.9, 25.0, 0.0, 0.0, 75.0, 2020-07-31 04:00:00, 0.0
71.0, 59.0, 5.5, 0.0, 7.7, 2.4, 15.7, 14.3, 32.0, 0.0, 0.0, 75.0, 2020-07-31 05:00:00, 0.0
76.0, None, None, 0.0, None, 2.2, None, 18.0, None, None, None, 72.0, 2020-07-31 06:00:00, None
153.0, None, None, 0.0, None, 4.4, None, 20.6, None, None, None, 64.0, 2020-07-31 07:00:00, None
163.0, 72.0, 2.2, 0.0, 12.9, 4.9, 18.0, 23.1, 76.0, 0.0, 0.0, 56.0, 2020-07-31 08:00:00, 0.0
163.0, 64.0, 4.4, 0.0, 13.6, 6.2, 20.6, 24.7, 153.0, 0.0, 0.0, 45.0, 2020-07-31 09:00:00, 0.0
152.0, 56.0, 4.9, 0.0, 13.9, 7.7, 23.1, 26.7, 163.0, 0.0, 0.0, 42.0, 2020-07-31 10:00:00, 0.0
167.0, 45.0, 6.2, 0.0, 12.0, 5.3, 24.7, 29.8, 163.0, 0.0, 0.0, 33.0, 2020-07-31 11:00:00, 0.0
202.0, 42.0, 7.7, 0.0, 12.7, 6.6, 26.7, 31.7, 152.0, 0.0, 0.0, 30.0, 2020-07-31 12:00:00, 0.0
160.0, 33.0, 5.3, 0.0, 11.8, 5.0, 29.8, 33.2, 167.0, 0.0, 0.0, 28.0, 2020-07-31 13:00:00, 0.0
165.0, 30.0, 6.6, 0.0, 12.0, 6.9, 31.7, 33.9, 202.0, 0.0, 0.0, 20.0, 2020-07-31 14:00:00, 0.0
132.0, 28.0, 5.0, 0.0, 12.2, 5.5, 33.2, 33.6, 160.0, 0.0, 0.0, 20.0, 2020-07-31 15:00:00, 0.0
47.0, 20.0, 6.9, 0.0, 7.8, 3.6, 33.9, 28.8, 165.0, 0.0, 0.0, 36.0, 2020-07-31 16:00:00, 0.0
27.0, 20.0, 5.5, 0.0, 7.6, 5.3, 33.6, 26.2, 132.0, 0.0, 0.0, 46.0, 2020-07-31 17:00:00, 0.0
23.0, 36.0, 3.6, 0.0, 12.3, 8.0, 28.8, 23.2, 47.0, 0.0, 0.0, 51.0, 2020-07-31 18:00:00, 0.0
31.0, 46.0, 5.3, 0.0, 13.7, 9.2, 26.2, 21.7, 27.0, 0.0, 0.0, 49.0, 2020-07-31 19:00:00, 0.0
5.0, 51.0, 8.0, 0.0, 12.5, 6.5, 23.2, 20.6, 23.0, 0.0, 0.0, 47.0, 2020-07-31 20:00:00, 0.0
33.0, 49.0, 9.2, 0.0, 10.5, 8.5, 21.7, 20.4, 31.0, 0.0, 0.0, 49.0, 2020-07-31 21:00:00, 0.0
21.0, 47.0, 6.5, 0.0, 8.9, 5.7, 20.6, 20.6, 5.0, 0.0, 0.0, 51.0, 2020-07-31 22:00:00, 0.0
18.0, 49.0, 8.5, 0.0, 9.3, 5.5, 20.4, 19.5, 33.0, 0.0, 0.0, 54.0, 2020-07-31 23:00:00, 0.0
24.0, 51.0, 5.7, 0.0, 10.1, 7.7, 20.6, 19.3, 21.0, 0.0, 0.0, 52.0, 2020-08-01 00:00:00, 0.0
10.0, 54.0, 5.5, 0.0, 10.0, 6.7, 19.5, 20.4, 18.0, 0.0, 0.0, 64.0, 2020-08-01 01:00:00, 0.0
0.0, 52.0, 7.7, 2.0, 9.2, 9.0, 19.3, 16.5, 24.0, 0.0, 0.0, 89.0, 2020-08-01 02:00:00, 0.0
18.0, 64.0, 6.7, 0.0, 13.4, 9.0, 20.4, 15.5, 10.0, 0.0, 0.0, 94.0, 2020-08-01 03:00:00, 0.0
2.0, 89.0, 9.0, 0.0, 14.7, 7.4, 16.5, 15.2, 0.0, 2.0, 2.0, 90.0, 2020-08-01 04:00:00, 0.0
17.0, 94.0, 9.0, 2.4, 14.5, 8.7, 15.5, 15.2, 18.0, 0.0, 2.0, 96.0, 2020-08-01 05:00:00, 0.0
16.0, 90.0, 7.4, 0.0, 13.6, 7.5, 15.2, 15.9, 2.0, 0.0, 2.0, 96.0, 2020-08-01 06:00:00, 0.0
184.0, 96.0, 8.7, 0.0, 14.6, 3.7, 15.2, 20.1, 17.0, 2.4, 4.4, 84.0, 2020-08-01 07:00:00, 0.0
167.0, 96.0, 7.5, 0.0, 15.3, 3.7, 15.9, 22.4, 16.0, 0.0, 4.4, 75.0, 2020-08-01 08:00:00, 0.0
217.0, 84.0, 3.7, 0.0, 17.3, 4.6, 20.1, 23.5, 184.0, 0.0, 4.4, 65.0, 2020-08-01 09:00:00, 0.0
186.0, 75.0, 3.7, 0.0, 17.8, 5.3, 22.4, 26.0, 167.0, 0.0, 4.4, 53.0, 2020-08-01 10:00:00, 0.0
163.0, 65.0, 4.6, 0.0, 16.5, 4.6, 23.5, 28.8, 217.0, 0.0, 4.4, 43.0, 2020-08-01 11:00:00, None
164.0, None, None, 0.0, None, 5.8, None, 30.6, None, None, None, 36.0, 2020-08-01 12:00:00, None
167.0, 43.0, 4.6, 0.0, 15.0, 4.4, 28.8, 31.9, 163.0, 0.0, 4.4, 37.0, 2020-08-01 13:00:00, 0.0
200.0, 36.0, 5.8, 0.0, 13.8, 6.0, 30.6, 32.5, 164.0, 0.0, 4.4, 28.0, 2020-08-01 14:00:00, 0.0
227.0, None, None, 0.0, None, 7.6, None, 32.2, None, None, None, 33.0, 2020-08-01 15:00:00, None
16.0, None, None, 0.0, None, 6.0, None, 24.8, None, None, None, 58.0, 2020-08-01 16:00:00, None
333.0, 33.0, 7.6, 0.0, 13.9, 8.2, 32.2, 25.7, 227.0, 0.0, 4.4, 57.0, 2020-08-01 17:00:00, 0.0
36.0, 58.0, 6.0, 0.0, 16.0, 5.6, 24.8, 23.4, 16.0, 0.0, 4.4, 57.0, 2020-08-01 18:00:00, 0.0
110.0, 57.0, 8.2, 0.0, 16.5, 6.2, 25.7, 22.4, 333.0, 0.0, 4.4, 59.0, 2020-08-01 19:00:00, 0.0
105.0, 57.0, 5.6, 0.0, 14.4, 10.4, 23.4, 21.0, 36.0, 0.0, 4.4, 56.0, 2020-08-01 20:00:00, 0.0
50.0, 59.0, 6.2, 0.0, 14.0, 9.3, 22.4, 19.7, 110.0, 0.0, 4.4, 60.0, 2020-08-01 21:00:00, 0.0
92.0, 56.0, 10.4, 0.0, 11.9, 8.2, 21.0, 18.3, 105.0, 0.0, 4.4, 71.0, 2020-08-01 22:00:00, 0.0
71.0, 60.0, 9.3, 0.0, 11.7, 10.6, 19.7, 18.6, 50.0, 0.0, 4.4, 66.0, 2020-08-01 23:00:00, 0.0
65.0, 71.0, 8.2, 0.0, 13.0, 5.2, 18.3, 16.8, 92.0, 0.0, 4.4, 71.0, 2020-08-02 00:00:00, 0.0
94.0, 66.0, 10.6, 0.0, 12.1, 4.3, 18.6, 16.7, 71.0, 0.0, 4.4, 73.0, 2020-08-02 01:00:00, 0.0
335.0, 71.0, 5.2, 0.0, 11.5, 6.7, 16.8, 16.7, 65.0, 0.0, 4.4, 77.0, 2020-08-02 02:00:00, 0.0
69.0, 73.0, 4.3, 0.0, 11.8, 5.3, 16.7, 16.2, 94.0, 0.0, 4.4, 79.0, 2020-08-02 03:00:00, 0.0
301.0, 77.0, 6.7, 0.0, 12.7, 4.3, 16.7, 16.2, 335.0, 0.0, 2.4, 83.0, 2020-08-02 04:00:00, 0.0
84.0, 79.0, 5.3, 0.0, 12.6, 4.1, 16.2, 16.4, 69.0, 0.0, 2.4, 80.0, 2020-08-02 05:00:00, 0.0
167.0, 83.0, 4.3, 0.0, 13.3, 2.5, 16.2, 19.4, 301.0, 0.0, 2.4, 70.0, 2020-08-02 06:00:00, 0.0
153.0, 80.0, 4.1, 0.0, 12.9, 6.3, 16.4, 20.3, 84.0, 0.0, 0.0, 66.0, 2020-08-02 07:00:00, 0.0
146.0, None, None, 0.0, None, 6.4, None, 23.3, None, None, None, 59.0, 2020-08-02 08:00:00, None
149.0, None, None, 0.0, None, 7.2, None, 24.7, None, None, None, 50.0, 2020-08-02 09:00:00, None
140.0, 59.0, 6.4, 0.0, 14.8, 5.5, 23.3, 25.7, 146.0, 0.0, 0.0, 42.0, 2020-08-02 10:00:00, 0.0
190.0, 50.0, 7.2, 0.0, 13.6, 6.5, 24.7, 28.6, 149.0, 0.0, 0.0, 39.0, 2020-08-02 11:00:00, 0.0
213.0, 42.0, 5.5, 0.0, 11.8, 5.1, 25.7, 28.5, 140.0, 0.0, 0.0, 38.0, 2020-08-02 12:00:00, 0.0
12.0, 39.0, 6.5, 0.0, 13.3, 3.2, 28.6, 27.0, 190.0, 0.0, 0.0, 43.0, 2020-08-02 13:00:00, 0.0
214.0, 38.0, 5.1, 0.0, 12.8, 5.0, 28.5, 30.0, 213.0, 0.0, 0.0, 32.0, 2020-08-02 14:00:00, 0.0
341.0, 43.0, 3.2, 0.0, 13.4, 4.4, 27.0, 25.5, 12.0, 0.0, 0.0, 58.0, 2020-08-02 15:00:00, 0.0
310.0, 32.0, 5.0, 0.0, 11.5, 3.6, 30.0, 28.1, 214.0, 0.0, 0.0, 50.0, 2020-08-02 16:00:00, 0.0
356.0, 58.0, 4.4, 0.0, 16.6, 5.4, 25.5, 24.1, 341.0, 0.0, 0.0, 56.0, 2020-08-02 17:00:00, 0.0
18.0, 50.0, 3.6, 0.0, 16.7, 7.7, 28.1, 22.1, 310.0, 0.0, 0.0, 61.0, 2020-08-02 18:00:00, 0.0
18.0, None, None, 0.0, None, 6.7, None, 21.5, None, None, None, 58.0, 2020-08-02 19:00:00, None
12.0, None, None, 0.0, None, 7.0, None, 20.6, None, None, None, 57.0, 2020-08-02 20:00:00, None
44.0, None, None, 0.0, None, 7.6, None, 19.8, None, None, None, 58.0, 2020-08-02 21:00:00, None
18.0, 57.0, 7.0, 0.0, 11.8, 6.9, 20.6, 18.9, 12.0, 0.0, None, 60.0, 2020-08-02 22:00:00, 0.0
359.0, 58.0, 7.6, 0.0, 11.3, 5.1, 19.8, 18.9, 44.0, 0.0, 0.0, 58.0, 2020-08-02 23:00:00, 0.0
29.0, 60.0, 6.9, 0.0, 11.0, 7.0, 18.9, 18.4, 18.0, 0.0, 0.0, 57.0, 2020-08-03 00:00:00, 0.0
14.0, 58.0, 5.1, 0.0, 10.5, 6.2, 18.9, 17.3, 359.0, 0.0, 0.0, 58.0, 2020-08-03 01:00:00, 0.0
352.0, 57.0, 7.0, 0.0, 9.7, 8.3, 18.4, 17.3, 29.0, 0.0, 0.0, 51.0, 2020-08-03 02:00:00, 0.0
15.0, 58.0, 6.2, 0.0, 9.0, 7.8, 17.3, 17.2, 14.0, 0.0, 0.0, 53.0, 2020-08-03 03:00:00, 0.0
347.0, 51.0, 8.3, 0.0, 7.1, 8.1, 17.3, 17.1, 352.0, 0.0, 0.0, 56.0, 2020-08-03 04:00:00, 0.0
339.0, 53.0, 7.8, 0.0, 7.5, 8.7, 17.2, 17.4, 15.0, 0.0, 0.0, 57.0, 2020-08-03 05:00:00, 0.0
338.0, 56.0, 8.1, 0.0, 8.3, 9.5, 17.1, 18.1, 347.0, 0.0, 0.0, 54.0, 2020-08-03 06:00:00, 0.0
356.0, 57.0, 8.7, 0.0, 8.8, 5.2, 17.4, 17.3, 339.0, 0.0, 0.0, 62.0, 2020-08-03 07:00:00, 0.0
350.0, 54.0, 9.5, 0.4, 8.7, 10.0, 18.1, 15.7, 338.0, 0.0, 0.0, 83.0, 2020-08-03 08:00:00, 0.0
340.0, 62.0, 5.2, 0.4, 10.0, 5.7, 17.3, 14.6, 356.0, 0.0, 0.0, 88.0, 2020-08-03 09:00:00, 0.0
163.0, 83.0, 10.0, 0.0, 12.8, 7.8, 15.7, 20.9, 350.0, 0.4, 0.4, 56.0, 2020-08-03 10:00:00, 0.0
307.0, 88.0, 5.7, 0.2, 12.6, 8.2, 14.6, 17.3, 340.0, 0.4, 0.8, 79.0, 2020-08-03 11:00:00, 0.0
199.0, 56.0, 7.8, 0.0, 11.8, 7.3, 20.9, 23.5, 163.0, 0.0, 0.8, 56.0, 2020-08-03 12:00:00, 0.0
177.0, 79.0, 8.2, 0.0, 13.6, 6.8, 17.3, 24.6, 307.0, 0.2, 1.0, 39.0, 2020-08-03 13:00:00, 0.0
11.0, 56.0, 7.3, 0.2, 14.2, 12.2, 23.5, 18.1, 199.0, 0.0, 1.0, 67.0, 2020-08-03 14:00:00, 0.0
118.0, 39.0, 6.8, 0.2, 9.7, 4.6, 24.6, 23.9, 177.0, 0.0, 1.0, 44.0, 2020-08-03 15:00:00, 0.0
98.0, 67.0, 12.2, 0.0, 11.9, 3.9, 18.1, 21.9, 11.0, 0.2, 1.2, 48.0, 2020-08-03 16:00:00, 0.0
77.0, 44.0, 4.6, 0.0, 10.9, 4.3, 23.9, 19.7, 118.0, 0.2, 1.4, 65.0, 2020-08-03 17:00:00, 0.0
325.0, 48.0, 3.9, 0.0, 10.4, 6.6, 21.9, 16.9, 98.0, 0.0, 1.4, 66.0, 2020-08-03 18:00:00, 0.0
8.0, None, None, 0.4, None, 8.1, None, 13.3, None, None, None, 91.0, 2020-08-03 19:00:00, None
31.0, 66.0, 6.6, 0.0, 10.5, 7.7, 16.9, 12.6, 325.0, 0.0, 1.4, 89.0, 2020-08-03 20:00:00, 0.0
24.0, 91.0, 8.1, 0.0, 11.9, 9.0, 13.3, 12.8, 8.0, 0.4, 1.8, 85.0, 2020-08-03 21:00:00, 0.0
327.0, 89.0, 7.7, 0.0, 10.8, 7.2, 12.6, 14.1, 31.0, 0.0, 1.8, 82.0, 2020-08-03 22:00:00, 0.0
12.0, 85.0, 9.0, 0.4, 10.3, 6.2, 12.8, 13.2, 24.0, 0.0, 1.8, 93.0, 2020-08-03 23:00:00, 0.0
24.0, 82.0, 7.2, 0.0, 11.1, 4.1, 14.1, 12.9, 327.0, 0.0, 1.8, 92.0, 2020-08-04 00:00:00, 0.0
11.0, 93.0, 6.2, 0.0, 12.1, 4.1, 13.2, 12.1, 12.0, 0.4, 2.2, 92.0, 2020-08-04 01:00:00, 0.0
31.0, 92.0, 4.1, 0.0, 11.6, 6.1, 12.9, 11.6, 24.0, 0.0, 2.2, 88.0, 2020-08-04 02:00:00, 0.0
3.0, 92.0, 4.1, 0.0, 10.8, 4.7, 12.1, 11.7, 11.0, 0.0, 2.2, 88.0, 2020-08-04 03:00:00, 0.0
23.0, 88.0, 6.1, 0.0, 9.7, 5.2, 11.6, 11.1, 31.0, 0.0, 2.2, 88.0, 2020-08-04 04:00:00, 0.0
13.0, 88.0, 4.7, 0.0, 9.8, 4.2, 11.7, 10.8, 3.0, 0.0, 2.2, 91.0, 2020-08-04 05:00:00, 0.0
256.0, 88.0, 5.2, 0.0, 9.2, 6.1, 11.1, 14.4, 23.0, 0.0, 2.2, 85.0, 2020-08-04 06:00:00, 0.0
243.0, 91.0, 4.2, 0.0, 9.4, 6.9, 10.8, 16.4, 13.0, 0.0, 2.2, 77.0, 2020-08-04 07:00:00, 0.0
227.0, 85.0, 6.1, 0.0, 11.9, 7.0, 14.4, 18.7, 256.0, 0.0, 2.2, 69.0, 2020-08-04 08:00:00, 0.0
199.0, 77.0, 6.9, 0.0, 12.4, 7.1, 16.4, 21.0, 243.0, 0.0, 2.2, 62.0, 2020-08-04 09:00:00, 0.0
268.0, 69.0, 7.0, 0.0, 12.9, 11.6, 18.7, 22.8, 227.0, 0.0, 1.8, 43.0, 2020-08-04 10:00:00, 0.0
217.0, 62.0, 7.1, 0.0, 13.4, 11.0, 21.0, 25.2, 199.0, 0.0, 1.4, 38.0, 2020-08-04 11:00:00, 0.0
213.0, 43.0, 11.6, 0.0, 9.6, 8.8, 22.8, 26.5, 268.0, 0.0, 1.4, 32.0, 2020-08-04 12:00:00, 0.0
213.0, 38.0, 11.0, 0.0, 9.9, 7.9, 25.2, 27.3, 217.0, 0.0, 1.2, 32.0, 2020-08-04 13:00:00, 0.0
202.0, 32.0, 8.8, 0.0, 8.5, 7.3, 26.5, 28.0, 213.0, 0.0, 1.2, 33.0, 2020-08-04 14:00:00, 0.0
202.0, 32.0, 7.9, 0.0, 9.2, 5.7, 27.3, 27.7, 213.0, 0.0, 1.2, 29.0, 2020-08-04 15:00:00, 0.0
222.0, 33.0, 7.3, 0.0, 10.2, 5.3, 28.0, 27.6, 202.0, 0.0, 1.0, 34.0, 2020-08-04 16:00:00, 0.0
319.0, 29.0, 5.7, 0.0, 8.1, 4.5, 27.7, 25.9, 202.0, 0.0, 0.8, 43.0, 2020-08-04 17:00:00, 0.0
27.0, 34.0, 5.3, 0.0, 10.3, 6.9, 27.6, 18.6, 222.0, 0.0, 0.8, 61.0, 2020-08-04 18:00:00, 0.0
27.0, 43.0, 4.5, 0.0, 12.4, 7.5, 25.9, 17.1, 319.0, 0.0, 0.8, 62.0, 2020-08-04 19:00:00, 0.0
21.0, None, None, 0.0, None, 6.7, None, 16.3, None, None, None, 61.0, 2020-08-04 20:00:00, None
22.0, None, None, 0.0, None, 6.7, None, 15.6, None, None, None, 60.0, 2020-08-04 21:00:00, None
30.0, 61.0, 6.7, 0.0, 8.8, 6.5, 16.3, 15.3, 21.0, 0.0, 0.4, 62.0, 2020-08-04 22:00:00, 0.0
18.0, 60.0, 6.7, 0.0, 7.9, 5.6, 15.6, 14.6, 22.0, 0.0, 0.4, 68.0, 2020-08-04 23:00:00, 0.0
27.0, 62.0, 6.5, 0.0, 8.1, 4.9, 15.3, 14.2, 30.0, 0.0, 0.4, 63.0, 2020-08-05 00:00:00, 0.0
30.0, 68.0, 5.6, 0.0, 8.8, 6.6, 14.6, 13.6, 18.0, 0.0, 0.0, 69.0, 2020-08-05 01:00:00, 0.0
7.0, 63.0, 4.9, 0.0, 7.3, 4.1, 14.2, 12.7, 27.0, 0.0, 0.0, 71.0, 2020-08-05 02:00:00, 0.0
25.0, 69.0, 6.6, 0.0, 8.0, 2.4, 13.6, 12.1, 30.0, 0.0, 0.0, 75.0, 2020-08-05 03:00:00, 0.0
14.0, 71.0, 4.1, 0.0, 7.6, 2.8, 12.7, 12.0, 7.0, 0.0, 0.0, 77.0, 2020-08-05 04:00:00, 0.0
71.0, 75.0, 2.4, 0.0, 7.8, 3.8, 12.1, 12.1, 25.0, 0.0, 0.0, 79.0, 2020-08-05 05:00:00, 0.0
115.0, 77.0, 2.8, 0.0, 8.1, 4.6, 12.0, 15.5, 14.0, 0.0, 0.0, 70.0, 2020-08-05 06:00:00, 0.0
154.0, 79.0, 3.8, 0.0, 8.6, 6.5, 12.1, 18.4, 71.0, 0.0, 0.0, 62.0, 2020-08-05 07:00:00, 0.0
150.0, 70.0, 4.6, 0.0, 10.1, 6.0, 15.5, 20.7, 115.0, 0.0, 0.0, 54.0, 2020-08-05 08:00:00, 0.0
167.0, 62.0, 6.5, 0.0, 11.0, 6.2, 18.4, 22.3, 154.0, 0.0, 0.0, 50.0, 2020-08-05 09:00:00, 0.0
189.0, 54.0, 6.0, 0.0, 11.1, 6.2, 20.7, 24.6, 150.0, 0.0, 0.0, 38.0, 2020-08-05 10:00:00, 0.0
188.0, 50.0, 6.2, 0.0, 11.4, 6.7, 22.3, 27.0, 167.0, 0.0, 0.0, 39.0, 2020-08-05 11:00:00, 0.0
171.0, 38.0, 6.2, 0.0, 9.4, 6.3, 24.6, 28.9, 189.0, 0.0, 0.0, 35.0, 2020-08-05 12:00:00, 0.0
94.0, 39.0, 6.7, 0.0, 11.9, 3.8, 27.0, 27.8, 188.0, 0.0, 0.0, 30.0, 2020-08-05 13:00:00, 0.0
89.0, 35.0, 6.3, 0.0, 11.9, 6.4, 28.9, 27.9, 171.0, 0.0, 0.0, 28.0, 2020-08-05 14:00:00, 0.0
176.0, 30.0, 3.8, 0.0, 8.6, 2.8, 27.8, 29.0, 94.0, 0.0, 0.0, 33.0, 2020-08-05 15:00:00, 0.0
174.0, None, None, 0.0, None, 2.7, None, 29.8, None, None, None, 32.0, 2020-08-05 16:00:00, None
10.0, 33.0, 2.8, 0.0, 11.1, 4.6, 29.0, 24.5, 176.0, 0.0, None, 48.0, 2020-08-05 17:00:00, 0.0
21.0, 32.0, 2.7, 0.0, 11.3, 9.8, 29.8, 20.4, 174.0, 0.0, 0.0, 60.0, 2020-08-05 18:00:00, 0.0
31.0, 48.0, 4.6, 0.0, 12.8, 9.0, 24.5, 19.4, 10.0, 0.0, 0.0, 51.0, 2020-08-05 19:00:00, 0.0
27.0, 60.0, 9.8, 0.0, 12.4, 8.0, 20.4, 18.4, 21.0, 0.0, 0.0, 54.0, 2020-08-05 20:00:00, 0.0
22.0, 51.0, 9.0, 0.0, 9.0, 7.1, 19.4, 18.0, 31.0, 0.0, 0.0, 57.0, 2020-08-05 21:00:00, 0.0
24.0, 54.0, 8.0, 0.0, 8.9, 6.6, 18.4, 17.3, 27.0, 0.0, 0.0, 58.0, 2020-08-05 22:00:00, 0.0
27.0, 57.0, 7.1, 0.0, 9.4, 7.6, 18.0, 16.6, 22.0, 0.0, 0.0, 61.0, 2020-08-05 23:00:00, 0.0
31.0, 58.0, 6.6, 0.0, 9.0, 5.7, 17.3, 16.1, 24.0, 0.0, 0.0, 61.0, 2020-08-06 00:00:00, 0.0
53.0, 61.0, 7.6, 0.0, 9.1, 5.5, 16.6, 15.8, 27.0, 0.0, 0.0, 62.0, 2020-08-06 01:00:00, 0.0
8.0, 61.0, 5.7, 0.0, 8.6, 4.3, 16.1, 14.9, 31.0, 0.0, 0.0, 67.0, 2020-08-06 02:00:00, 0.0
16.0, 62.0, 5.5, 0.0, 8.5, 3.2, 15.8, 14.3, 53.0, 0.0, 0.0, 70.0, 2020-08-06 03:00:00, 0.0
93.0, 67.0, 4.3, 0.0, 8.8, 7.6, 14.9, 13.7, 8.0, 0.0, 0.0, 82.0, 2020-08-06 04:00:00, 0.0
93.0, 70.0, 3.2, 0.0, 8.9, 5.2, 14.3, 13.2, 16.0, 0.0, 0.0, 82.0, 2020-08-06 05:00:00, 0.0
92.0, 82.0, 7.6, 0.0, 10.7, 6.1, 13.7, 17.3, 93.0, 0.0, 0.0, 70.0, 2020-08-06 06:00:00, 0.0
152.0, 82.0, 5.2, 0.0, 10.2, 4.3, 13.2, 19.4, 93.0, 0.0, 0.0, 69.0, 2020-08-06 07:00:00, 0.0
76.0, 70.0, 6.1, 0.0, 11.8, 7.7, 17.3, 15.9, 92.0, 0.0, 0.0, 75.0, 2020-08-06 08:00:00, 0.0
83.0, 69.0, 4.3, 0.0, 13.6, 6.1, 19.4, 16.6, 152.0, 0.0, 0.0, 74.0, 2020-08-06 09:00:00, 0.0
89.0, 75.0, 7.7, 0.0, 11.5, 7.3, 15.9, 16.8, 76.0, 0.0, 0.0, 69.0, 2020-08-06 10:00:00, 0.0
164.0, 74.0, 6.1, 0.0, 11.9, 7.6, 16.6, 17.6, 83.0, 0.0, 0.0, 75.0, 2020-08-06 11:00:00, 0.0
166.0, 69.0, 7.3, 0.0, 11.1, 9.9, 16.8, 18.5, 89.0, 0.0, 0.0, 69.0, 2020-08-06 12:00:00, None
165.0, 75.0, 7.6, 0.0, 13.1, 10.3, 17.6, 16.7, 164.0, 0.0, 0.0, 78.0, 2020-08-06 13:00:00, 0.0
154.0, 69.0, 9.9, 0.0, 12.7, 8.8, 18.5, 20.0, 166.0, 0.0, 0.0, 68.0, 2020-08-06 14:00:00, 0.0
165.0, 78.0, 10.3, 0.0, 12.8, 6.3, 16.7, 19.3, 165.0, 0.0, 0.0, 72.0, 2020-08-06 15:00:00, 0.0
24.0, 68.0, 8.8, 1.0, 13.9, 7.2, 20.0, 14.6, 154.0, 0.0, 0.0, 92.0, 2020-08-06 16:00:00, 0.0
20.0, 72.0, 6.3, 1.2, 14.1, 4.7, 19.3, 13.7, 165.0, 0.0, 0.0, 94.0, 2020-08-06 17:00:00, 0.0
20.0, 92.0, 7.2, 4.4, 13.3, 7.7, 14.6, 13.0, 24.0, 1.0, 1.0, 91.0, 2020-08-06 18:00:00, 0.0
22.0, 94.0, 4.7, 0.0, 12.8, 8.4, 13.7, 11.8, 20.0, 1.2, 2.2, 94.0, 2020-08-06 19:00:00, 0.0
7.0, 91.0, 7.7, 0.0, 11.6, 7.1, 13.0, 11.1, 20.0, 4.4, 6.6, 96.0, 2020-08-06 20:00:00, 0.0
12.0, 94.0, 8.4, 0.0, 10.9, 6.5, 11.8, 10.8, 22.0, 0.0, 6.6, 96.0, 2020-08-06 21:00:00, 0.0
356.0, 96.0, 7.1, 0.0, 10.5, 6.1, 11.1, 10.9, 7.0, 0.0, 6.6, 95.0, 2020-08-06 22:00:00, 0.0
347.0, 96.0, 6.5, 0.0, 10.2, 6.2, 10.8, 10.8, 12.0, 0.0, 6.6, 92.0, 2020-08-06 23:00:00, 0.0
338.0, 95.0, 6.1, 0.0, 10.1, 8.0, 10.9, 10.5, 356.0, 0.0, 6.6, 91.0, 2020-08-07 00:00:00, 0.0
333.0, 92.0, 6.2, 0.2, 9.6, 6.8, 10.8, 10.9, 347.0, 0.0, 6.6, 91.0, 2020-08-07 01:00:00, 0.0
347.0, 91.0, 8.0, 0.2, 9.1, 7.3, 10.5, 10.6, 338.0, 0.0, 6.6, 90.0, 2020-08-07 02:00:00, 0.0
349.0, 91.0, 6.8, 0.2, 9.5, 5.5, 10.9, 10.0, 333.0, 0.2, 6.8, 93.0, 2020-08-07 03:00:00, 0.0
345.0, 90.0, 7.3, 0.0, 9.0, 7.8, 10.6, 10.0, 347.0, 0.2, 7.0, 85.0, 2020-08-07 04:00:00, 0.0
338.0, 93.0, 5.5, 0.0, 8.9, 10.1, 10.0, 10.2, 349.0, 0.2, 7.2, 85.0, 2020-08-07 05:00:00, 0.0
327.0, 85.0, 7.8, 0.0, 7.6, 11.4, 10.0, 11.0, 345.0, 0.0, 7.2, 81.0, 2020-08-07 06:00:00, 0.0
350.0, 85.0, 10.1, 0.0, 7.8, 7.1, 10.2, 12.0, 338.0, 0.0, 7.2, 66.0, 2020-08-07 07:00:00, 0.0
264.0, 81.0, 11.4, 0.0, 7.9, 6.1, 11.0, 15.3, 327.0, 0.0, 7.2, 50.0, 2020-08-07 08:00:00, 0.0
295.0, 66.0, 7.1, 0.0, 5.9, 10.1, 12.0, 15.0, 350.0, 0.0, 7.2, 44.0, 2020-08-07 09:00:00, 0.0
314.0, 50.0, 6.1, 0.0, 4.9, 9.2, 15.3, 15.5, 264.0, 0.0, 7.2, 38.0, 2020-08-07 10:00:00, 0.0
261.0, 44.0, 10.1, 0.0, 2.9, 11.9, 15.0, 15.8, 295.0, 0.0, 7.2, 48.0, 2020-08-07 11:00:00, 0.0
302.0, 38.0, 9.2, 0.0, 1.3, 6.7, 15.5, 18.3, 314.0, 0.0, 7.2, 43.0, 2020-08-07 12:00:00, 0.0
228.0, 48.0, 11.9, 0.0, 4.8, 6.8, 15.8, 18.3, 261.0, 0.0, 7.2, 42.0, 2020-08-07 13:00:00, 0.0
289.0, 43.0, 6.7, 0.0, 5.5, 10.4, 18.3, 16.1, 302.0, 0.0, 7.2, 44.0, 2020-08-07 14:00:00, 0.0
346.0, 42.0, 6.8, 0.0, 5.2, 4.1, 18.3, 14.4, 228.0, 0.0, 7.2, 66.0, 2020-08-07 15:00:00, 0.0
40.0, 44.0, 10.4, 0.0, 3.9, 3.3, 16.1, 13.3, 289.0, 0.0, 7.2, 75.0, 2020-08-07 16:00:00, 0.0
25.0, 66.0, 4.1, 0.0, 8.1, 5.7, 14.4, 12.5, 346.0, 0.0, 7.2, 82.0, 2020-08-07 17:00:00, 0.0
37.0, None, None, 0.0, None, 5.7, None, 11.9, None, None, None, 79.0, 2020-08-07 18:00:00, None
25.0, None, None, 0.2, None, 9.0, None, 10.3, None, None, None, 90.0, 2020-08-07 19:00:00, None
49.0, 79.0, 5.7, 0.0, 8.4, 6.9, 11.9, 10.7, 37.0, 0.0, 0.6, 87.0, 2020-08-07 20:00:00, 0.0
31.0, 90.0, 9.0, 0.0, 8.7, 4.2, 10.3, 10.2, 25.0, 0.2, 0.8, 89.0, 2020-08-07 21:00:00, 0.0
22.0, 87.0, 6.9, 0.2, 8.6, 7.0, 10.7, 10.0, 49.0, 0.0, 0.8, 93.0, 2020-08-07 22:00:00, 0.0
16.0, 89.0, 4.2, 0.0, 8.5, 4.7, 10.2, 10.0, 31.0, 0.0, 0.8, 91.0, 2020-08-07 23:00:00, 0.0
11.0, 93.0, 7.0, 0.0, 8.9, 4.9, 10.0, 9.8, 22.0, 0.2, 1.0, 93.0, 2020-08-08 00:00:00, 0.0
39.0, 91.0, 4.7, 0.0, 8.6, 3.1, 10.0, 10.0, 16.0, 0.0, 1.0, 91.0, 2020-08-08 01:00:00, 0.0
62.0, 93.0, 4.9, 0.0, 8.7, 4.9, 9.8, 9.8, 11.0, 0.0, 1.0, 89.0, 2020-08-08 02:00:00, 0.0
342.0, 91.0, 3.1, 0.0, 8.6, 3.2, 10.0, 9.9, 39.0, 0.0, 0.8, 89.0, 2020-08-08 03:00:00, 0.0
4.0, 89.0, 4.9, 0.0, 8.1, 2.7, 9.8, 10.0, 62.0, 0.0, 0.6, 91.0, 2020-08-08 04:00:00, 0.0
180.0, 89.0, 3.2, 0.0, 8.2, 3.5, 9.9, 10.8, 342.0, 0.0, 0.4, 93.0, 2020-08-08 05:00:00, 0.0
214.0, 91.0, 2.7, 0.4, 8.6, 2.9, 10.0, 11.5, 4.0, 0.0, 0.4, 91.0, 2020-08-08 06:00:00, 0.0
138.0, 93.0, 3.5, 0.0, 9.7, 4.2, 10.8, 13.1, 180.0, 0.0, 0.4, 86.0, 2020-08-08 07:00:00, 0.0
310.0, 91.0, 2.9, 0.4, 10.1, 9.6, 11.5, 12.8, 214.0, 0.4, 0.8, 78.0, 2020-08-08 08:00:00, 0.0
321.0, 86.0, 4.2, 0.8, 10.8, 8.2, 13.1, 10.9, 138.0, 0.0, 0.8, 85.0, 2020-08-08 09:00:00, 0.0
337.0, 78.0, 9.6, 0.2, 9.1, 4.4, 12.8, 14.8, 310.0, 0.4, 1.2, 62.0, 2020-08-08 10:00:00, 0.0
108.0, 85.0, 8.2, 0.0, 8.5, 6.3, 10.9, 18.1, 321.0, 0.8, 2.0, 47.0, 2020-08-08 11:00:00, 0.0
212.0, 62.0, 4.4, 0.0, 7.6, 10.5, 14.8, 19.1, 337.0, 0.2, 2.2, 53.0, 2020-08-08 12:00:00, 0.0
171.0, 47.0, 6.3, 0.0, 6.6, 10.8, 18.1, 21.0, 108.0, 0.0, 2.2, 40.0, 2020-08-08 13:00:00, 0.0
190.0, 53.0, 10.5, 0.0, 9.3, 9.1, 19.1, 21.4, 212.0, 0.0, 2.2, 30.0, 2020-08-08 14:00:00, 0.0
291.0, 40.0, 10.8, 0.2, 6.9, 9.2, 21.0, 13.6, 171.0, 0.0, 2.2, 66.0, 2020-08-08 15:00:00, 0.0
282.0, 30.0, 9.1, 0.0, 3.1, 9.7, 21.4, 13.7, 190.0, 0.0, 2.2, 62.0, 2020-08-08 16:00:00, 0.0
149.0, 66.0, 9.2, 0.0, 7.4, 4.2, 13.6, 14.3, 291.0, 0.2, 2.4, 57.0, 2020-08-08 17:00:00, 0.0
311.0, 62.0, 9.7, 0.0, 6.6, 4.9, 13.7, 11.2, 282.0, 0.0, 2.4, 79.0, 2020-08-08 18:00:00, 0.0
14.0, 57.0, 4.2, 0.0, 5.9, 7.2, 14.3, 8.7, 149.0, 0.0, 2.4, 85.0, 2020-08-08 19:00:00, 0.0
3.0, 79.0, 4.9, 0.0, 7.7, 6.9, 11.2, 9.1, 311.0, 0.0, 2.4, 75.0, 2020-08-08 20:00:00, 0.0
327.0, 85.0, 7.2, 0.0, 6.3, 9.7, 8.7, 10.3, 14.0, 0.0, 2.2, 67.0, 2020-08-08 21:00:00, 0.0
338.0, 75.0, 6.9, 0.0, 4.9, 10.3, 9.1, 10.4, 3.0, 0.0, 2.2, 65.0, 2020-08-08 22:00:00, 0.0
314.0, 67.0, 9.7, 0.0, 4.4, 10.4, 10.3, 9.7, 327.0, 0.0, 2.2, 66.0, 2020-08-08 23:00:00, 0.0
336.0, 65.0, 10.3, 0.0, 4.1, 11.1, 10.4, 9.6, 338.0, 0.0, 2.0, 62.0, 2020-08-09 00:00:00, 0.0
321.0, 66.0, 10.4, 0.0, 3.7, 10.9, 9.7, 9.0, 314.0, 0.0, 2.0, 66.0, 2020-08-09 01:00:00, 0.0
319.0, 62.0, 11.1, 0.0, 2.7, 9.4, 9.6, 9.2, 336.0, 0.0, 2.0, 64.0, 2020-08-09 02:00:00, 0.0
324.0, 66.0, 10.9, 0.0, 3.0, 10.3, 9.0, 9.6, 321.0, 0.0, 2.0, 64.0, 2020-08-09 03:00:00, 0.0
14.0, 64.0, 9.4, 0.0, 2.7, 5.3, 9.2, 6.3, 319.0, 0.0, 2.0, 76.0, 2020-08-09 04:00:00, 0.0
337.0, 64.0, 10.3, 0.0, 3.1, 7.0, 9.6, 7.2, 324.0, 0.0, 2.0, 74.0, 2020-08-09 05:00:00, 0.0
293.0, 76.0, 5.3, 0.2, 2.4, 10.4, 6.3, 11.7, 14.0, 0.0, 2.0, 59.0, 2020-08-09 06:00:00, 0.0
209.0, 74.0, 7.0, 0.0, 2.9, 5.6, 7.2, 13.4, 337.0, 0.0, 2.0, 61.0, 2020-08-09 07:00:00, 0.0
273.0, 59.0, 10.4, 0.0, 4.0, 9.8, 11.7, 13.9, 293.0, 0.2, 1.8, 58.0, 2020-08-09 08:00:00, 0.0
261.0, 61.0, 5.6, 0.0, 6.0, 9.6, 13.4, 16.7, 209.0, 0.0, 1.8, 52.0, 2020-08-09 09:00:00, 0.0
225.0, 58.0, 9.8, 0.0, 5.8, 9.1, 13.9, 18.6, 273.0, 0.0, 1.4, 43.0, 2020-08-09 10:00:00, 0.0
220.0, 52.0, 9.6, 0.0, 6.8, 10.5, 16.7, 21.3, 261.0, 0.0, 0.6, 31.0, 2020-08-09 11:00:00, 0.0
245.0, 43.0, 9.1, 0.0, 5.8, 12.2, 18.6, 21.0, 225.0, 0.0, 0.4, 28.0, 2020-08-09 12:00:00, 0.0
231.0, 31.0, 10.5, 0.0, 3.5, 10.2, 21.3, 20.5, 220.0, 0.0, 0.4, 29.0, 2020-08-09 13:00:00, 0.0
228.0, 28.0, 12.2, 0.0, 1.8, 9.1, 21.0, 22.1, 245.0, 0.0, 0.4, 27.0, 2020-08-09 14:00:00, 0.0
276.0, 29.0, 10.2, 0.0, 1.9, 5.1, 20.5, 19.1, 231.0, 0.0, 0.4, 31.0, 2020-08-09 15:00:00, 0.0
295.0, None, None, 0.0, None, 3.6, None, 17.9, None, None, None, 45.0, 2020-08-09 16:00:00, None
347.0, 31.0, 5.1, 0.0, 1.6, 5.2, 19.1, 16.3, 276.0, 0.0, 0.2, 45.0, 2020-08-09 17:00:00, 0.0
6.0, 45.0, 3.6, 0.0, 5.8, 5.9, 17.9, 14.7, 295.0, 0.0, 0.2, 64.0, 2020-08-09 18:00:00, 0.0
9.0, 45.0, 5.2, 0.0, 4.4, 6.5, 16.3, 13.8, 347.0, 0.0, 0.2, 62.0, 2020-08-09 19:00:00, 0.0
7.0, 64.0, 5.9, 0.0, 8.0, 6.2, 14.7, 13.6, 6.0, 0.0, 0.2, 64.0, 2020-08-09 20:00:00, 0.0
21.0, None, None, 0.0, None, 8.4, None, 13.5, None, None, None, 62.0, 2020-08-09 21:00:00, None
11.0, None, None, 0.0, None, 7.1, None, 13.1, None, None, None, 66.0, 2020-08-09 22:00:00, None
30.0, None, None, 0.0, None, 5.1, None, 13.0, None, None, None, 67.0, 2020-08-09 23:00:00, None
12.0, None, None, 0.0, None, 5.2, None, 11.6, None, None, None, 83.0, 2020-08-10 00:00:00, None
27.0, None, None, 0.0, None, 4.1, None, 12.2, None, None, None, 74.0, 2020-08-10 01:00:00, None
28.0, None, None, 0.0, None, 6.0, None, 11.9, None, None, None, 79.0, 2020-08-10 02:00:00, None
16.0, None, None, 0.0, None, 4.5, None, 11.3, None, None, None, 77.0, 2020-08-10 03:00:00, None
25.0, None, None, 0.0, None, 2.4, None, 11.3, None, None, None, 78.0, 2020-08-10 04:00:00, None
318.0, 77.0, 4.5, 0.0, 7.4, 2.0, 11.3, 11.9, 16.0, 0.0, 0.2, 82.0, 2020-08-10 05:00:00, 0.0
128.0, None, None, 0.0, None, 2.3, None, 13.1, None, None, None, 80.0, 2020-08-10 06:00:00, None
212.0, 82.0, 2.0, 0.0, 8.9, 2.3, 11.9, 14.0, 318.0, 0.0, 0.2, 78.0, 2020-08-10 07:00:00, 0.0
194.0, 80.0, 2.3, 0.0, 9.7, 5.6, 13.1, 17.2, 128.0, 0.0, 0.0, 65.0, 2020-08-10 08:00:00, 0.0
165.0, 78.0, 2.3, 0.0, 10.2, 3.4, 14.0, 17.1, 212.0, 0.0, 0.0, 60.0, 2020-08-10 09:00:00, 0.0
206.0, None, None, 0.0, None, 5.2, None, 18.9, None, None, None, 55.0, 2020-08-10 10:00:00, None
224.0, 60.0, 3.4, 0.0, 9.3, 9.2, 17.1, 21.8, 165.0, 0.0, 0.0, 41.0, 2020-08-10 11:00:00, 0.0
230.0, 55.0, 5.2, 0.0, 9.7, 8.8, 18.9, 23.2, 206.0, 0.0, 0.0, 35.0, 2020-08-10 12:00:00, 0.0
249.0, 41.0, 9.2, 0.0, 8.0, 11.1, 21.8, 24.4, 224.0, 0.0, 0.0, 31.0, 2020-08-10 13:00:00, 0.0
259.0, 35.0, 8.8, 0.0, 6.9, 10.8, 23.2, 23.4, 230.0, 0.0, 0.0, 24.0, 2020-08-10 14:00:00, 0.0
226.0, 31.0, 11.1, 0.0, 6.2, 8.8, 24.4, 23.8, 249.0, 0.0, 0.0, 23.0, 2020-08-10 15:00:00, 0.0
230.0, 24.0, 10.8, 0.0, 1.7, 5.6, 23.4, 23.7, 259.0, 0.0, 0.0, 29.0, 2020-08-10 16:00:00, 0.0
277.0, None, None, 0.0, None, 6.6, None, 22.1, None, None, None, 27.0, 2020-08-10 17:00:00, None
354.0, None, None, 0.0, None, 7.1, None, 16.5, None, None, None, 35.0, 2020-08-10 18:00:00, None
4.0, None, None, 0.0, None, 9.1, None, 13.9, None, None, None, 41.0, 2020-08-10 19:00:00, None
6.0, None, None, 0.0, None, 7.1, None, 12.6, None, None, None, 50.0, 2020-08-10 20:00:00, None
15.0, None, None, 0.0, None, 7.1, None, 11.5, None, None, None, 54.0, 2020-08-10 21:00:00, None
344.0, None, None, 0.0, None, 7.3, None, 11.9, None, None, None, 52.0, 2020-08-10 22:00:00, None
316.0, None, None, 0.0, None, 9.1, None, 14.3, None, None, None, 40.0, 2020-08-10 23:00:00, None
32.0, None, None, 0.0, None, 5.6, None, 11.1, None, None, None, 53.0, 2020-08-11 00:00:00, None
20.0, None, None, 0.0, None, 7.3, None, 10.2, None, None, None, 57.0, 2020-08-11 01:00:00, None
47.0, None, None, 0.0, None, 3.7, None, 10.3, None, None, None, 58.0, 2020-08-11 02:00:00, None
19.0, 57.0, 7.3, 0.0, 2.1, 4.1, 10.2, 10.2, 20.0, 0.0, None, 60.0, 2020-08-11 03:00:00, 0.0
6.0, 58.0, 3.7, 0.0, 2.4, 4.4, 10.3, 9.5, 47.0, 0.0, 0.0, 65.0, 2020-08-11 04:00:00, 0.0
36.0, 60.0, 4.1, 0.0, 2.8, 2.9, 10.2, 10.1, 19.0, 0.0, 0.0, 70.0, 2020-08-11 05:00:00, 0.0
155.0, 65.0, 4.4, 0.0, 3.3, 2.4, 9.5, 12.4, 6.0, 0.0, 0.0, 65.0, 2020-08-11 06:00:00, 0.0
208.0, 70.0, 2.9, 0.0, 4.9, 4.6, 10.1, 14.5, 36.0, 0.0, 0.0, 62.0, 2020-08-11 07:00:00, 0.0
122.0, 65.0, 2.4, 0.0, 6.0, 5.8, 12.4, 14.9, 155.0, 0.0, 0.0, 59.0, 2020-08-11 08:00:00, 0.0
120.0, 62.0, 4.6, 0.0, 7.3, 6.4, 14.5, 14.9, 208.0, 0.0, 0.0, 58.0, 2020-08-11 09:00:00, 0.0
276.0, 59.0, 5.8, 0.6, 7.0, 6.9, 14.9, 12.5, 122.0, 0.0, 0.0, 78.0, 2020-08-11 10:00:00, 0.0
254.0, 58.0, 6.4, 0.4, 6.7, 5.2, 14.9, 14.2, 120.0, 0.0, 0.0, 82.0, 2020-08-11 11:00:00, 0.0
102.0, 78.0, 6.9, 0.0, 8.8, 8.5, 12.5, 15.3, 276.0, 0.6, 0.6, 71.0, 2020-08-11 12:00:00, 0.0
119.0, None, None, 0.0, None, 5.9, None, 15.7, None, None, None, 68.0, 2020-08-11 13:00:00, None
95.0, 71.0, 8.5, 0.0, 10.1, 4.8, 15.3, 15.4, 102.0, 0.0, 1.0, 65.0, 2020-08-11 14:00:00, 0.0
254.0, 68.0, 5.9, 0.0, 9.8, 4.7, 15.7, 15.7, 119.0, 0.0, 1.0, 65.0, 2020-08-11 15:00:00, 0.0
355.0, 65.0, 4.8, 0.0, 8.9, 3.8, 15.4, 14.2, 95.0, 0.0, 1.0, 78.0, 2020-08-11 16:00:00, 0.0
24.0, 65.0, 4.7, 0.0, 9.1, 5.2, 15.7, 13.2, 254.0, 0.0, 1.0, 81.0, 2020-08-11 17:00:00, 0.0
14.0, 78.0, 3.8, 0.0, 10.4, 7.0, 14.2, 12.0, 355.0, 0.0, 1.0, 73.0, 2020-08-11 18:00:00, 0.0
292.0, 81.0, 5.2, 0.0, 10.0, 9.5, 13.2, 11.7, 24.0, 0.0, 1.0, 71.0, 2020-08-11 19:00:00, 0.0
307.0, 73.0, 7.0, 0.2, 7.3, 16.1, 12.0, 10.3, 14.0, 0.0, 1.0, 68.0, 2020-08-11 20:00:00, 0.0
289.0, 71.0, 9.5, 1.0, 6.6, 10.5, 11.7, 7.7, 292.0, 0.0, 1.0, 81.0, 2020-08-11 21:00:00, 0.0
349.0, 68.0, 16.1, 0.4, 4.7, 7.1, 10.3, 7.9, 307.0, 0.2, 1.2, 80.0, 2020-08-11 22:00:00, 0.0
355.0, 81.0, 10.5, 0.2, 4.6, 4.9, 7.7, 7.0, 289.0, 1.0, 2.2, 88.0, 2020-08-11 23:00:00, 0.0
326.0, 80.0, 7.1, 0.0, 4.7, 9.9, 7.9, 6.8, 349.0, 0.4, 2.6, 82.0, 2020-08-12 00:00:00, 0.0
322.0, 88.0, 4.9, 0.0, 5.2, 8.9, 7.0, 6.8, 355.0, 0.2, 2.8, 83.0, 2020-08-12 01:00:00, 0.0
312.0, 82.0, 9.9, 0.0, 3.9, 14.2, 6.8, 6.9, 326.0, 0.0, 2.8, 83.0, 2020-08-12 02:00:00, 0.0
356.0, 83.0, 8.9, 0.0, 4.1, 8.4, 6.8, 5.3, 322.0, 0.0, 2.8, 85.0, 2020-08-12 03:00:00, 0.0
317.0, 83.0, 14.2, 0.0, 4.2, 10.0, 6.9, 6.5, 312.0, 0.0, 2.8, 78.0, 2020-08-12 04:00:00, 0.0
335.0, 85.0, 8.4, 0.0, 3.0, 7.6, 5.3, 6.0, 356.0, 0.0, 2.8, 81.0, 2020-08-12 05:00:00, 0.0
284.0, 78.0, 10.0, 0.0, 2.9, 9.1, 6.5, 8.7, 317.0, 0.0, 2.8, 77.0, 2020-08-12 06:00:00, 0.0
281.0, 81.0, 7.6, 0.0, 3.0, 12.2, 6.0, 11.0, 335.0, 0.0, 2.8, 66.0, 2020-08-12 07:00:00, 0.0
237.0, 77.0, 9.1, 0.0, 4.9, 7.5, 8.7, 12.3, 284.0, 0.0, 2.8, 71.0, 2020-08-12 08:00:00, 0.0
235.0, 66.0, 12.2, 0.0, 4.9, 7.5, 11.0, 13.7, 281.0, 0.0, 2.8, 57.0, 2020-08-12 09:00:00, 0.0
279.0, 71.0, 7.5, 0.0, 7.2, 8.7, 12.3, 13.6, 237.0, 0.0, 2.8, 51.0, 2020-08-12 10:00:00, 0.0
261.0, 57.0, 7.5, 0.0, 5.3, 7.9, 13.7, 14.3, 235.0, 0.0, 2.8, 44.0, 2020-08-12 11:00:00, 0.0
271.0, 51.0, 8.7, 0.0, 3.7, 9.3, 13.6, 14.1, 279.0, 0.0, 2.2, 54.0, 2020-08-12 12:00:00, 0.0
295.0, 44.0, 7.9, 0.0, 2.2, 11.1, 14.3, 13.9, 261.0, 0.0, 1.8, 53.0, 2020-08-12 13:00:00, 0.0
262.0, 54.0, 9.3, 0.0, 4.9, 10.0, 14.1, 15.4, 271.0, 0.0, 1.8, 46.0, 2020-08-12 14:00:00, 0.0
296.0, 53.0, 11.1, 0.0, 4.5, 9.5, 13.9, 14.4, 295.0, 0.0, 1.8, 49.0, 2020-08-12 15:00:00, 0.0
283.0, 46.0, 10.0, 0.0, 3.8, 9.1, 15.4, 14.3, 262.0, 0.0, 1.8, 52.0, 2020-08-12 16:00:00, 0.0
321.0, 49.0, 9.5, 0.0, 3.8, 10.5, 14.4, 12.7, 296.0, 0.0, 1.8, 53.0, 2020-08-12 17:00:00, 0.0
327.0, 52.0, 9.1, 0.0, 4.6, 8.6, 14.3, 12.1, 283.0, 0.0, 1.8, 56.0, 2020-08-12 18:00:00, 0.0
337.0, 53.0, 10.5, 0.0, 3.4, 12.1, 12.7, 12.1, 321.0, 0.0, 1.8, 55.0, 2020-08-12 19:00:00, 0.0
16.0, 56.0, 8.6, 0.2, 3.6, 9.0, 12.1, 9.1, 327.0, 0.0, 1.8, 89.0, 2020-08-12 20:00:00, 0.0
357.0, 55.0, 12.1, 0.0, 3.3, 8.3, 12.1, 10.0, 337.0, 0.0, 1.8, 82.0, 2020-08-12 21:00:00, 0.0
40.0, 89.0, 9.0, 0.0, 7.4, 6.8, 9.1, 9.0, 16.0, 0.2, 1.8, 87.0, 2020-08-12 22:00:00, 0.0
25.0, 82.0, 8.3, 0.0, 7.1, 6.7, 10.0, 8.8, 357.0, 0.0, 0.8, 85.0, 2020-08-12 23:00:00, 0.0
18.0, 87.0, 6.8, 0.0, 7.0, 6.4, 9.0, 9.1, 40.0, 0.0, 0.4, 86.0, 2020-08-13 00:00:00, 0.0
17.0, 85.0, 6.7, 0.0, 6.4, 5.8, 8.8, 9.0, 25.0, 0.0, 0.2, 82.0, 2020-08-13 01:00:00, 0.0
12.0, 86.0, 6.4, 0.0, 6.9, 3.5, 9.1, 8.8, 18.0, 0.0, 0.2, 82.0, 2020-08-13 02:00:00, 0.0
356.0, 82.0, 5.8, 0.0, 6.1, 3.7, 9.0, 8.9, 17.0, 0.0, 0.2, 79.0, 2020-08-13 03:00:00, 0.0
35.0, 82.0, 3.5, 0.0, 5.9, 3.5, 8.8, 8.6, 12.0, 0.0, 0.2, 80.0, 2020-08-13 04:00:00, 0.0
50.0, 79.0, 3.7, 0.0, 5.5, 2.1, 8.9, 8.8, 356.0, 0.0, 0.2, 84.0, 2020-08-13 05:00:00, 0.0
106.0, 80.0, 3.5, 0.0, 5.3, 3.5, 8.6, 9.8, 35.0, 0.0, 0.2, 86.0, 2020-08-13 06:00:00, 0.0
206.0, 84.0, 2.1, 0.0, 6.2, 5.9, 8.8, 13.5, 50.0, 0.0, 0.2, 78.0, 2020-08-13 07:00:00, 0.0
175.0, 86.0, 3.5, 0.0, 7.6, 7.0, 9.8, 15.1, 106.0, 0.0, 0.2, 71.0, 2020-08-13 08:00:00, 0.0
186.0, 78.0, 5.9, 0.0, 9.7, 4.7, 13.5, 15.2, 206.0, 0.0, 0.2, 68.0, 2020-08-13 09:00:00, 0.0
233.0, 71.0, 7.0, 0.0, 9.9, 4.9, 15.1, 14.6, 175.0, 0.0, 0.2, 67.0, 2020-08-13 10:00:00, 0.0
146.0, 68.0, 4.7, 0.0, 9.3, 4.0, 15.2, 16.3, 186.0, 0.0, 0.2, 56.0, 2020-08-13 11:00:00, 0.0
188.0, 67.0, 4.9, 0.0, 8.5, 2.8, 14.6, 16.1, 233.0, 0.0, 0.2, 59.0, 2020-08-13 12:00:00, 0.0
212.0, 56.0, 4.0, 0.0, 7.5, 5.7, 16.3, 18.6, 146.0, 0.0, 0.2, 53.0, 2020-08-13 13:00:00, 0.0
227.0, 59.0, 2.8, 0.0, 8.1, 8.1, 16.1, 19.8, 188.0, 0.0, 0.2, 38.0, 2020-08-13 14:00:00, 0.0
314.0, 53.0, 5.7, 0.0, 8.8, 6.2, 18.6, 17.4, 212.0, 0.0, 0.2, 42.0, 2020-08-13 15:00:00, 0.0
280.0, 38.0, 8.1, 0.0, 5.1, 5.2, 19.8, 17.7, 227.0, 0.0, 0.2, 47.0, 2020-08-13 16:00:00, 0.0
342.0, 42.0, 6.2, 0.0, 4.4, 6.2, 17.4, 15.6, 314.0, 0.0, 0.2, 49.0, 2020-08-13 17:00:00, 0.0
356.0, 47.0, 5.2, 0.0, 6.3, 6.6, 17.7, 13.2, 280.0, 0.0, 0.2, 62.0, 2020-08-13 18:00:00, 0.0
336.0, 49.0, 6.2, 0.0, 4.9, 7.1, 15.6, 13.6, 342.0, 0.0, 0.2, 56.0, 2020-08-13 19:00:00, 0.0
353.0, 62.0, 6.6, 0.0, 6.1, 7.3, 13.2, 12.2, 356.0, 0.0, 0.2, 56.0, 2020-08-13 20:00:00, 0.0
0.0, 56.0, 7.1, 0.0, 5.0, 7.9, 13.6, 11.8, 336.0, 0.0, 0.2, 55.0, 2020-08-13 21:00:00, 0.0
25.0, 56.0, 7.3, 0.0, 3.7, 8.2, 12.2, 10.5, 353.0, 0.0, 0.0, 61.0, 2020-08-13 22:00:00, 0.0
16.0, 55.0, 7.9, 0.0, 3.1, 5.6, 11.8, 10.9, 0.0, 0.0, 0.0, 61.0, 2020-08-13 23:00:00, 0.0
22.0, 61.0, 8.2, 0.0, 3.3, 5.7, 10.5, 10.5, 25.0, 0.0, 0.0, 61.0, 2020-08-14 00:00:00, 0.0
25.0, 61.0, 5.6, 0.0, 3.7, 4.0, 10.9, 10.6, 16.0, 0.0, 0.0, 59.0, 2020-08-14 01:00:00, 0.0
346.0, 61.0, 5.7, 0.0, 3.3, 3.6, 10.5, 9.8, 22.0, 0.0, 0.0, 69.0, 2020-08-14 02:00:00, 0.0
28.0, 59.0, 4.0, 0.0, 2.9, 5.7, 10.6, 9.8, 25.0, 0.0, 0.0, 66.0, 2020-08-14 03:00:00, 0.0
39.0, 69.0, 3.6, 0.0, 4.4, 3.1, 9.8, 9.5, 346.0, 0.0, 0.0, 70.0, 2020-08-14 04:00:00, 0.0
31.0, 66.0, 5.7, 0.0, 3.8, 3.6, 9.8, 9.6, 28.0, 0.0, 0.0, 74.0, 2020-08-14 05:00:00, 0.0
131.0, 70.0, 3.1, 0.0, 4.3, 3.4, 9.5, 10.2, 39.0, 0.0, 0.0, 78.0, 2020-08-14 06:00:00, 0.0
321.0, 74.0, 3.6, 0.0, 5.2, 2.8, 9.6, 11.3, 31.0, 0.0, 0.0, 76.0, 2020-08-14 07:00:00, 0.0
138.0, 78.0, 3.4, 0.0, 6.5, 3.2, 10.2, 13.0, 131.0, 0.0, 0.0, 73.0, 2020-08-14 08:00:00, 0.0
183.0, 76.0, 2.8, 0.0, 7.2, 5.2, 11.3, 16.0, 321.0, 0.0, 0.0, 58.0, 2020-08-14 09:00:00, 0.0
189.0, 73.0, 3.2, 0.0, 8.3, 4.5, 13.0, 16.6, 138.0, 0.0, 0.0, 62.0, 2020-08-14 10:00:00, 0.0
188.0, 58.0, 5.2, 0.0, 7.7, 3.9, 16.0, 15.5, 183.0, 0.0, 0.0, 62.0, 2020-08-14 11:00:00, 0.0
308.0, 62.0, 4.5, 0.0, 9.3, 3.4, 16.6, 13.8, 189.0, 0.0, 0.0, 72.0, 2020-08-14 12:00:00, 0.0
180.0, 62.0, 3.9, 0.0, 8.3, 2.5, 15.5, 14.4, 188.0, 0.0, 0.0, 64.0, 2020-08-14 13:00:00, 0.0
316.0, 72.0, 3.4, 0.0, 8.8, 5.2, 13.8, 14.0, 308.0, 0.0, 0.0, 65.0, 2020-08-14 14:00:00, 0.0
342.0, 64.0, 2.5, 0.0, 7.7, 3.8, 14.4, 13.5, 180.0, 0.0, 0.0, 80.0, 2020-08-14 15:00:00, 0.0
3.0, 65.0, 5.2, 0.0, 7.5, 4.1, 14.0, 13.6, 316.0, 0.0, 0.0, 79.0, 2020-08-14 16:00:00, 0.0
43.0, None, None, 0.0, None, 5.8, None, 13.1, None, None, None, 77.0, 2020-08-14 17:00:00, None
32.0, 79.0, 4.1, 0.0, 10.0, 6.1, 13.6, 12.5, 3.0, 0.0, 0.0, 78.0, 2020-08-14 18:00:00, 0.0
18.0, None, None, 0.2, None, 5.2, None, 11.5, None, None, None, 92.0, 2020-08-14 19:00:00, None
22.0, None, None, 0.2, None, 4.7, None, 11.4, None, None, None, 93.0, 2020-08-14 20:00:00, None
57.0, 92.0, 5.2, 0.0, 10.2, 3.5, 11.5, 11.4, 18.0, 0.2, 0.2, 92.0, 2020-08-14 21:00:00, 0.0
24.0, 93.0, 4.7, 0.0, 10.3, 4.5, 11.4, 11.2, 22.0, 0.2, 0.4, 94.0, 2020-08-14 22:00:00, 0.0
137.0, 92.0, 3.5, 0.0, 10.1, 1.7, 11.4, 11.2, 57.0, 0.0, 0.4, 94.0, 2020-08-14 23:00:00, 0.0
93.0, 94.0, 4.5, 0.2, 10.3, 2.2, 11.2, 11.1, 24.0, 0.0, 0.4, 96.0, 2020-08-15 00:00:00, 0.0
29.0, 94.0, 1.7, 0.0, 10.3, 3.8, 11.2, 11.1, 137.0, 0.0, 0.4, 97.0, 2020-08-15 01:00:00, 0.0
87.0, 96.0, 2.2, 0.0, 10.5, 2.3, 11.1, 11.0, 93.0, 0.2, 0.6, 97.0, 2020-08-15 02:00:00, 0.0
286.0, 97.0, 3.8, 0.0, 10.6, 2.1, 11.1, 10.9, 29.0, 0.0, 0.6, 98.0, 2020-08-15 03:00:00, 0.0
126.0, 97.0, 2.3, 0.0, 10.5, 2.8, 11.0, 10.9, 87.0, 0.0, 0.6, 98.0, 2020-08-15 04:00:00, 0.0
6.0, 98.0, 2.1, 0.0, 10.6, 2.5, 10.9, 10.8, 286.0, 0.0, 0.6, 96.0, 2020-08-15 05:00:00, 0.0
72.0, 98.0, 2.8, 0.0, 10.6, 3.3, 10.9, 12.6, 126.0, 0.0, 0.6, 90.0, 2020-08-15 06:00:00, 0.0
162.0, 96.0, 2.5, 0.0, 10.2, 4.5, 10.8, 16.1, 6.0, 0.0, 0.6, 77.0, 2020-08-15 07:00:00, 0.0
169.0, 90.0, 3.3, 0.0, 11.0, 6.1, 12.6, 17.7, 72.0, 0.0, 0.6, 73.0, 2020-08-15 08:00:00, 0.0
213.0, 77.0, 4.5, 0.0, 12.1, 5.8, 16.1, 19.3, 162.0, 0.0, 0.6, 63.0, 2020-08-15 09:00:00, 0.0
208.0, 73.0, 6.1, 0.0, 12.8, 4.3, 17.7, 20.0, 169.0, 0.0, 0.6, 63.0, 2020-08-15 10:00:00, 0.0
176.0, 63.0, 5.8, 0.0, 12.1, 5.3, 19.3, 22.1, 213.0, 0.0, 0.6, 59.0, 2020-08-15 11:00:00, 0.0
201.0, 63.0, 4.3, 0.0, 12.7, 5.9, 20.0, 24.0, 208.0, 0.0, 0.6, 54.0, 2020-08-15 12:00:00, 0.0
232.0, 59.0, 5.3, 0.0, 13.7, 7.7, 22.1, 24.7, 176.0, 0.0, 0.6, 54.0, 2020-08-15 13:00:00, 0.0
313.0, 54.0, 5.9, 0.0, 14.1, 4.8, 24.0, 24.2, 201.0, 0.0, 0.6, 38.0, 2020-08-15 14:00:00, 0.0
202.0, 54.0, 7.7, 0.0, 14.8, 5.5, 24.7, 27.2, 232.0, 0.0, 0.6, 40.0, 2020-08-15 15:00:00, 0.0
301.0, 38.0, 4.8, 0.0, 9.0, 4.3, 24.2, 26.6, 313.0, 0.0, 0.6, 33.0, 2020-08-15 16:00:00, 0.0
20.0, 40.0, 5.5, 0.0, 12.4, 4.9, 27.2, 21.4, 202.0, 0.0, 0.6, 54.0, 2020-08-15 17:00:00, 0.0
19.0, 33.0, 4.3, 0.0, 9.0, 7.4, 26.6, 17.8, 301.0, 0.0, 0.6, 66.0, 2020-08-15 18:00:00, 0.0
32.0, 54.0, 4.9, 0.0, 11.7, 9.0, 21.4, 16.5, 20.0, 0.0, 0.6, 62.0, 2020-08-15 19:00:00, 0.0
25.0, 66.0, 7.4, 0.0, 11.4, 7.0, 17.8, 16.1, 19.0, 0.0, 0.6, 60.0, 2020-08-15 20:00:00, 0.0
29.0, 62.0, 9.0, 0.0, 9.2, 6.1, 16.5, 15.3, 32.0, 0.0, 0.4, 63.0, 2020-08-15 21:00:00, 0.0
42.0, 60.0, 7.0, 0.0, 8.3, 3.9, 16.1, 14.7, 25.0, 0.0, 0.2, 66.0, 2020-08-15 22:00:00, 0.0
46.0, 63.0, 6.1, 0.0, 8.3, 5.4, 15.3, 14.1, 29.0, 0.0, 0.2, 66.0, 2020-08-15 23:00:00, 0.0
34.0, 66.0, 3.9, 0.0, 8.4, 6.5, 14.7, 13.7, 42.0, 0.0, 0.2, 68.0, 2020-08-16 00:00:00, 0.0
40.0, 66.0, 5.4, 0.0, 7.8, 3.9, 14.1, 12.9, 46.0, 0.0, 0.2, 70.0, 2020-08-16 01:00:00, 0.0
119.0, 68.0, 6.5, 0.0, 7.9, 4.3, 13.7, 12.4, 34.0, 0.0, 0.0, 76.0, 2020-08-16 02:00:00, 0.0
2.0, 70.0, 3.9, 0.0, 7.6, 3.1, 12.9, 11.7, 40.0, 0.0, 0.0, 82.0, 2020-08-16 03:00:00, 0.0
94.0, 76.0, 4.3, 0.0, 8.3, 5.0, 12.4, 11.5, 119.0, 0.0, 0.0, 81.0, 2020-08-16 04:00:00, 0.0
78.0, 82.0, 3.1, 0.0, 8.7, 4.1, 11.7, 11.4, 2.0, 0.0, 0.0, 86.0, 2020-08-16 05:00:00, 0.0
122.0, 81.0, 5.0, 0.0, 8.4, 7.9, 11.5, 14.8, 94.0, 0.0, 0.0, 70.0, 2020-08-16 06:00:00, 0.0
129.0, 86.0, 4.1, 0.0, 9.1, 10.0, 11.4, 18.7, 78.0, 0.0, 0.0, 52.0, 2020-08-16 07:00:00, 0.0
150.0, 70.0, 7.9, 0.0, 9.4, 6.7, 14.8, 20.3, 122.0, 0.0, 0.0, 57.0, 2020-08-16 08:00:00, 0.0
107.0, 52.0, 10.0, 0.0, 8.7, 8.6, 18.7, 21.8, 129.0, 0.0, 0.0, 47.0, 2020-08-16 09:00:00, 0.0
151.0, 57.0, 6.7, 0.0, 11.5, 9.4, 20.3, 23.9, 150.0, 0.0, 0.0, 41.0, 2020-08-16 10:00:00, 0.0
157.0, 47.0, 8.6, 0.0, 10.0, 8.4, 21.8, 26.8, 107.0, 0.0, 0.0, 36.0, 2020-08-16 11:00:00, 0.0
171.0, 41.0, 9.4, 0.0, 9.9, 8.4, 23.9, 28.2, 151.0, 0.0, 0.0, 33.0, 2020-08-16 12:00:00, 0.0
198.0, 36.0, 8.4, 0.0, 10.5, 6.9, 26.8, 30.0, 157.0, 0.0, 0.0, 28.0, 2020-08-16 13:00:00, 0.0
187.0, 33.0, 8.4, 0.0, 10.4, 6.6, 28.2, 31.3, 171.0, 0.0, 0.0, 28.0, 2020-08-16 14:00:00, 0.0
117.0, 28.0, 6.9, 0.0, 9.5, 6.2, 30.0, 30.9, 198.0, 0.0, 0.0, 25.0, 2020-08-16 15:00:00, 0.0
105.0, 28.0, 6.6, 0.0, 10.6, 5.1, 31.3, 31.1, 187.0, 0.0, 0.0, 24.0, 2020-08-16 16:00:00, 0.0
35.0, 25.0, 6.2, 0.0, 8.6, 4.3, 30.9, 26.5, 117.0, 0.0, 0.0, 39.0, 2020-08-16 17:00:00, 0.0
16.0, 24.0, 5.1, 0.0, 8.2, 6.6, 31.1, 21.5, 105.0, 0.0, 0.0, 52.0, 2020-08-16 18:00:00, 0.0
17.0, 39.0, 4.3, 0.0, 11.4, 4.8, 26.5, 19.6, 35.0, 0.0, 0.0, 53.0, 2020-08-16 19:00:00, 0.0
61.0, 52.0, 6.6, 0.0, 11.2, 7.2, 21.5, 19.9, 16.0, 0.0, 0.0, 51.0, 2020-08-16 20:00:00, 0.0
44.0, 53.0, 4.8, 0.0, 9.8, 8.2, 19.6, 18.5, 17.0, 0.0, 0.0, 53.0, 2020-08-16 21:00:00, 0.0
79.0, 51.0, 7.2, 0.0, 9.5, 9.1, 19.9, 17.7, 61.0, 0.0, 0.0, 57.0, 2020-08-16 22:00:00, 0.0
52.0, 53.0, 8.2, 0.0, 8.7, 5.6, 18.5, 17.0, 44.0, 0.0, 0.0, 54.0, 2020-08-16 23:00:00, 0.0
34.0, 57.0, 9.1, 0.0, 9.1, 6.6, 17.7, 17.2, 79.0, 0.0, 0.0, 56.0, 2020-08-17 00:00:00, 0.0
20.0, 54.0, 5.6, 0.0, 7.6, 4.7, 17.0, 16.4, 52.0, 0.0, 0.0, 61.0, 2020-08-17 01:00:00, 0.0
328.0, 56.0, 6.6, 0.0, 8.4, 2.7, 17.2, 15.8, 34.0, 0.0, 0.0, 61.0, 2020-08-17 02:00:00, 0.0
102.0, 61.0, 4.7, 0.0, 8.9, 4.6, 16.4, 16.0, 20.0, 0.0, 0.0, 62.0, 2020-08-17 03:00:00, 0.0
44.0, 61.0, 2.7, 0.0, 8.3, 7.6, 15.8, 16.0, 328.0, 0.0, 0.0, 63.0, 2020-08-17 04:00:00, 0.0
344.0, 62.0, 4.6, 0.0, 8.7, 5.5, 16.0, 15.8, 102.0, 0.0, 0.0, 73.0, 2020-08-17 05:00:00, 0.0
74.0, 63.0, 7.6, 0.0, 9.0, 3.1, 16.0, 17.4, 44.0, 0.0, 0.0, 63.0, 2020-08-17 06:00:00, 0.0
274.0, 73.0, 5.5, 0.0, 11.0, 8.5, 15.8, 18.4, 344.0, 0.0, 0.0, 68.0, 2020-08-17 07:00:00, 0.0
239.0, 63.0, 3.1, 0.0, 10.3, 5.6, 17.4, 19.6, 74.0, 0.0, 0.0, 67.0, 2020-08-17 08:00:00, 0.0
12.0, 68.0, 8.5, 1.4, 12.4, 11.0, 18.4, 15.4, 274.0, 0.0, 0.0, 89.0, 2020-08-17 09:00:00, 0.0
99.0, 67.0, 5.6, 0.6, 13.3, 6.7, 19.6, 19.5, 239.0, 0.0, 0.0, 70.0, 2020-08-17 10:00:00, 0.0
144.0, 89.0, 11.0, 0.0, 13.6, 8.4, 15.4, 23.0, 12.0, 1.4, 1.4, 58.0, 2020-08-17 11:00:00, 0.0
162.0, 70.0, 6.7, 0.0, 13.9, 8.3, 19.5, 25.9, 99.0, 0.6, 2.0, 51.0, 2020-08-17 12:00:00, 0.0
144.0, 58.0, 8.4, 0.0, 14.3, 6.8, 23.0, 24.9, 144.0, 0.0, 2.0, 51.0, 2020-08-17 13:00:00, 0.0
180.0, 51.0, 8.3, 0.0, 15.0, 6.7, 25.9, 28.1, 162.0, 0.0, 2.0, 38.0, 2020-08-17 14:00:00, 0.0
151.0, 51.0, 6.8, 0.0, 14.1, 6.1, 24.9, 26.9, 144.0, 0.0, 2.0, 44.0, 2020-08-17 15:00:00, 0.0
155.0, 38.0, 6.7, 0.0, 12.5, 5.6, 28.1, 28.1, 180.0, 0.0, 2.0, 40.0, 2020-08-17 16:00:00, 0.0
67.0, 44.0, 6.1, 0.0, 13.6, 3.7, 26.9, 25.6, 151.0, 0.0, 2.0, 52.0, 2020-08-17 17:00:00, 0.0
48.0, 40.0, 5.6, 0.0, 13.2, 5.9, 28.1, 20.0, 155.0, 0.0, 2.0, 65.0, 2020-08-17 18:00:00, 0.0
47.0, 52.0, 3.7, 0.0, 15.0, 5.4, 25.6, 18.9, 67.0, 0.0, 2.0, 62.0, 2020-08-17 19:00:00, 0.0
68.0, 65.0, 5.9, 0.0, 13.2, 10.4, 20.0, 19.5, 48.0, 0.0, 2.0, 62.0, 2020-08-17 20:00:00, 0.0
35.0, 62.0, 5.4, 0.0, 11.5, 8.0, 18.9, 18.3, 47.0, 0.0, 2.0, 66.0, 2020-08-17 21:00:00, 0.0
124.0, 62.0, 10.4, 0.0, 12.0, 8.6, 19.5, 19.0, 68.0, 0.0, 2.0, 60.0, 2020-08-17 22:00:00, 0.0
64.0, 66.0, 8.0, 0.0, 11.8, 10.4, 18.3, 18.3, 35.0, 0.0, 2.0, 62.0, 2020-08-17 23:00:00, 0.0
66.0, 60.0, 8.6, 0.0, 11.1, 8.8, 19.0, 17.3, 124.0, 0.0, 2.0, 67.0, 2020-08-18 00:00:00, 0.0
62.0, 62.0, 10.4, 0.0, 10.9, 9.3, 18.3, 16.9, 64.0, 0.0, 2.0, 68.0, 2020-08-18 01:00:00, 0.0
50.0, 67.0, 8.8, 0.0, 11.1, 7.7, 17.3, 16.3, 66.0, 0.0, 2.0, 72.0, 2020-08-18 02:00:00, 0.0
60.0, 68.0, 9.3, 0.0, 11.0, 6.4, 16.9, 15.5, 62.0, 0.0, 2.0, 75.0, 2020-08-18 03:00:00, 0.0
66.0, 72.0, 7.7, 0.0, 11.2, 5.5, 16.3, 15.2, 50.0, 0.0, 2.0, 76.0, 2020-08-18 04:00:00, 0.0
107.0, 75.0, 6.4, 0.0, 11.1, 3.9, 15.5, 14.4, 60.0, 0.0, 2.0, 84.0, 2020-08-18 05:00:00, 0.0
82.0, 76.0, 5.5, 0.0, 11.0, 9.3, 15.2, 16.5, 66.0, 0.0, 2.0, 75.0, 2020-08-18 06:00:00, 0.0
58.0, 84.0, 3.9, 0.0, 11.7, 9.7, 14.4, 18.7, 107.0, 0.0, 2.0, 67.0, 2020-08-18 07:00:00, 0.0
118.0, 75.0, 9.3, 0.0, 12.1, 5.2, 16.5, 20.4, 82.0, 0.0, 2.0, 59.0, 2020-08-18 08:00:00, 0.0
170.0, 67.0, 9.7, 0.0, 12.5, 6.9, 18.7, 22.6, 58.0, 0.0, 2.0, 55.0, 2020-08-18 09:00:00, 0.0
171.0, 59.0, 5.2, 0.0, 12.1, 6.1, 20.4, 24.3, 118.0, 0.0, 2.0, 53.0, 2020-08-18 10:00:00, 0.0
152.0, 55.0, 6.9, 0.0, 13.1, 8.7, 22.6, 27.1, 170.0, 0.0, 0.6, 42.0, 2020-08-18 11:00:00, 0.0
177.0, 53.0, 6.1, 0.0, 14.1, 7.2, 24.3, 29.1, 171.0, 0.0, 0.0, 40.0, 2020-08-18 12:00:00, 0.0
75.0, 42.0, 8.7, 0.0, 13.1, 5.8, 27.1, 30.6, 152.0, 0.0, 0.0, 21.0, 2020-08-18 13:00:00, 0.0
216.0, 40.0, 7.2, 0.0, 14.1, 10.0, 29.1, 31.8, 177.0, 0.0, 0.0, 16.0, 2020-08-18 14:00:00, 0.0
146.0, 21.0, 5.8, 0.0, 5.8, 8.9, 30.6, 31.7, 75.0, 0.0, 0.0, 15.0, 2020-08-18 15:00:00, 0.0
58.0, 16.0, 10.0, 0.0, 2.9, 7.2, 31.8, 30.2, 216.0, 0.0, 0.0, 18.0, 2020-08-18 16:00:00, 0.0
15.0, 15.0, 8.9, 0.0, 1.9, 5.0, 31.7, 22.5, 146.0, 0.0, 0.0, 43.0, 2020-08-18 17:00:00, 0.0
15.0, 18.0, 7.2, 0.0, 3.3, 9.9, 30.2, 19.8, 58.0, 0.0, 0.0, 46.0, 2020-08-18 18:00:00, 0.0
12.0, 43.0, 5.0, 0.0, 9.3, 8.3, 22.5, 18.7, 15.0, 0.0, 0.0, 43.0, 2020-08-18 19:00:00, 0.0
23.0, 46.0, 9.9, 0.0, 7.9, 7.5, 19.8, 17.4, 15.0, 0.0, 0.0, 45.0, 2020-08-18 20:00:00, 0.0
14.0, 43.0, 8.3, 0.0, 5.9, 8.2, 18.7, 16.9, 12.0, 0.0, 0.0, 45.0, 2020-08-18 21:00:00, 0.0
30.0, 45.0, 7.5, 0.0, 5.4, 6.3, 17.4, 16.1, 23.0, 0.0, 0.0, 47.0, 2020-08-18 22:00:00, 0.0
36.0, 45.0, 8.2, 0.0, 4.9, 5.0, 16.9, 15.5, 14.0, 0.0, 0.0, 50.0, 2020-08-18 23:00:00, 0.0
32.0, 47.0, 6.3, 0.0, 4.8, 4.8, 16.1, 14.4, 30.0, 0.0, 0.0, 53.0, 2020-08-19 00:00:00, 0.0
24.0, 50.0, 5.0, 0.0, 5.1, 4.2, 15.5, 13.7, 36.0, 0.0, 0.0, 57.0, 2020-08-19 01:00:00, 0.0
29.0, 53.0, 4.8, 0.0, 4.9, 4.8, 14.4, 13.2, 32.0, 0.0, 0.0, 56.0, 2020-08-19 02:00:00, 0.0
35.0, 57.0, 4.2, 0.0, 5.3, 4.6, 13.7, 12.6, 24.0, 0.0, 0.0, 56.0, 2020-08-19 03:00:00, 0.0
25.0, 56.0, 4.8, 0.0, 4.6, 5.1, 13.2, 12.3, 29.0, 0.0, 0.0, 59.0, 2020-08-19 04:00:00, 0.0
31.0, 56.0, 4.6, 0.0, 4.1, 5.5, 12.6, 11.7, 35.0, 0.0, 0.0, 65.0, 2020-08-19 05:00:00, 0.0
62.0, 59.0, 5.1, 0.0, 4.5, 3.0, 12.3, 13.6, 25.0, 0.0, 0.0, 68.0, 2020-08-19 06:00:00, 0.0
148.0, 65.0, 5.5, 0.0, 5.3, 5.0, 11.7, 18.7, 31.0, 0.0, 0.0, 60.0, 2020-08-19 07:00:00, 0.0
233.0, 68.0, 3.0, 0.0, 7.8, 7.9, 13.6, 19.4, 62.0, 0.0, 0.0, 57.0, 2020-08-19 08:00:00, 0.0
217.0, 60.0, 5.0, 0.0, 10.8, 5.7, 18.7, 21.1, 148.0, 0.0, 0.0, 54.0, 2020-08-19 09:00:00, 0.0
166.0, 57.0, 7.9, 0.0, 10.7, 7.4, 19.4, 23.2, 233.0, 0.0, 0.0, 50.0, 2020-08-19 10:00:00, 0.0
145.0, 54.0, 5.7, 0.0, 11.4, 3.6, 21.1, 23.2, 217.0, 0.0, 0.0, 45.0, 2020-08-19 11:00:00, 0.0
261.0, 50.0, 7.4, 0.0, 12.2, 9.9, 23.2, 27.4, 166.0, 0.0, 0.0, 33.0, 2020-08-19 12:00:00, 0.0
221.0, 45.0, 3.6, 0.0, 10.6, 10.4, 23.2, 29.6, 145.0, 0.0, 0.0, 24.0, 2020-08-19 13:00:00, 0.0
252.0, 33.0, 9.9, 0.0, 9.7, 6.6, 27.4, 28.0, 261.0, 0.0, 0.0, 22.0, 2020-08-19 14:00:00, 0.0
257.0, 24.0, 10.4, 0.0, 6.9, 4.6, 29.6, 27.7, 221.0, 0.0, 0.0, 28.0, 2020-08-19 15:00:00, 0.0
327.0, 22.0, 6.6, 0.0, 4.3, 6.1, 28.0, 24.8, 252.0, 0.0, 0.0, 30.0, 2020-08-19 16:00:00, 0.0
353.0, 28.0, 4.6, 0.0, 7.5, 6.5, 27.7, 22.7, 257.0, 0.0, 0.0, 34.0, 2020-08-19 17:00:00, 0.0
13.0, 30.0, 6.1, 0.0, 6.1, 7.9, 24.8, 19.6, 327.0, 0.0, 0.0, 45.0, 2020-08-19 18:00:00, 0.0
21.0, 34.0, 6.5, 0.0, 6.0, 7.6, 22.7, 18.7, 353.0, 0.0, 0.0, 42.0, 2020-08-19 19:00:00, 0.0
359.0, 45.0, 7.9, 0.0, 7.4, 7.7, 19.6, 20.5, 13.0, 0.0, 0.0, 36.0, 2020-08-19 20:00:00, 0.0
6.0, 42.0, 7.6, 0.0, 5.5, 6.0, 18.7, 18.5, 21.0, 0.0, 0.0, 44.0, 2020-08-19 21:00:00, 0.0
30.0, 36.0, 7.7, 0.0, 4.9, 6.7, 20.5, 17.5, 359.0, 0.0, 0.0, 46.0, 2020-08-19 22:00:00, 0.0
30.0, 44.0, 6.0, 0.0, 6.0, 5.9, 18.5, 17.0, 6.0, 0.0, 0.0, 47.0, 2020-08-19 23:00:00, 0.0
25.0, 46.0, 6.7, 0.0, 5.8, 5.8, 17.5, 16.1, 30.0, 0.0, 0.0, 52.0, 2020-08-20 00:00:00, 0.0
16.0, 47.0, 5.9, 0.0, 5.6, 3.1, 17.0, 15.5, 30.0, 0.0, 0.0, 48.0, 2020-08-20 01:00:00, 0.0
27.0, 52.0, 5.8, 0.0, 6.3, 5.3, 16.1, 15.3, 25.0, 0.0, 0.0, 53.0, 2020-08-20 02:00:00, 0.0
6.0, 48.0, 3.1, 0.0, 4.5, 4.3, 15.5, 14.8, 16.0, 0.0, 0.0, 58.0, 2020-08-20 03:00:00, 0.0
38.0, 53.0, 5.3, 0.0, 5.8, 2.6, 15.3, 14.3, 27.0, 0.0, 0.0, 58.0, 2020-08-20 04:00:00, 0.0
40.0, 58.0, 4.3, 0.0, 6.6, 3.2, 14.8, 14.4, 6.0, 0.0, 0.0, 66.0, 2020-08-20 05:00:00, 0.0
220.0, 58.0, 2.6, 0.0, 6.2, 2.5, 14.3, 15.4, 38.0, 0.0, 0.0, 71.0, 2020-08-20 06:00:00, 0.0
150.0, 66.0, 3.2, 0.0, 8.1, 2.8, 14.4, 15.6, 40.0, 0.0, 0.0, 77.0, 2020-08-20 07:00:00, 0.0
116.0, 71.0, 2.5, 0.0, 10.2, 4.3, 15.4, 15.3, 220.0, 0.0, 0.0, 80.0, 2020-08-20 08:00:00, 0.0
202.0, 77.0, 2.8, 0.0, 11.6, 4.3, 15.6, 18.6, 150.0, 0.0, 0.0, 70.0, 2020-08-20 09:00:00, 0.0
192.0, 80.0, 4.3, 0.0, 11.9, 4.5, 15.3, 19.7, 116.0, 0.0, 0.0, 54.0, 2020-08-20 10:00:00, 0.0
302.0, 70.0, 4.3, 0.0, 13.0, 7.9, 18.6, 18.5, 202.0, 0.0, 0.0, 58.0, 2020-08-20 11:00:00, 0.0
289.0, 54.0, 4.5, 0.0, 10.1, 8.0, 19.7, 19.0, 192.0, 0.0, 0.0, 52.0, 2020-08-20 12:00:00, 0.0
273.0, 58.0, 7.9, 0.0, 10.1, 8.1, 18.5, 18.6, 302.0, 0.0, 0.0, 59.0, 2020-08-20 13:00:00, 0.0
296.0, 52.0, 8.0, 0.0, 8.9, 10.2, 19.0, 18.8, 289.0, 0.0, 0.0, 54.0, 2020-08-20 14:00:00, 0.0
282.0, 59.0, 8.1, 0.0, 10.4, 11.5, 18.6, 17.6, 273.0, 0.0, 0.0, 61.0, 2020-08-20 15:00:00, 0.0
293.0, 54.0, 10.2, 0.0, 9.3, 11.5, 18.8, 18.3, 296.0, 0.0, 0.0, 59.0, 2020-08-20 16:00:00, 0.0
295.0, 61.0, 11.5, 0.0, 10.0, 6.3, 17.6, 19.7, 282.0, 0.0, 0.0, 54.0, 2020-08-20 17:00:00, 0.0
35.0, 59.0, 11.5, 0.0, 10.2, 4.3, 18.3, 15.2, 293.0, 0.0, 0.0, 75.0, 2020-08-20 18:00:00, 0.0
17.0, 54.0, 6.3, 0.0, 10.1, 6.7, 19.7, 13.6, 295.0, 0.0, 0.0, 76.0, 2020-08-20 19:00:00, 0.0
19.0, 75.0, 4.3, 0.0, 10.8, 7.1, 15.2, 13.4, 35.0, 0.0, 0.0, 73.0, 2020-08-20 20:00:00, 0.0
27.0, 76.0, 6.7, 0.0, 9.5, 8.8, 13.6, 12.6, 17.0, 0.0, 0.0, 73.0, 2020-08-20 21:00:00, 0.0
18.0, 73.0, 7.1, 0.0, 8.7, 6.0, 13.4, 12.2, 19.0, 0.0, 0.0, 74.0, 2020-08-20 22:00:00, 0.0
15.0, 73.0, 8.8, 0.0, 7.9, 5.4, 12.6, 11.7, 27.0, 0.0, 0.0, 76.0, 2020-08-20 23:00:00, 0.0
52.0, 74.0, 6.0, 0.0, 7.7, 5.5, 12.2, 11.7, 18.0, 0.0, 0.0, 77.0, 2020-08-21 00:00:00, 0.0
131.0, 76.0, 5.4, 0.0, 7.6, 3.7, 11.7, 12.0, 15.0, 0.0, 0.0, 84.0, 2020-08-21 01:00:00, 0.0
77.0, 77.0, 5.5, 0.0, 7.8, 3.7, 11.7, 12.1, 52.0, 0.0, 0.0, 83.0, 2020-08-21 02:00:00, 0.0
89.0, 84.0, 3.7, 0.0, 9.4, 7.9, 12.0, 12.5, 131.0, 0.0, 0.0, 80.0, 2020-08-21 03:00:00, 0.0
103.0, 83.0, 3.7, 0.0, 9.3, 4.8, 12.1, 12.3, 77.0, 0.0, 0.0, 85.0, 2020-08-21 04:00:00, 0.0
91.0, 80.0, 7.9, 0.0, 9.1, 7.0, 12.5, 12.5, 89.0, 0.0, 0.0, 87.0, 2020-08-21 05:00:00, 0.0
79.0, 85.0, 4.8, 0.0, 9.9, 9.6, 12.3, 13.1, 103.0, 0.0, 0.0, 82.0, 2020-08-21 06:00:00, 0.0
59.0, 87.0, 7.0, 0.0, 10.4, 4.9, 12.5, 13.5, 91.0, 0.0, 0.0, 80.0, 2020-08-21 07:00:00, 0.0
138.0, 82.0, 9.6, 0.0, 10.1, 4.8, 13.1, 14.2, 79.0, 0.0, 0.0, 85.0, 2020-08-21 08:00:00, 0.0
87.0, 80.0, 4.9, 0.0, 10.1, 5.7, 13.5, 14.4, 59.0, 0.0, 0.0, 79.0, 2020-08-21 09:00:00, 0.0
69.0, 85.0, 4.8, 0.0, 11.7, 6.8, 14.2, 15.7, 138.0, 0.0, 0.0, 66.0, 2020-08-21 10:00:00, 0.0
64.0, 79.0, 5.7, 0.0, 10.8, 8.5, 14.4, 16.4, 87.0, 0.0, 0.0, 65.0, 2020-08-21 11:00:00, 0.0
129.0, 66.0, 6.8, 0.0, 9.4, 12.4, 15.7, 17.9, 69.0, 0.0, 0.0, 64.0, 2020-08-21 12:00:00, 0.0
93.0, 65.0, 8.5, 0.0, 9.8, 5.5, 16.4, 17.6, 64.0, 0.0, 0.0, 69.0, 2020-08-21 13:00:00, 0.0
80.0, 64.0, 12.4, 0.0, 11.0, 3.8, 17.9, 16.9, 129.0, 0.0, 0.0, 74.0, 2020-08-21 14:00:00, 0.0
111.0, 69.0, 5.5, 0.0, 11.9, 10.3, 17.6, 17.1, 93.0, 0.0, 0.0, 66.0, 2020-08-21 15:00:00, 0.0
54.0, 74.0, 3.8, 3.0, 12.2, 6.6, 16.9, 14.9, 80.0, 0.0, 0.0, 91.0, 2020-08-21 16:00:00, 0.0
356.0, 66.0, 10.3, 1.2, 10.7, 4.1, 17.1, 14.6, 111.0, 0.0, 0.0, 94.0, 2020-08-21 17:00:00, 0.0
33.0, 91.0, 6.6, 1.8, 13.4, 5.9, 14.9, 13.9, 54.0, 3.0, 3.0, 96.0, 2020-08-21 18:00:00, 0.0
111.0, 94.0, 4.1, 4.2, 13.6, 8.3, 14.6, 13.8, 356.0, 1.2, 4.2, 97.0, 2020-08-21 19:00:00, 0.0
80.0, 96.0, 5.9, 0.8, 13.3, 7.8, 13.9, 13.4, 33.0, 1.8, 6.0, 97.0, 2020-08-21 20:00:00, 0.0
41.0, 97.0, 8.3, 0.2, 13.3, 6.7, 13.8, 12.8, 111.0, 4.2, 10.2, 97.0, 2020-08-21 21:00:00, None
20.0, 97.0, 7.8, 0.0, 12.9, 7.0, 13.4, 12.4, 80.0, 0.8, 11.0, 97.0, 2020-08-21 22:00:00, 0.0
12.0, 97.0, 6.7, 0.2, 12.3, 7.9, 12.8, 12.0, 41.0, 0.2, 11.2, 98.0, 2020-08-21 23:00:00, 0.0
27.0, 97.0, 7.0, 0.0, 11.9, 5.2, 12.4, 11.7, 20.0, 0.0, 11.2, 98.0, 2020-08-22 00:00:00, 0.0
349.0, 98.0, 7.9, 0.0, 11.7, 5.3, 12.0, 11.7, 12.0, 0.2, 11.4, 98.0, 2020-08-22 01:00:00, 0.0
57.0, 98.0, 5.2, 0.0, 11.4, 9.1, 11.7, 11.5, 27.0, 0.0, 11.4, 98.0, 2020-08-22 02:00:00, 0.0
326.0, 98.0, 5.3, 0.0, 11.4, 6.0, 11.7, 11.7, 349.0, 0.0, 11.4, 98.0, 2020-08-22 03:00:00, 0.0
1.0, 98.0, 9.1, 0.2, 11.2, 5.1, 11.5, 11.2, 57.0, 0.0, 11.4, 97.0, 2020-08-22 04:00:00, 0.0
12.0, 98.0, 6.0, 1.4, 11.4, 7.4, 11.7, 10.2, 326.0, 0.0, 11.4, 95.0, 2020-08-22 05:00:00, 0.0
81.0, 97.0, 5.1, 0.0, 10.7, 5.6, 11.2, 11.2, 1.0, 0.2, 11.6, 93.0, 2020-08-22 06:00:00, 0.0
63.0, 95.0, 7.4, 0.4, 9.4, 3.0, 10.2, 12.1, 12.0, 1.4, 13.0, 89.0, 2020-08-22 07:00:00, 0.0
48.0, 93.0, 5.6, 0.0, 10.1, 2.7, 11.2, 13.1, 81.0, 0.0, 13.0, 88.0, 2020-08-22 08:00:00, 0.0
143.0, 89.0, 3.0, 0.0, 10.3, 4.2, 12.1, 14.4, 63.0, 0.4, 13.4, 74.0, 2020-08-22 09:00:00, 0.0
57.0, 88.0, 2.7, 0.0, 11.2, 3.3, 13.1, 15.5, 48.0, 0.0, 13.4, 72.0, 2020-08-22 10:00:00, 0.0
184.0, 74.0, 4.2, 0.0, 9.8, 5.4, 14.4, 17.7, 143.0, 0.0, 13.4, 61.0, 2020-08-22 11:00:00, 0.0
140.0, 72.0, 3.3, 0.0, 10.5, 4.5, 15.5, 17.3, 57.0, 0.0, 13.4, 65.0, 2020-08-22 12:00:00, 0.0
190.0, 61.0, 5.4, 0.0, 10.1, 5.6, 17.7, 18.7, 184.0, 0.0, 13.4, 58.0, 2020-08-22 13:00:00, 0.0
232.0, 65.0, 4.5, 0.0, 10.7, 8.7, 17.3, 17.5, 140.0, 0.0, 13.4, 64.0, 2020-08-22 14:00:00, 0.0
273.0, 58.0, 5.6, 0.0, 10.3, 6.9, 18.7, 16.1, 190.0, 0.0, 13.4, 64.0, 2020-08-22 15:00:00, 0.0
287.0, 64.0, 8.7, 0.0, 10.6, 4.9, 17.5, 15.6, 232.0, 0.0, 13.4, 72.0, 2020-08-22 16:00:00, 0.0
30.0, 64.0, 6.9, 0.0, 9.3, 3.8, 16.1, 13.5, 273.0, 0.0, 13.4, 84.0, 2020-08-22 17:00:00, 0.0
12.0, 72.0, 4.9, 0.0, 10.6, 6.0, 15.6, 12.4, 287.0, 0.0, 10.4, 87.0, 2020-08-22 18:00:00, 0.0
26.0, 84.0, 3.8, 0.2, 10.9, 7.5, 13.5, 11.1, 30.0, 0.0, 9.2, 91.0, 2020-08-22 19:00:00, 0.0
24.0, 87.0, 6.0, 0.0, 10.3, 8.3, 12.4, 10.5, 12.0, 0.0, 7.4, 89.0, 2020-08-22 20:00:00, 0.0
22.0, 91.0, 7.5, 0.0, 9.7, 9.5, 11.1, 9.7, 26.0, 0.2, 3.4, 88.0, 2020-08-22 21:00:00, 0.0
23.0, 89.0, 8.3, 0.0, 8.8, 8.1, 10.5, 9.1, 24.0, 0.0, 2.6, 86.0, 2020-08-22 22:00:00, 0.0
26.0, 88.0, 9.5, 0.0, 7.8, 6.8, 9.7, 8.9, 22.0, 0.0, 2.4, 87.0, 2020-08-22 23:00:00, 0.0
22.0, 86.0, 8.1, 0.0, 6.9, 6.8, 9.1, 8.3, 23.0, 0.0, 2.4, 87.0, 2020-08-23 00:00:00, 0.0
31.0, 87.0, 6.8, 0.0, 6.9, 5.2, 8.9, 8.2, 26.0, 0.0, 2.2, 87.0, 2020-08-23 01:00:00, 0.0
25.0, 87.0, 6.8, 0.0, 6.3, 5.2, 8.3, 8.4, 22.0, 0.0, 2.2, 88.0, 2020-08-23 02:00:00, 0.0
53.0, None, None, 0.0, None, 5.3, None, 8.4, None, None, None, 88.0, 2020-08-23 03:00:00, None
49.0, None, None, 0.0, None, 5.2, None, 8.4, None, None, None, 89.0, 2020-08-23 04:00:00, None
69.0, None, None, 0.0, None, 3.2, None, 8.6, None, None, None, 89.0, 2020-08-23 05:00:00, None
81.0, 89.0, 5.2, 0.0, 6.7, 3.1, 8.4, 10.1, 49.0, 0.0, 2.0, 88.0, 2020-08-23 06:00:00, 0.0
235.0, 89.0, 3.2, 0.0, 6.9, 5.5, 8.6, 11.0, 69.0, 0.0, 0.6, 88.0, 2020-08-23 07:00:00, 0.0
193.0, 88.0, 3.1, 0.0, 8.2, 5.5, 10.1, 15.1, 81.0, 0.0, 0.6, 69.0, 2020-08-23 08:00:00, 0.0
206.0, 88.0, 5.5, 0.0, 9.1, 4.7, 11.0, 15.2, 235.0, 0.0, 0.2, 68.0, 2020-08-23 09:00:00, 0.0
225.0, 69.0, 5.5, 0.0, 9.5, 4.6, 15.1, 16.2, 193.0, 0.0, 0.2, 72.0, 2020-08-23 10:00:00, 0.0
200.0, 68.0, 4.7, 0.0, 9.3, 5.0, 15.2, 18.0, 206.0, 0.0, 0.2, 60.0, 2020-08-23 11:00:00, 0.0
199.0, None, None, 0.0, None, 5.0, None, 19.5, None, None, None, 54.0, 2020-08-23 12:00:00, None
207.0, 60.0, 5.0, 0.0, 10.1, 5.8, 18.0, 22.6, 200.0, 0.0, 0.2, 47.0, 2020-08-23 13:00:00, 0.0
208.0, 54.0, 5.0, 0.0, 10.0, 6.6, 19.5, 23.1, 199.0, 0.0, 0.2, 48.0, 2020-08-23 14:00:00, 0.0
259.0, 47.0, 5.8, 0.0, 10.7, 5.8, 22.6, 21.3, 207.0, 0.0, 0.2, 45.0, 2020-08-23 15:00:00, 0.0
15.0, 48.0, 6.6, 0.0, 11.5, 5.3, 23.1, 17.6, 208.0, 0.0, 0.2, 69.0, 2020-08-23 16:00:00, 0.0
27.0, 45.0, 5.8, 0.0, 8.9, 6.4, 21.3, 16.0, 259.0, 0.0, 0.2, 72.0, 2020-08-23 17:00:00, 0.0
20.0, 69.0, 5.3, 0.0, 11.9, 7.4, 17.6, 14.5, 15.0, 0.0, 0.2, 73.0, 2020-08-23 18:00:00, 0.0
25.0, 72.0, 6.4, 0.0, 11.0, 5.9, 16.0, 13.9, 27.0, 0.0, 0.2, 72.0, 2020-08-23 19:00:00, 0.0
349.0, 73.0, 7.4, 0.0, 9.7, 7.5, 14.5, 14.0, 20.0, 0.0, 0.2, 67.0, 2020-08-23 20:00:00, 0.0
14.0, 72.0, 5.9, 0.0, 8.9, 6.2, 13.9, 14.3, 25.0, 0.0, 0.0, 66.0, 2020-08-23 21:00:00, 0.0
40.0, 67.0, 7.5, 0.0, 8.0, 6.3, 14.0, 13.3, 349.0, 0.0, 0.0, 68.0, 2020-08-23 22:00:00, 0.0
18.0, 66.0, 6.2, 0.0, 8.0, 6.3, 14.3, 12.8, 14.0, 0.0, 0.0, 65.0, 2020-08-23 23:00:00, 0.0
32.0, 68.0, 6.3, 0.0, 7.5, 5.3, 13.3, 12.9, 40.0, 0.0, 0.0, 67.0, 2020-08-24 00:00:00, 0.0
17.0, 65.0, 6.3, 0.0, 6.4, 3.9, 12.8, 12.3, 18.0, 0.0, 0.0, 68.0, 2020-08-24 01:00:00, 0.0
70.0, 67.0, 5.3, 0.0, 6.9, 3.6, 12.9, 12.1, 32.0, 0.0, 0.0, 72.0, 2020-08-24 02:00:00, 0.0
10.0, None, None, 0.0, None, 2.7, None, 11.7, None, None, None, 75.0, 2020-08-24 03:00:00, None
331.0, None, None, 0.0, None, 4.8, None, 11.7, None, None, None, 77.0, 2020-08-24 04:00:00, None
18.0, 75.0, 2.7, 0.0, 7.4, 4.1, 11.7, 11.4, 10.0, 0.0, 0.0, 84.0, 2020-08-24 05:00:00, 0.0
337.0, 77.0, 4.8, 0.0, 7.8, 4.9, 11.7, 11.5, 331.0, 0.0, 0.0, 87.0, 2020-08-24 06:00:00, 0.0
300.0, 84.0, 4.1, 0.0, 8.8, 3.5, 11.4, 12.1, 18.0, 0.0, 0.0, 85.0, 2020-08-24 07:00:00, 0.0
175.0, 87.0, 4.9, 0.2, 9.4, 3.8, 11.5, 11.7, 337.0, 0.0, 0.0, 91.0, 2020-08-24 08:00:00, 0.0
298.0, 85.0, 3.5, 0.8, 9.7, 8.2, 12.1, 11.3, 300.0, 0.0, 0.0, 90.0, 2020-08-24 09:00:00, 0.0
302.0, 91.0, 3.8, 1.8, 10.3, 9.5, 11.7, 11.4, 175.0, 0.2, 0.2, 91.0, 2020-08-24 10:00:00, 0.0
327.0, 90.0, 8.2, 0.2, 9.7, 9.4, 11.3, 11.3, 298.0, 0.8, 1.0, 89.0, 2020-08-24 11:00:00, 0.0
305.0, 91.0, 9.5, 0.0, 10.0, 7.4, 11.4, 12.3, 302.0, 1.8, 2.8, 82.0, 2020-08-24 12:00:00, 0.0
308.0, 89.0, 9.4, 0.0, 9.6, 7.5, 11.3, 12.7, 327.0, 0.2, 3.0, 88.0, 2020-08-24 13:00:00, 0.0
49.0, 82.0, 7.4, 0.0, 9.3, 3.4, 12.3, 12.4, 305.0, 0.0, 3.0, 89.0, 2020-08-24 14:00:00, 0.0
305.0, 88.0, 7.5, 0.0, 10.8, 5.0, 12.7, 13.2, 308.0, 0.0, 3.0, 84.0, 2020-08-24 15:00:00, 0.0
301.0, 89.0, 3.4, 0.0, 10.6, 10.9, 12.4, 12.8, 49.0, 0.0, 3.0, 81.0, 2020-08-24 16:00:00, 0.0
340.0, 84.0, 5.0, 0.0, 10.6, 8.1, 13.2, 12.6, 305.0, 0.0, 3.0, 82.0, 2020-08-24 17:00:00, 0.0
349.0, 81.0, 10.9, 0.0, 9.6, 7.1, 12.8, 10.5, 301.0, 0.0, 3.0, 90.0, 2020-08-24 18:00:00, 0.0
15.0, 82.0, 8.1, 0.0, 9.6, 6.9, 12.6, 8.7, 340.0, 0.0, 3.0, 93.0, 2020-08-24 19:00:00, 0.0
7.0, 90.0, 7.1, 0.0, 8.9, 6.7, 10.5, 9.0, 349.0, 0.0, 3.0, 94.0, 2020-08-24 20:00:00, 0.0
16.0, 93.0, 6.9, 0.0, 7.6, 5.6, 8.7, 9.2, 15.0, 0.0, 3.0, 94.0, 2020-08-24 21:00:00, 0.0
19.0, 94.0, 6.7, 0.0, 8.1, 4.5, 9.0, 9.1, 7.0, 0.0, 3.0, 92.0, 2020-08-24 22:00:00, 0.0
10.0, 94.0, 5.6, 0.0, 8.3, 5.8, 9.2, 8.4, 16.0, 0.0, 3.0, 92.0, 2020-08-24 23:00:00, 0.0
339.0, 92.0, 4.5, 0.0, 7.9, 7.8, 9.1, 8.4, 19.0, 0.0, 3.0, 87.0, 2020-08-25 00:00:00, 0.0
336.0, 92.0, 5.8, 0.0, 7.2, 8.4, 8.4, 7.8, 10.0, 0.0, 3.0, 90.0, 2020-08-25 01:00:00, 0.0
348.0, 87.0, 7.8, 0.0, 6.4, 7.6, 8.4, 7.7, 339.0, 0.0, 3.0, 90.0, 2020-08-25 02:00:00, 0.0
357.0, 90.0, 8.4, 0.0, 6.3, 6.1, 7.8, 7.8, 336.0, 0.0, 3.0, 90.0, 2020-08-25 03:00:00, 0.0
20.0, 90.0, 7.6, 0.0, 6.2, 7.3, 7.7, 6.5, 348.0, 0.0, 3.0, 92.0, 2020-08-25 04:00:00, 0.0
21.0, 90.0, 6.1, 0.0, 6.3, 6.3, 7.8, 7.2, 357.0, 0.0, 3.0, 91.0, 2020-08-25 05:00:00, 0.0
226.0, 92.0, 7.3, 0.0, 5.3, 0.0, 6.5, 10.3, 20.0, 0.0, 3.0, 87.0, 2020-08-25 06:00:00, 0.0
259.0, 91.0, 6.3, 0.0, 5.8, 7.2, 7.2, 10.9, 21.0, 0.0, 3.0, 84.0, 2020-08-25 07:00:00, 0.0
223.0, 87.0, 0.0, 0.0, 8.2, 9.6, 10.3, 14.2, 226.0, 0.0, 3.0, 70.0, 2020-08-25 08:00:00, 0.0
222.0, 84.0, 7.2, 0.2, 8.3, 10.9, 10.9, 15.2, 259.0, 0.0, 3.0, 69.0, 2020-08-25 09:00:00, 0.0
208.0, 70.0, 9.6, 0.0, 8.8, 9.3, 14.2, 15.7, 223.0, 0.0, 2.8, 70.0, 2020-08-25 10:00:00, 0.0
233.0, 69.0, 10.9, 0.0, 9.6, 8.2, 15.2, 19.9, 222.0, 0.2, 2.2, 50.0, 2020-08-25 11:00:00, 0.0
217.0, 70.0, 9.3, 0.0, 10.2, 4.8, 15.7, 19.6, 208.0, 0.0, 0.4, 51.0, 2020-08-25 12:00:00, 0.0
255.0, 50.0, 8.2, 0.0, 9.2, 7.4, 19.9, 21.1, 233.0, 0.0, 0.2, 34.0, 2020-08-25 13:00:00, 0.0
278.0, 51.0, 4.8, 0.0, 9.2, 7.8, 19.6, 18.9, 217.0, 0.0, 0.2, 47.0, 2020-08-25 14:00:00, 0.0
242.0, 34.0, 7.4, 0.0, 4.6, 10.6, 21.1, 20.5, 255.0, 0.0, 0.2, 44.0, 2020-08-25 15:00:00, 0.0
286.0, 47.0, 7.8, 0.0, 7.4, 7.5, 18.9, 19.0, 278.0, 0.0, 0.2, 47.0, 2020-08-25 16:00:00, 0.0
124.0, 44.0, 10.6, 0.0, 7.8, 3.3, 20.5, 20.2, 242.0, 0.0, 0.2, 58.0, 2020-08-25 17:00:00, 0.0
17.0, 47.0, 7.5, 0.0, 7.4, 6.4, 19.0, 14.1, 286.0, 0.0, 0.2, 71.0, 2020-08-25 18:00:00, 0.0
25.0, 58.0, 3.3, 0.0, 11.7, 9.4, 20.2, 11.9, 124.0, 0.0, 0.2, 67.0, 2020-08-25 19:00:00, 0.0
19.0, 71.0, 6.4, 0.0, 8.9, 8.2, 14.1, 10.9, 17.0, 0.0, 0.2, 77.0, 2020-08-25 20:00:00, 0.0
26.0, 67.0, 9.4, 0.0, 6.0, 8.4, 11.9, 10.8, 25.0, 0.0, 0.2, 74.0, 2020-08-25 21:00:00, 0.0
27.0, 77.0, 8.2, 0.0, 7.0, 6.0, 10.9, 10.0, 19.0, 0.0, 0.2, 73.0, 2020-08-25 22:00:00, 0.0
26.0, 74.0, 8.4, 0.0, 6.4, 8.4, 10.8, 9.7, 26.0, 0.0, 0.2, 75.0, 2020-08-25 23:00:00, 0.0
12.0, 73.0, 6.0, 0.0, 5.4, 4.3, 10.0, 9.6, 27.0, 0.0, 0.2, 75.0, 2020-08-26 00:00:00, 0.0
323.0, 75.0, 8.4, 0.0, 5.5, 5.8, 9.7, 10.8, 26.0, 0.0, 0.2, 73.0, 2020-08-26 01:00:00, 0.0
355.0, 75.0, 4.3, 1.0, 5.4, 10.6, 9.6, 10.7, 12.0, 0.0, 0.2, 82.0, 2020-08-26 02:00:00, 0.0
11.0, 73.0, 5.8, 1.0, 6.2, 6.8, 10.8, 9.3, 323.0, 0.0, 0.2, 92.0, 2020-08-26 03:00:00, 0.0
1.0, 82.0, 10.6, 0.2, 7.8, 5.0, 10.7, 8.3, 355.0, 1.0, 1.2, 94.0, 2020-08-26 04:00:00, 0.0
22.0, 92.0, 6.8, 0.0, 8.1, 9.1, 9.3, 7.5, 11.0, 1.0, 2.2, 96.0, 2020-08-26 05:00:00, 0.0
27.0, 94.0, 5.0, 0.0, 7.4, 3.8, 8.3, 9.5, 1.0, 0.2, 2.4, 97.0, 2020-08-26 06:00:00, 0.0
116.0, 96.0, 9.1, 0.0, 6.9, 1.9, 7.5, 11.7, 22.0, 0.0, 2.4, 91.0, 2020-08-26 07:00:00, 0.0
220.0, None, None, 0.0, None, 5.4, None, 14.0, None, None, None, 84.0, 2020-08-26 08:00:00, None
203.0, 91.0, 1.9, 0.0, 10.3, 5.4, 11.7, 16.0, 116.0, 0.0, 2.4, 74.0, 2020-08-26 09:00:00, 0.0
201.0, 84.0, 5.4, 0.0, 11.3, 5.5, 14.0, 18.2, 220.0, 0.0, 2.4, 56.0, 2020-08-26 10:00:00, 0.0
213.0, 74.0, 5.4, 0.0, 11.4, 3.1, 16.0, 16.5, 203.0, 0.0, 2.2, 64.0, 2020-08-26 11:00:00, 0.0
238.0, 56.0, 5.5, 0.0, 9.3, 10.8, 18.2, 17.8, 201.0, 0.0, 2.2, 58.0, 2020-08-26 12:00:00, 0.0
281.0, 64.0, 3.1, 0.0, 9.7, 15.3, 16.5, 17.8, 213.0, 0.0, 2.2, 51.0, 2020-08-26 13:00:00, 0.0
292.0, 58.0, 10.8, 0.0, 9.4, 7.2, 17.8, 16.4, 238.0, 0.0, 2.2, 62.0, 2020-08-26 14:00:00, 0.0
295.0, 51.0, 15.3, 0.0, 7.5, 12.1, 17.8, 17.5, 281.0, 0.0, 2.2, 53.0, 2020-08-26 15:00:00, 0.0
3.0, 62.0, 7.2, 0.0, 9.1, 6.3, 16.4, 16.6, 292.0, 0.0, 2.2, 60.0, 2020-08-26 16:00:00, 0.0
15.0, 53.0, 12.1, 0.0, 7.8, 5.9, 17.5, 14.4, 295.0, 0.0, 2.2, 76.0, 2020-08-26 17:00:00, 0.0
5.0, 60.0, 6.3, 0.0, 8.8, 6.0, 16.6, 13.1, 3.0, 0.0, 2.2, 83.0, 2020-08-26 18:00:00, 0.0
24.0, 76.0, 5.9, 0.0, 10.2, 7.6, 14.4, 12.3, 15.0, 0.0, 2.2, 82.0, 2020-08-26 19:00:00, 0.0
42.0, 83.0, 6.0, 0.0, 10.3, 5.2, 13.1, 11.8, 5.0, 0.0, 2.2, 77.0, 2020-08-26 20:00:00, 0.0
24.0, 82.0, 7.6, 0.0, 9.3, 7.1, 12.3, 10.7, 24.0, 0.0, 2.2, 79.0, 2020-08-26 21:00:00, 0.0
12.0, 77.0, 5.2, 0.0, 7.9, 7.6, 11.8, 9.9, 42.0, 0.0, 2.2, 82.0, 2020-08-26 22:00:00, 0.0
19.0, 79.0, 7.1, 0.0, 7.2, 5.5, 10.7, 10.1, 24.0, 0.0, 2.2, 80.0, 2020-08-26 23:00:00, 0.0
6.0, 82.0, 7.6, 0.0, 7.0, 6.0, 9.9, 9.1, 12.0, 0.0, 2.2, 83.0, 2020-08-27 00:00:00, 0.0
14.0, 80.0, 5.5, 0.0, 6.8, 6.0, 10.1, 8.9, 19.0, 0.0, 2.2, 83.0, 2020-08-27 01:00:00, 0.0
51.0, 83.0, 6.0, 0.0, 6.4, 4.8, 9.1, 9.7, 6.0, 0.0, 2.2, 85.0, 2020-08-27 02:00:00, 0.0
29.0, 83.0, 6.0, 0.0, 6.2, 6.4, 8.9, 10.0, 14.0, 0.0, 2.2, 79.0, 2020-08-27 03:00:00, 0.0
80.0, 85.0, 4.8, 0.0, 7.3, 4.5, 9.7, 10.2, 51.0, 0.0, 1.2, 83.0, 2020-08-27 04:00:00, 0.0
73.0, 79.0, 6.4, 0.0, 6.5, 4.1, 10.0, 10.2, 29.0, 0.0, 0.2, 85.0, 2020-08-27 05:00:00, 0.0
83.0, 83.0, 4.5, 0.0, 7.4, 4.5, 10.2, 11.5, 80.0, 0.0, 0.0, 80.0, 2020-08-27 06:00:00, 0.0
226.0, 85.0, 4.1, 0.0, 7.8, 5.9, 10.2, 14.8, 73.0, 0.0, 0.0, 70.0, 2020-08-27 07:00:00, 0.0
253.0, 80.0, 4.5, 0.0, 8.2, 11.1, 11.5, 14.7, 83.0, 0.0, 0.0, 69.0, 2020-08-27 08:00:00, 0.0
279.0, 70.0, 5.9, 0.0, 9.4, 10.0, 14.8, 15.0, 226.0, 0.0, 0.0, 63.0, 2020-08-27 09:00:00, 0.0
272.0, 69.0, 11.1, 0.0, 9.1, 10.6, 14.7, 16.4, 253.0, 0.0, 0.0, 59.0, 2020-08-27 10:00:00, 0.0
263.0, 63.0, 10.0, 0.0, 8.0, 13.3, 15.0, 19.8, 279.0, 0.0, 0.0, 45.0, 2020-08-27 11:00:00, 0.0
222.0, 59.0, 10.6, 0.0, 8.4, 10.7, 16.4, 21.6, 272.0, 0.0, 0.0, 36.0, 2020-08-27 12:00:00, 0.0
261.0, 45.0, 13.3, 0.0, 7.5, 9.9, 19.8, 20.7, 263.0, 0.0, 0.0, 38.0, 2020-08-27 13:00:00, 0.0
246.0, 36.0, 10.7, 0.0, 5.9, 11.9, 21.6, 22.0, 222.0, 0.0, 0.0, 32.0, 2020-08-27 14:00:00, 0.0
256.0, 38.0, 9.9, 0.0, 5.9, 10.3, 20.7, 22.6, 261.0, 0.0, 0.0, 31.0, 2020-08-27 15:00:00, 0.0
324.0, 32.0, 11.9, 0.0, 4.6, 7.7, 22.0, 19.1, 246.0, 0.0, 0.0, 38.0, 2020-08-27 16:00:00, 0.0
336.0, 31.0, 10.3, 0.0, 4.6, 8.2, 22.6, 17.7, 256.0, 0.0, 0.0, 43.0, 2020-08-27 17:00:00, 0.0
29.0, 38.0, 7.7, 0.0, 4.5, 8.5, 19.1, 14.0, 324.0, 0.0, 0.0, 63.0, 2020-08-27 18:00:00, 0.0
22.0, 43.0, 8.2, 0.0, 5.0, 9.6, 17.7, 12.5, 336.0, 0.0, 0.0, 64.0, 2020-08-27 19:00:00, 0.0
25.0, 63.0, 8.5, 0.0, 7.1, 10.3, 14.0, 11.7, 29.0, 0.0, 0.0, 62.0, 2020-08-27 20:00:00, 0.0
25.0, 64.0, 9.6, 0.0, 5.9, 8.8, 12.5, 10.8, 22.0, 0.0, 0.0, 67.0, 2020-08-27 21:00:00, 0.0
26.0, 62.0, 10.3, 0.0, 4.7, 7.0, 11.7, 10.6, 25.0, 0.0, 0.0, 67.0, 2020-08-27 22:00:00, 0.0
40.0, 67.0, 8.8, 0.0, 4.9, 7.2, 10.8, 10.4, 25.0, 0.0, 0.0, 64.0, 2020-08-27 23:00:00, 0.0
29.0, 67.0, 7.0, 0.0, 4.7, 7.1, 10.6, 9.8, 26.0, 0.0, 0.0, 66.0, 2020-08-28 00:00:00, 0.0
16.0, 64.0, 7.2, 0.0, 3.9, 5.8, 10.4, 8.9, 40.0, 0.0, 0.0, 75.0, 2020-08-28 01:00:00, 0.0
27.0, 66.0, 7.1, 0.0, 3.8, 8.1, 9.8, 8.8, 29.0, 0.0, 0.0, 71.0, 2020-08-28 02:00:00, 0.0
30.0, 75.0, 5.8, 0.0, 4.7, 5.6, 8.9, 8.3, 16.0, 0.0, 0.0, 71.0, 2020-08-28 03:00:00, 0.0
38.0, 71.0, 8.1, 0.0, 3.8, 5.7, 8.8, 8.1, 27.0, 0.0, 0.0, 73.0, 2020-08-28 04:00:00, 0.0
25.0, 71.0, 5.6, 0.0, 3.4, 4.1, 8.3, 8.0, 30.0, 0.0, 0.0, 76.0, 2020-08-28 05:00:00, 0.0
154.0, 73.0, 5.7, 0.0, 3.6, 2.6, 8.1, 9.8, 38.0, 0.0, 0.0, 74.0, 2020-08-28 06:00:00, 0.0
157.0, 76.0, 4.1, 0.0, 4.0, 4.0, 8.0, 14.1, 25.0, 0.0, 0.0, 66.0, 2020-08-28 07:00:00, 0.0
160.0, 74.0, 2.6, 0.0, 5.4, 5.0, 9.8, 15.5, 154.0, 0.0, 0.0, 65.0, 2020-08-28 08:00:00, 0.0
162.0, 66.0, 4.0, 0.0, 7.8, 7.0, 14.1, 16.8, 157.0, 0.0, 0.0, 58.0, 2020-08-28 09:00:00, 0.0
164.0, 65.0, 5.0, 0.0, 9.0, 5.7, 15.5, 19.1, 160.0, 0.0, 0.0, 49.0, 2020-08-28 10:00:00, 0.0
178.0, 58.0, 7.0, 0.0, 8.5, 4.5, 16.8, 20.7, 162.0, 0.0, 0.0, 44.0, 2020-08-28 11:00:00, 0.0
165.0, 49.0, 5.7, 0.0, 8.1, 4.6, 19.1, 21.6, 164.0, 0.0, 0.0, 43.0, 2020-08-28 12:00:00, 0.0
182.0, 44.0, 4.5, 0.0, 8.0, 5.2, 20.7, 23.9, 178.0, 0.0, 0.0, 33.0, 2020-08-28 13:00:00, 0.0
122.0, 43.0, 4.6, 0.0, 8.5, 2.7, 21.6, 22.4, 165.0, 0.0, 0.0, 40.0, 2020-08-28 14:00:00, 0.0
27.0, 33.0, 5.2, 0.0, 6.7, 4.5, 23.9, 20.9, 182.0, 0.0, 0.0, 49.0, 2020-08-28 15:00:00, 0.0
8.0, 40.0, 2.7, 0.0, 8.1, 3.7, 22.4, 22.8, 122.0, 0.0, 0.0, 43.0, 2020-08-28 16:00:00, 0.0
15.0, 49.0, 4.5, 0.0, 9.8, 6.9, 20.9, 16.5, 27.0, 0.0, 0.0, 61.0, 2020-08-28 17:00:00, 0.0
35.0, 43.0, 3.7, 0.0, 9.6, 7.0, 22.8, 14.9, 8.0, 0.0, 0.0, 66.0, 2020-08-28 18:00:00, 0.0
23.0, 61.0, 6.9, 0.0, 9.0, 8.2, 16.5, 14.0, 15.0, 0.0, 0.0, 63.0, 2020-08-28 19:00:00, 0.0
8.0, 66.0, 7.0, 0.0, 8.6, 7.2, 14.9, 13.4, 35.0, 0.0, 0.0, 62.0, 2020-08-28 20:00:00, 0.0
13.0, 63.0, 8.2, 0.0, 7.1, 6.6, 14.0, 12.8, 23.0, 0.0, 0.0, 62.0, 2020-08-28 21:00:00, 0.0
320.0, 62.0, 7.2, 0.0, 6.3, 6.8, 13.4, 12.8, 8.0, 0.0, 0.0, 62.0, 2020-08-28 22:00:00, 0.0
347.0, 62.0, 6.6, 0.0, 5.7, 8.6, 12.8, 13.3, 13.0, 0.0, 0.0, 62.0, 2020-08-28 23:00:00, 0.0
318.0, 62.0, 6.8, 0.0, 5.7, 7.5, 12.8, 12.4, 320.0, 0.0, 0.0, 69.0, 2020-08-29 00:00:00, 0.0
305.0, 62.0, 8.6, 0.0, 6.2, 12.0, 13.3, 12.5, 347.0, 0.0, 0.0, 68.0, 2020-08-29 01:00:00, 0.0
300.0, 69.0, 7.5, 0.0, 6.9, 10.8, 12.4, 11.7, 318.0, 0.0, 0.0, 71.0, 2020-08-29 02:00:00, 0.0
287.0, 68.0, 12.0, 0.2, 6.8, 11.1, 12.5, 10.2, 305.0, 0.0, 0.0, 86.0, 2020-08-29 03:00:00, 0.0
351.0, 71.0, 10.8, 0.8, 6.6, 6.8, 11.7, 10.0, 300.0, 0.0, 0.0, 83.0, 2020-08-29 04:00:00, 0.0
304.0, 86.0, 11.1, 0.6, 8.0, 6.8, 10.2, 9.1, 287.0, 0.2, 0.2, 88.0, 2020-08-29 05:00:00, 0.0
313.0, 83.0, 6.8, 0.4, 7.2, 13.8, 10.0, 9.1, 351.0, 0.8, 1.0, 85.0, 2020-08-29 06:00:00, 0.0
314.0, 88.0, 6.8, 0.2, 7.2, 9.3, 9.1, 9.2, 304.0, 0.6, 1.6, 83.0, 2020-08-29 07:00:00, 0.0
268.0, 85.0, 13.8, 0.0, 6.7, 12.7, 9.1, 12.6, 313.0, 0.4, 2.0, 75.0, 2020-08-29 08:00:00, 0.0
271.0, 83.0, 9.3, 0.0, 6.5, 8.6, 9.2, 12.6, 314.0, 0.2, 2.2, 71.0, 2020-08-29 09:00:00, 0.0
267.0, 75.0, 12.7, 0.0, 8.3, 10.8, 12.6, 14.5, 268.0, 0.0, 2.2, 57.0, 2020-08-29 10:00:00, 0.0
240.0, 71.0, 8.6, 0.0, 7.5, 11.1, 12.6, 17.2, 271.0, 0.0, 2.2, 47.0, 2020-08-29 11:00:00, 0.0
232.0, 57.0, 10.8, 0.0, 6.1, 9.9, 14.5, 18.6, 267.0, 0.0, 2.2, 45.0, 2020-08-29 12:00:00, 0.0
249.0, 47.0, 11.1, 0.0, 5.8, 11.6, 17.2, 19.4, 240.0, 0.0, 2.2, 39.0, 2020-08-29 13:00:00, 0.0
233.0, 45.0, 9.9, 0.0, 6.4, 11.9, 18.6, 19.4, 232.0, 0.0, 2.2, 35.0, 2020-08-29 14:00:00, 0.0
267.0, 39.0, 11.6, 0.0, 5.1, 9.4, 19.4, 16.2, 249.0, 0.0, 2.2, 41.0, 2020-08-29 15:00:00, 0.0
286.0, 35.0, 11.9, 0.0, 3.6, 7.0, 19.4, 14.2, 233.0, 0.0, 2.2, 45.0, 2020-08-29 16:00:00, 0.0
296.0, 41.0, 9.4, 0.0, 2.9, 7.4, 16.2, 12.9, 267.0, 0.0, 2.2, 42.0, 2020-08-29 17:00:00, 0.0
341.0, 45.0, 7.0, 0.0, 2.4, 5.1, 14.2, 11.3, 286.0, 0.0, 2.2, 55.0, 2020-08-29 18:00:00, 0.0
331.0, 42.0, 7.4, 0.0, 0.3, 6.8, 12.9, 11.6, 296.0, 0.0, 2.2, 46.0, 2020-08-29 19:00:00, 0.0
335.0, 55.0, 5.1, 0.0, 2.6, 5.0, 11.3, 10.0, 341.0, 0.0, 2.2, 56.0, 2020-08-29 20:00:00, 0.0
301.0, 46.0, 6.8, 0.0, 0.4, 9.7, 11.6, 9.8, 331.0, 0.0, 2.2, 50.0, 2020-08-29 21:00:00, 0.0
305.0, 56.0, 5.0, 0.0, 1.6, 9.2, 10.0, 9.5, 335.0, 0.0, 2.2, 56.0, 2020-08-29 22:00:00, 0.0
335.0, 50.0, 9.7, 0.0, -0.1, 10.7, 9.8, 9.2, 301.0, 0.0, 2.2, 55.0, 2020-08-29 23:00:00, 0.0
315.0, 56.0, 9.2, 0.0, 1.2, 12.0, 9.5, 8.9, 305.0, 0.0, 2.2, 62.0, 2020-08-30 00:00:00, 0.0
307.0, 55.0, 10.7, 0.0, 0.6, 6.6, 9.2, 7.7, 335.0, 0.0, 2.2, 65.0, 2020-08-30 01:00:00, 0.0
324.0, 62.0, 12.0, 0.0, 2.0, 11.2, 8.9, 7.9, 315.0, 0.0, 2.2, 67.0, 2020-08-30 02:00:00, 0.0
314.0, 65.0, 6.6, 0.0, 1.5, 12.2, 7.7, 7.7, 307.0, 0.0, 2.2, 69.0, 2020-08-30 03:00:00, 0.0
309.0, 67.0, 11.2, 0.0, 2.2, 11.1, 7.9, 7.4, 324.0, 0.0, 2.2, 69.0, 2020-08-30 04:00:00, 0.0
305.0, 69.0, 12.2, 0.0, 2.4, 12.2, 7.7, 7.7, 314.0, 0.0, 2.0, 68.0, 2020-08-30 05:00:00, 0.0
322.0, 69.0, 11.1, 0.0, 2.1, 11.8, 7.4, 7.7, 309.0, 0.0, 1.2, 67.0, 2020-08-30 06:00:00, 0.0
287.0, 68.0, 12.2, 0.0, 2.2, 11.1, 7.7, 9.4, 305.0, 0.0, 0.6, 63.0, 2020-08-30 07:00:00, 0.0
231.0, 67.0, 11.8, 0.0, 2.0, 10.7, 7.7, 12.8, 322.0, 0.0, 0.2, 58.0, 2020-08-30 08:00:00, 0.0
239.0, 63.0, 11.1, 0.0, 2.7, 10.4, 9.4, 14.1, 287.0, 0.0, 0.0, 49.0, 2020-08-30 09:00:00, 0.0
223.0, 58.0, 10.7, 0.0, 4.7, 12.0, 12.8, 17.6, 231.0, 0.0, 0.0, 35.0, 2020-08-30 10:00:00, 0.0
215.0, 49.0, 10.4, 0.0, 3.6, 11.6, 14.1, 18.9, 239.0, 0.0, 0.0, 35.0, 2020-08-30 11:00:00, 0.0
235.0, 35.0, 12.0, 0.0, 2.0, 11.0, 17.6, 17.4, 223.0, 0.0, 0.0, 32.0, 2020-08-30 12:00:00, 0.0
238.0, 35.0, 11.6, 0.0, 3.1, 9.5, 18.9, 18.8, 215.0, 0.0, 0.0, 33.0, 2020-08-30 13:00:00, 0.0
257.0, 32.0, 11.0, 0.0, 0.5, 4.6, 17.4, 16.6, 235.0, 0.0, 0.0, 39.0, 2020-08-30 14:00:00, 0.0
311.0, 33.0, 9.5, 0.0, 2.2, 5.6, 18.8, 15.3, 238.0, 0.0, 0.0, 38.0, 2020-08-30 15:00:00, 0.0
327.0, 39.0, 4.6, 0.0, 2.6, 6.9, 16.6, 14.6, 257.0, 0.0, 0.0, 38.0, 2020-08-30 16:00:00, 0.0
345.0, 38.0, 5.6, 0.0, 1.1, 8.0, 15.3, 13.2, 311.0, 0.0, 0.0, 43.0, 2020-08-30 17:00:00, 0.0
10.0, 38.0, 6.9, 0.0, 0.4, 6.8, 14.6, 11.3, 327.0, 0.0, 0.0, 60.0, 2020-08-30 18:00:00, 0.0
5.0, 43.0, 8.0, 0.0, 0.9, 6.6, 13.2, 11.2, 345.0, 0.0, 0.0, 57.0, 2020-08-30 19:00:00, 0.0
359.0, 60.0, 6.8, 0.0, 3.8, 5.5, 11.3, 10.8, 10.0, 0.0, 0.0, 58.0, 2020-08-30 20:00:00, 0.0
354.0, 57.0, 6.6, 0.0, 3.0, 7.6, 11.2, 11.3, 5.0, 0.0, 0.0, 48.0, 2020-08-30 21:00:00, 0.0
17.0, 58.0, 5.5, 0.0, 2.9, 8.1, 10.8, 9.9, 359.0, 0.0, 0.0, 77.0, 2020-08-30 22:00:00, 0.0
23.0, 48.0, 7.6, 0.2, 0.7, 7.7, 11.3, 8.0, 354.0, 0.0, 0.0, 85.0, 2020-08-30 23:00:00, 0.0
9.0, 77.0, 8.1, 0.2, 6.1, 5.6, 9.9, 7.7, 17.0, 0.0, 0.0, 91.0, 2020-08-31 00:00:00, 0.0
18.0, 85.0, 7.7, 0.2, 5.6, 5.8, 8.0, 7.3, 23.0, 0.2, 0.2, 93.0, 2020-08-31 01:00:00, 0.0
22.0, 91.0, 5.6, 0.4, 6.3, 5.5, 7.7, 7.2, 9.0, 0.2, 0.4, 94.0, 2020-08-31 02:00:00, 0.0
23.0, 93.0, 5.8, 0.0, 6.2, 6.1, 7.3, 6.9, 18.0, 0.2, 0.6, 95.0, 2020-08-31 03:00:00, 0.0
28.0, 94.0, 5.5, 0.0, 6.3, 5.1, 7.2, 6.8, 22.0, 0.4, 1.0, 95.0, 2020-08-31 04:00:00, 0.0
14.0, 95.0, 6.1, 0.0, 6.2, 4.0, 6.9, 7.1, 23.0, 0.0, 1.0, 94.0, 2020-08-31 05:00:00, 0.0
229.0, 95.0, 5.1, 0.0, 6.1, 2.3, 6.8, 8.3, 28.0, 0.0, 1.0, 88.0, 2020-08-31 06:00:00, 0.0
175.0, 94.0, 4.0, 0.0, 6.2, 3.8, 7.1, 10.1, 14.0, 0.0, 1.0, 86.0, 2020-08-31 07:00:00, 0.0
264.0, 88.0, 2.3, 0.0, 6.4, 7.7, 8.3, 10.7, 229.0, 0.0, 1.0, 83.0, 2020-08-31 08:00:00, 0.0
240.0, 86.0, 3.8, 0.0, 7.9, 7.7, 10.1, 13.2, 175.0, 0.0, 1.0, 72.0, 2020-08-31 09:00:00, 0.0
274.0, 83.0, 7.7, 0.0, 7.9, 8.2, 10.7, 12.7, 264.0, 0.0, 1.0, 67.0, 2020-08-31 10:00:00, 0.0
231.0, 72.0, 7.7, 0.0, 8.3, 8.6, 13.2, 15.1, 240.0, 0.0, 1.0, 60.0, 2020-08-31 11:00:00, 0.0
223.0, 67.0, 8.2, 0.0, 6.7, 10.2, 12.7, 16.9, 274.0, 0.0, 1.0, 43.0, 2020-08-31 12:00:00, 0.0
246.0, 60.0, 8.6, 0.0, 7.4, 8.0, 15.1, 15.4, 231.0, 0.0, 1.0, 53.0, 2020-08-31 13:00:00, 0.0
266.0, 43.0, 10.2, 0.0, 4.3, 5.0, 16.9, 15.9, 223.0, 0.0, 1.0, 50.0, 2020-08-31 14:00:00, 0.0
339.0, 53.0, 8.0, 0.0, 5.9, 6.0, 15.4, 13.8, 246.0, 0.0, 1.0, 54.0, 2020-08-31 15:00:00, 0.0
19.0, 50.0, 5.0, 0.4, 5.5, 9.6, 15.9, 10.8, 266.0, 0.0, 1.0, 85.0, 2020-08-31 16:00:00, 0.0
9.0, 54.0, 6.0, 0.0, 4.7, 7.5, 13.8, 10.1, 339.0, 0.0, 1.0, 83.0, 2020-08-31 17:00:00, 0.0
3.0, 85.0, 9.6, 0.2, 8.4, 4.9, 10.8, 9.6, 19.0, 0.4, 1.4, 89.0, 2020-08-31 18:00:00, 0.0
2.0, 83.0, 7.5, 0.0, 7.3, 5.7, 10.1, 9.5, 9.0, 0.0, 1.4, 90.0, 2020-08-31 19:00:00, 0.0
19.0, 89.0, 4.9, 0.0, 7.9, 3.5, 9.6, 9.5, 3.0, 0.2, 1.6, 89.0, 2020-08-31 20:00:00, 0.0
30.0, 90.0, 5.7, 0.0, 7.9, 4.1, 9.5, 9.4, 2.0, 0.0, 1.6, 88.0, 2020-08-31 21:00:00, 0.0
19.0, 89.0, 3.5, 0.0, 7.8, 4.0, 9.5, 9.1, 19.0, 0.0, 1.6, 90.0, 2020-08-31 22:00:00, 0.0
32.0, None, None, 0.0, None, 4.6, None, 9.0, None, None, None, 92.0, 2020-08-31 23:00:00, None
357.0, 90.0, 4.0, 0.0, 7.5, 4.6, 9.1, 8.6, 19.0, 0.0, 1.6, 91.0, 2020-09-01 00:00:00, 0.0
34.0, 92.0, 4.6, 0.0, 7.8, 4.7, 9.0, 8.2, 32.0, 0.0, 1.4, 90.0, 2020-09-01 01:00:00, 0.0
331.0, 91.0, 4.6, 0.0, 7.2, 4.0, 8.6, 8.8, 357.0, 0.0, 1.2, 89.0, 2020-09-01 02:00:00, 0.0
326.0, 90.0, 4.7, 0.0, 6.7, 5.7, 8.2, 9.0, 34.0, 0.0, 1.0, 89.0, 2020-09-01 03:00:00, 0.0
342.0, 89.0, 4.0, 0.0, 7.1, 6.7, 8.8, 9.5, 331.0, 0.0, 0.6, 86.0, 2020-09-01 04:00:00, 0.0
305.0, 89.0, 5.7, 0.0, 7.3, 8.2, 9.0, 11.7, 326.0, 0.0, 0.6, 76.0, 2020-09-01 05:00:00, 0.0
322.0, 86.0, 6.7, 0.0, 7.3, 6.0, 9.5, 11.9, 342.0, 0.0, 0.6, 76.0, 2020-09-01 06:00:00, 0.0
338.0, 76.0, 8.2, 0.0, 7.6, 7.0, 11.7, 12.9, 305.0, 0.0, 0.6, 68.0, 2020-09-01 07:00:00, 0.0
289.0, 76.0, 6.0, 0.0, 7.8, 5.6, 11.9, 16.6, 322.0, 0.0, 0.6, 60.0, 2020-09-01 08:00:00, 0.0
312.0, 68.0, 7.0, 0.0, 7.1, 6.4, 12.9, 16.8, 338.0, 0.0, 0.6, 47.0, 2020-09-01 09:00:00, 0.0
243.0, 60.0, 5.6, 0.0, 8.8, 5.2, 16.6, 17.5, 289.0, 0.0, 0.6, 49.0, 2020-09-01 10:00:00, 0.0
154.0, 47.0, 6.4, 0.0, 5.4, 3.2, 16.8, 18.2, 312.0, 0.0, 0.6, 53.0, 2020-09-01 11:00:00, 0.0
1.0, 49.0, 5.2, 0.0, 6.7, 3.6, 17.5, 16.5, 243.0, 0.0, 0.6, 63.0, 2020-09-01 12:00:00, 0.0
334.0, 53.0, 3.2, 0.0, 8.5, 5.9, 18.2, 16.4, 154.0, 0.0, 0.6, 60.0, 2020-09-01 13:00:00, 0.0
16.0, 63.0, 3.6, 0.0, 9.4, 4.6, 16.5, 16.3, 1.0, 0.0, 0.6, 50.0, 2020-09-01 14:00:00, 0.0
324.0, 60.0, 5.9, 0.0, 8.6, 6.0, 16.4, 16.7, 334.0, 0.0, 0.6, 60.0, 2020-09-01 15:00:00, 0.0
302.0, 50.0, 4.6, 0.0, 5.9, 7.0, 16.3, 15.3, 16.0, 0.0, 0.6, 58.0, 2020-09-01 16:00:00, 0.0
16.0, 60.0, 6.0, 0.2, 8.9, 8.8, 16.7, 12.5, 324.0, 0.0, 0.6, 91.0, 2020-09-01 17:00:00, 0.0
30.0, None, None, 0.4, None, 8.5, None, 11.8, None, None, None, 92.0, 2020-09-01 18:00:00, None
73.0, None, None, 1.2, None, 6.0, None, 11.3, None, None, None, 94.0, 2020-09-01 19:00:00, None
77.0, 92.0, 8.5, 0.4, 10.5, 4.5, 11.8, 11.3, 30.0, 0.4, 0.6, 96.0, 2020-09-01 20:00:00, 0.0
76.0, 94.0, 6.0, 0.2, 10.4, 7.2, 11.3, 11.0, 73.0, 1.2, 1.8, 94.0, 2020-09-01 21:00:00, 0.0
53.0, 96.0, 4.5, 0.4, 10.7, 5.3, 11.3, 11.0, 77.0, 0.4, 2.2, 95.0, 2020-09-01 22:00:00, 0.0
88.0, 94.0, 7.2, 0.4, 10.1, 7.3, 11.0, 10.9, 76.0, 0.2, 2.4, 95.0, 2020-09-01 23:00:00, 0.0
75.0, 95.0, 5.3, 1.0, 10.2, 4.1, 11.0, 11.0, 53.0, 0.4, 2.8, 96.0, 2020-09-02 00:00:00, 0.0
47.0, 95.0, 7.3, 0.4, 10.1, 5.1, 10.9, 10.9, 88.0, 0.4, 3.2, 96.0, 2020-09-02 01:00:00, 0.0
338.0, 96.0, 4.1, 0.4, 10.4, 3.7, 11.0, 11.0, 75.0, 1.0, 4.2, 97.0, 2020-09-02 02:00:00, 0.0
6.0, 96.0, 5.1, 0.2, 10.3, 5.8, 10.9, 10.8, 47.0, 0.4, 4.6, 95.0, 2020-09-02 03:00:00, 0.0
356.0, 97.0, 3.7, 0.0, 10.5, 11.4, 11.0, 10.4, 338.0, 0.4, 5.0, 87.0, 2020-09-02 04:00:00, 0.0
335.0, 95.0, 5.8, 0.0, 10.0, 11.8, 10.8, 10.8, 6.0, 0.2, 5.2, 85.0, 2020-09-02 05:00:00, 0.0
303.0, None, None, 0.0, None, 11.1, None, 11.8, None, None, None, 77.0, 2020-09-02 06:00:00, None
310.0, 85.0, 11.8, 0.0, 8.4, 12.5, 10.8, 12.0, 335.0, 0.0, 5.2, 77.0, 2020-09-02 07:00:00, 0.0
277.0, 77.0, 11.1, 0.0, 7.9, 8.5, 11.8, 12.8, 303.0, 0.0, 5.2, 73.0, 2020-09-02 08:00:00, 0.0
254.0, 77.0, 12.5, 0.0, 8.1, 9.2, 12.0, 14.0, 310.0, 0.0, 5.2, 65.0, 2020-09-02 09:00:00, 0.0
257.0, 73.0, 8.5, 0.0, 8.1, 12.9, 12.8, 15.1, 277.0, 0.0, 5.2, 59.0, 2020-09-02 10:00:00, 0.0
256.0, 65.0, 9.2, 0.0, 7.5, 14.7, 14.0, 17.5, 254.0, 0.0, 5.2, 49.0, 2020-09-02 11:00:00, 0.0
245.0, 59.0, 12.9, 0.0, 7.2, 9.0, 15.1, 20.0, 257.0, 0.0, 5.2, 40.0, 2020-09-02 12:00:00, 0.0
255.0, 49.0, 14.7, 0.0, 6.7, 10.4, 17.5, 20.9, 256.0, 0.0, 5.2, 38.0, 2020-09-02 13:00:00, 0.0
249.0, 40.0, 9.0, 0.0, 6.0, 5.8, 20.0, 19.8, 245.0, 0.0, 5.2, 40.0, 2020-09-02 14:00:00, 0.0
227.0, 38.0, 10.4, 0.0, 6.1, 9.0, 20.9, 21.5, 255.0, 0.0, 5.2, 36.0, 2020-09-02 15:00:00, 0.0
234.0, 40.0, 5.8, 0.0, 5.8, 6.8, 19.8, 20.6, 249.0, 0.0, 5.2, 34.0, 2020-09-02 16:00:00, 0.0
2.0, 36.0, 9.0, 0.0, 5.8, 5.8, 21.5, 14.0, 227.0, 0.0, 5.2, 53.0, 2020-09-02 17:00:00, 0.0
11.0, 34.0, 6.8, 0.0, 4.2, 7.2, 20.6, 11.8, 234.0, 0.0, 5.2, 64.0, 2020-09-02 18:00:00, 0.0
355.0, 53.0, 5.8, 0.0, 4.6, 7.1, 14.0, 12.5, 2.0, 0.0, 5.0, 54.0, 2020-09-02 19:00:00, 0.0
351.0, 64.0, 7.2, 0.0, 5.2, 6.1, 11.8, 12.1, 11.0, 0.0, 4.6, 57.0, 2020-09-02 20:00:00, 0.0
17.0, 54.0, 7.1, 0.0, 3.5, 4.9, 12.5, 12.3, 355.0, 0.0, 3.4, 56.0, 2020-09-02 21:00:00, 0.0
54.0, 57.0, 6.1, 0.0, 3.8, 5.3, 12.1, 12.0, 351.0, 0.0, 3.0, 64.0, 2020-09-02 22:00:00, 0.0
5.0, 56.0, 4.9, 0.0, 3.8, 4.7, 12.3, 11.5, 17.0, 0.0, 2.8, 62.0, 2020-09-02 23:00:00, 0.0
353.0, 64.0, 5.3, 0.0, 5.4, 3.7, 12.0, 11.2, 54.0, 0.0, 2.4, 60.0, 2020-09-03 00:00:00, 0.0
323.0, 62.0, 4.7, 0.0, 4.5, 4.7, 11.5, 10.8, 5.0, 0.0, 2.0, 65.0, 2020-09-03 01:00:00, 0.0
19.0, 60.0, 3.7, 0.0, 3.7, 3.6, 11.2, 10.8, 353.0, 0.0, 1.0, 74.0, 2020-09-03 02:00:00, 0.0
336.0, 65.0, 4.7, 0.0, 4.5, 5.6, 10.8, 10.7, 323.0, 0.0, 0.6, 71.0, 2020-09-03 03:00:00, 0.0
58.0, 74.0, 3.6, 0.0, 6.4, 5.6, 10.8, 11.0, 19.0, 0.0, 0.2, 73.0, 2020-09-03 04:00:00, 0.0
125.0, 71.0, 5.6, 0.0, 5.7, 3.4, 10.7, 10.6, 336.0, 0.0, 0.0, 78.0, 2020-09-03 05:00:00, 0.0
351.0, 73.0, 5.6, 0.0, 6.4, 3.9, 11.0, 10.8, 58.0, 0.0, 0.0, 79.0, 2020-09-03 06:00:00, 0.0
349.0, 78.0, 3.4, 0.0, 6.9, 2.7, 10.6, 11.2, 125.0, 0.0, 0.0, 83.0, 2020-09-03 07:00:00, 0.0
239.0, 79.0, 3.9, 0.0, 7.3, 2.1, 10.8, 12.8, 351.0, 0.0, 0.0, 75.0, 2020-09-03 08:00:00, 0.0
299.0, 83.0, 2.7, 0.0, 8.4, 3.2, 11.2, 13.6, 349.0, 0.0, 0.0, 78.0, 2020-09-03 09:00:00, 0.0
177.0, 75.0, 2.1, 0.0, 8.5, 3.2, 12.8, 14.0, 239.0, 0.0, 0.0, 73.0, 2020-09-03 10:00:00, 0.0
204.0, 78.0, 3.2, 0.0, 9.8, 3.0, 13.6, 14.3, 299.0, 0.0, 0.0, 76.0, 2020-09-03 11:00:00, 0.0
327.0, 73.0, 3.2, 0.0, 9.2, 2.6, 14.0, 14.4, 177.0, 0.0, 0.0, 79.0, 2020-09-03 12:00:00, 0.0
5.0, 76.0, 3.0, 0.0, 10.1, 2.9, 14.3, 14.0, 204.0, 0.0, 0.0, 80.0, 2020-09-03 13:00:00, 0.0
12.0, 79.0, 2.6, 0.0, 10.8, 3.5, 14.4, 14.1, 327.0, 0.0, 0.0, 77.0, 2020-09-03 14:00:00, 0.0
26.0, 80.0, 2.9, 0.0, 10.6, 4.0, 14.0, 13.8, 5.0, 0.0, 0.0, 84.0, 2020-09-03 15:00:00, 0.0
4.0, 77.0, 3.5, 0.0, 10.1, 4.6, 14.1, 13.4, 12.0, 0.0, 0.0, 85.0, 2020-09-03 16:00:00, 0.0
27.0, 84.0, 4.0, 0.0, 11.1, 4.5, 13.8, 13.2, 26.0, 0.0, 0.0, 83.0, 2020-09-03 17:00:00, 0.0
9.0, 85.0, 4.6, 0.0, 10.9, 4.8, 13.4, 12.3, 4.0, 0.0, 0.0, 85.0, 2020-09-03 18:00:00, 0.0
20.0, 83.0, 4.5, 0.0, 10.4, 5.6, 13.2, 11.8, 27.0, 0.0, 0.0, 84.0, 2020-09-03 19:00:00, 0.0
11.0, 85.0, 4.8, 0.0, 9.9, 5.7, 12.3, 11.2, 9.0, 0.0, 0.0, 84.0, 2020-09-03 20:00:00, 0.0
19.0, 84.0, 5.6, 0.0, 9.2, 4.5, 11.8, 11.1, 20.0, 0.0, 0.0, 85.0, 2020-09-03 21:00:00, 0.0
22.0, 84.0, 5.7, 0.0, 8.6, 7.2, 11.2, 10.1, 11.0, 0.0, 0.0, 87.0, 2020-09-03 22:00:00, 0.0
19.0, 85.0, 4.5, 0.0, 8.7, 4.4, 11.1, 10.4, 19.0, 0.0, 0.0, 84.0, 2020-09-03 23:00:00, 0.0
30.0, 87.0, 7.2, 0.0, 8.0, 5.2, 10.1, 10.6, 22.0, 0.0, 0.0, 85.0, 2020-09-04 00:00:00, 0.0
34.0, 84.0, 4.4, 0.0, 7.8, 5.1, 10.4, 9.8, 19.0, 0.0, 0.0, 88.0, 2020-09-04 01:00:00, 0.0
12.0, 85.0, 5.2, 0.0, 8.2, 5.0, 10.6, 9.9, 30.0, 0.0, 0.0, 86.0, 2020-09-04 02:00:00, 0.0
25.0, 88.0, 5.1, 0.0, 7.9, 3.9, 9.8, 9.8, 34.0, 0.0, 0.0, 88.0, 2020-09-04 03:00:00, 0.0
349.0, 86.0, 5.0, 0.0, 7.7, 4.8, 9.9, 9.0, 12.0, 0.0, 0.0, 89.0, 2020-09-04 04:00:00, 0.0
22.0, 88.0, 3.9, 0.0, 7.9, 4.3, 9.8, 8.9, 25.0, 0.0, 0.0, 90.0, 2020-09-04 05:00:00, 0.0
83.0, 89.0, 4.8, 0.0, 7.3, 2.7, 9.0, 9.9, 349.0, 0.0, 0.0, 90.0, 2020-09-04 06:00:00, 0.0
138.0, 90.0, 4.3, 0.0, 7.4, 4.2, 8.9, 13.3, 22.0, 0.0, 0.0, 84.0, 2020-09-04 07:00:00, 0.0
167.0, 90.0, 2.7, 0.0, 8.3, 5.0, 9.9, 15.1, 83.0, 0.0, 0.0, 78.0, 2020-09-04 08:00:00, 0.0
207.0, 84.0, 4.2, 0.0, 10.7, 4.9, 13.3, 16.1, 138.0, 0.0, 0.0, 74.0, 2020-09-04 09:00:00, 0.0
167.0, 78.0, 5.0, 0.0, 11.3, 5.4, 15.1, 17.8, 167.0, 0.0, 0.0, 71.0, 2020-09-04 10:00:00, 0.0
162.0, 74.0, 4.9, 0.0, 11.5, 4.8, 16.1, 18.9, 207.0, 0.0, 0.0, 61.0, 2020-09-04 11:00:00, 0.0
208.0, 71.0, 5.4, 0.0, 12.5, 6.2, 17.8, 22.5, 167.0, 0.0, 0.0, 49.0, 2020-09-04 12:00:00, 0.0
35.0, 61.0, 4.8, 0.0, 11.2, 2.3, 18.9, 19.9, 162.0, 0.0, 0.0, 68.0, 2020-09-04 13:00:00, 0.0
183.0, 49.0, 6.2, 0.0, 11.3, 4.5, 22.5, 24.3, 208.0, 0.0, 0.0, 43.0, 2020-09-04 14:00:00, 0.0
195.0, 68.0, 2.3, 0.0, 13.8, 4.5, 19.9, 25.0, 35.0, 0.0, 0.0, 43.0, 2020-09-04 15:00:00, 0.0
163.0, 43.0, 4.5, 0.0, 10.9, 2.2, 24.3, 24.5, 183.0, 0.0, 0.0, 49.0, 2020-09-04 16:00:00, 0.0
32.0, 43.0, 4.5, 0.0, 11.6, 3.5, 25.0, 17.5, 195.0, 0.0, 0.0, 69.0, 2020-09-04 17:00:00, 0.0
28.0, 49.0, 2.2, 0.0, 13.1, 5.2, 24.5, 15.8, 163.0, 0.0, 0.0, 73.0, 2020-09-04 18:00:00, 0.0
8.0, 69.0, 3.5, 0.0, 11.8, 6.3, 17.5, 15.2, 32.0, 0.0, 0.0, 73.0, 2020-09-04 19:00:00, 0.0
17.0, 73.0, 5.2, 0.0, 11.0, 3.8, 15.8, 14.6, 28.0, 0.0, 0.0, 76.0, 2020-09-04 20:00:00, 0.0
19.0, 73.0, 6.3, 0.0, 10.4, 5.5, 15.2, 13.7, 8.0, 0.0, 0.0, 77.0, 2020-09-04 21:00:00, 0.0
14.0, 76.0, 3.8, 0.0, 10.4, 5.2, 14.6, 13.4, 17.0, 0.0, 0.0, 78.0, 2020-09-04 22:00:00, 0.0
17.0, 77.0, 5.5, 0.0, 9.7, 4.1, 13.7, 12.8, 19.0, 0.0, 0.0, 79.0, 2020-09-04 23:00:00, 0.0
22.0, 78.0, 5.2, 0.0, 9.6, 6.3, 13.4, 12.6, 14.0, 0.0, 0.0, 79.0, 2020-09-05 00:00:00, 0.0
19.0, 79.0, 4.1, 0.0, 9.3, 3.7, 12.8, 11.9, 17.0, 0.0, 0.0, 81.0, 2020-09-05 01:00:00, 0.0
1.0, 79.0, 6.3, 0.0, 9.1, 3.5, 12.6, 11.5, 22.0, 0.0, 0.0, 83.0, 2020-09-05 02:00:00, 0.0
9.0, 81.0, 3.7, 0.0, 8.7, 3.0, 11.9, 10.8, 19.0, 0.0, 0.0, 87.0, 2020-09-05 03:00:00, 0.0
4.0, 83.0, 3.5, 0.0, 8.7, 2.4, 11.5, 10.9, 1.0, 0.0, 0.0, 86.0, 2020-09-05 04:00:00, 0.0
10.0, 87.0, 3.0, 0.0, 8.7, 2.4, 10.8, 11.0, 9.0, 0.0, 0.0, 89.0, 2020-09-05 05:00:00, 0.0
349.0, 86.0, 2.4, 0.0, 8.7, 2.6, 10.9, 12.3, 4.0, 0.0, 0.0, 90.0, 2020-09-05 06:00:00, 0.0
185.0, 89.0, 2.4, 0.0, 9.3, 2.9, 11.0, 14.1, 10.0, 0.0, 0.0, 86.0, 2020-09-05 07:00:00, 0.0
167.0, 90.0, 2.6, 0.0, 10.7, 5.3, 12.3, 16.3, 349.0, 0.0, 0.0, 79.0, 2020-09-05 08:00:00, 0.0
212.0, 86.0, 2.9, 0.0, 11.8, 5.1, 14.1, 19.0, 185.0, 0.0, 0.0, 69.0, 2020-09-05 09:00:00, 0.0
203.0, 79.0, 5.3, 0.0, 12.7, 3.3, 16.3, 18.9, 167.0, 0.0, 0.0, 67.0, 2020-09-05 10:00:00, 0.0
203.0, 69.0, 5.1, 0.0, 13.2, 6.1, 19.0, 21.8, 212.0, 0.0, 0.0, 57.0, 2020-09-05 11:00:00, 0.0
200.0, 67.0, 3.3, 0.0, 12.6, 5.3, 18.9, 25.2, 203.0, 0.0, 0.0, 48.0, 2020-09-05 12:00:00, 0.0
246.0, 57.0, 6.1, 0.0, 12.9, 10.0, 21.8, 27.7, 203.0, 0.0, 0.0, 38.0, 2020-09-05 13:00:00, 0.0
296.0, 48.0, 5.3, 0.0, 13.4, 7.1, 25.2, 25.0, 200.0, 0.0, 0.0, 33.0, 2020-09-05 14:00:00, 0.0
343.0, 38.0, 10.0, 0.0, 12.1, 4.1, 27.7, 22.8, 246.0, 0.0, 0.0, 50.0, 2020-09-05 15:00:00, 0.0
281.0, 33.0, 7.1, 0.0, 7.6, 9.5, 25.0, 21.0, 296.0, 0.0, 0.0, 48.0, 2020-09-05 16:00:00, 0.0
287.0, 50.0, 4.1, 0.0, 11.8, 9.8, 22.8, 19.5, 343.0, 0.0, 0.0, 49.0, 2020-09-05 17:00:00, 0.0
337.0, 48.0, 9.5, 0.0, 9.6, 8.6, 21.0, 19.4, 281.0, 0.0, 0.0, 54.0, 2020-09-05 18:00:00, 0.0
309.0, 49.0, 9.8, 0.0, 8.5, 8.8, 19.5, 19.0, 287.0, 0.0, 0.0, 41.0, 2020-09-05 19:00:00, 0.0
334.0, 54.0, 8.6, 0.0, 9.9, 5.4, 19.4, 18.5, 337.0, 0.0, 0.0, 51.0, 2020-09-05 20:00:00, 0.0
294.0, 41.0, 8.8, 0.0, 5.5, 9.7, 19.0, 17.6, 309.0, 0.0, 0.0, 53.0, 2020-09-05 21:00:00, 0.0
13.0, 51.0, 5.4, 0.0, 8.2, 5.3, 18.5, 16.1, 334.0, 0.0, 0.0, 58.0, 2020-09-05 22:00:00, 0.0
14.0, 53.0, 9.7, 0.0, 7.9, 4.4, 17.6, 16.5, 294.0, 0.0, 0.0, 52.0, 2020-09-05 23:00:00, 0.0
16.0, 58.0, 5.3, 0.0, 7.8, 4.6, 16.1, 16.7, 13.0, 0.0, 0.0, 52.0, 2020-09-06 00:00:00, 0.0
318.0, 52.0, 4.4, 0.0, 6.6, 3.6, 16.5, 16.4, 14.0, 0.0, 0.0, 59.0, 2020-09-06 01:00:00, 0.0
306.0, 52.0, 4.6, 0.0, 6.8, 13.7, 16.7, 15.3, 16.0, 0.0, 0.0, 68.0, 2020-09-06 02:00:00, 0.0
306.0, 59.0, 3.6, 0.0, 8.4, 11.0, 16.4, 15.0, 318.0, 0.0, 0.0, 69.0, 2020-09-06 03:00:00, 0.0
305.0, 68.0, 13.7, 0.0, 9.4, 12.0, 15.3, 14.9, 306.0, 0.0, 0.0, 69.0, 2020-09-06 04:00:00, 0.0
312.0, 69.0, 11.0, 0.0, 9.4, 10.1, 15.0, 14.7, 306.0, 0.0, 0.0, 71.0, 2020-09-06 05:00:00, 0.0
302.0, 69.0, 12.0, 0.0, 9.3, 12.0, 14.9, 14.9, 305.0, 0.0, 0.0, 70.0, 2020-09-06 06:00:00, 0.0
283.0, 71.0, 10.1, 0.0, 9.5, 16.2, 14.7, 17.0, 312.0, 0.0, 0.0, 64.0, 2020-09-06 07:00:00, 0.0
288.0, 70.0, 12.0, 0.0, 9.5, 13.5, 14.9, 17.7, 302.0, 0.0, 0.0, 63.0, 2020-09-06 08:00:00, 0.0
273.0, 64.0, 16.2, 0.0, 10.1, 14.3, 17.0, 17.5, 283.0, 0.0, 0.0, 66.0, 2020-09-06 09:00:00, 0.0
155.0, 63.0, 13.5, 0.0, 10.6, 4.0, 17.7, 18.8, 288.0, 0.0, 0.0, 69.0, 2020-09-06 10:00:00, 0.0
294.0, 66.0, 14.3, 0.0, 11.1, 8.5, 17.5, 17.2, 273.0, 0.0, 0.0, 70.0, 2020-09-06 11:00:00, 0.0
279.0, 69.0, 4.0, 0.0, 13.0, 8.4, 18.8, 19.2, 155.0, 0.0, 0.0, 61.0, 2020-09-06 12:00:00, 0.0
2.0, 70.0, 8.5, 0.0, 11.7, 6.2, 17.2, 18.3, 294.0, 0.0, 0.0, 56.0, 2020-09-06 13:00:00, 0.0
300.0, 61.0, 8.4, 0.0, 11.5, 17.0, 19.2, 16.0, 279.0, 0.0, 0.0, 66.0, 2020-09-06 14:00:00, 0.0
306.0, 56.0, 6.2, 0.0, 9.4, 12.0, 18.3, 16.0, 2.0, 0.0, 0.0, 69.0, 2020-09-06 15:00:00, 0.0
298.0, 66.0, 17.0, 0.0, 9.7, 12.1, 16.0, 14.6, 300.0, 0.0, 0.0, 73.0, 2020-09-06 16:00:00, 0.0
295.0, 69.0, 12.0, 0.0, 10.3, 9.4, 16.0, 14.1, 306.0, 0.0, 0.0, 71.0, 2020-09-06 17:00:00, 0.0
300.0, 73.0, 12.1, 0.0, 9.8, 11.6, 14.6, 14.0, 298.0, 0.0, 0.0, 68.0, 2020-09-06 18:00:00, 0.0
339.0, 71.0, 9.4, 0.2, 8.9, 11.1, 14.1, 13.1, 295.0, 0.0, 0.0, 72.0, 2020-09-06 19:00:00, 0.0
326.0, 68.0, 11.6, 0.0, 8.2, 9.5, 14.0, 13.1, 300.0, 0.0, 0.0, 72.0, 2020-09-06 20:00:00, 0.0
346.0, 72.0, 11.1, 1.2, 8.2, 14.0, 13.1, 11.7, 339.0, 0.2, 0.2, 81.0, 2020-09-06 21:00:00, 0.0
303.0, 72.0, 9.5, 0.0, 8.2, 14.4, 13.1, 12.2, 326.0, 0.0, 0.2, 76.0, 2020-09-06 22:00:00, 0.0
294.0, 81.0, 14.0, 0.0, 8.6, 6.8, 11.7, 11.5, 346.0, 1.2, 1.4, 78.0, 2020-09-06 23:00:00, 0.0
329.0, 76.0, 14.4, 0.0, 8.1, 6.7, 12.2, 11.3, 303.0, 0.0, 1.4, 65.0, 2020-09-07 00:00:00, 0.0
285.0, 78.0, 6.8, 0.0, 7.8, 10.1, 11.5, 9.8, 294.0, 0.0, 1.4, 79.0, 2020-09-07 01:00:00, 0.0
307.0, 65.0, 6.7, 0.0, 5.0, 8.9, 11.3, 9.2, 329.0, 0.0, 1.4, 69.0, 2020-09-07 02:00:00, 0.0
345.0, 79.0, 10.1, 0.0, 6.3, 12.2, 9.8, 10.6, 285.0, 0.0, 1.4, 52.0, 2020-09-07 03:00:00, 0.0
320.0, 69.0, 8.9, 0.0, 3.8, 11.6, 9.2, 9.8, 307.0, 0.0, 1.4, 49.0, 2020-09-07 04:00:00, 0.0
331.0, 52.0, 12.2, 0.0, 1.2, 10.2, 10.6, 7.9, 345.0, 0.0, 1.4, 64.0, 2020-09-07 05:00:00, 0.0
326.0, 49.0, 11.6, 0.0, -0.4, 12.0, 9.8, 9.8, 320.0, 0.0, 1.4, 45.0, 2020-09-07 06:00:00, 0.0
281.0, 64.0, 10.2, 0.0, 1.5, 11.0, 7.9, 12.8, 331.0, 0.0, 1.4, 35.0, 2020-09-07 07:00:00, 0.0
220.0, 45.0, 12.0, 0.0, -1.6, 10.5, 9.8, 14.3, 326.0, 0.0, 1.4, 34.0, 2020-09-07 08:00:00, 0.0
218.0, 35.0, 11.0, 0.0, -2.3, 9.2, 12.8, 14.5, 281.0, 0.0, 1.4, 38.0, 2020-09-07 09:00:00, 0.0
244.0, 34.0, 10.5, 0.0, -1.3, 13.5, 14.3, 16.4, 220.0, 0.0, 1.4, 32.0, 2020-09-07 10:00:00, 0.0
224.0, 38.0, 9.2, 0.0, 0.4, 13.2, 14.5, 17.9, 218.0, 0.0, 1.4, 27.0, 2020-09-07 11:00:00, 0.0
218.0, 32.0, 13.5, 0.0, -0.3, 11.7, 16.4, 19.3, 244.0, 0.0, 1.4, 25.0, 2020-09-07 12:00:00, 0.0
231.0, 27.0, 13.2, 0.0, -1.4, 10.4, 17.9, 19.6, 224.0, 0.0, 1.4, 24.0, 2020-09-07 13:00:00, 0.0
200.0, 25.0, 11.7, 0.0, -1.2, 8.3, 19.3, 19.3, 218.0, 0.0, 1.4, 29.0, 2020-09-07 14:00:00, 0.0
233.0, 24.0, 10.4, 0.0, -1.5, 8.0, 19.6, 18.2, 231.0, 0.0, 1.4, 26.0, 2020-09-07 15:00:00, 0.0
252.0, 29.0, 8.3, 0.0, 0.8, 6.8, 19.3, 16.5, 200.0, 0.0, 1.4, 29.0, 2020-09-07 16:00:00, 0.0
345.0, 26.0, 8.0, 0.0, -1.6, 6.1, 18.2, 11.6, 233.0, 0.0, 1.4, 45.0, 2020-09-07 17:00:00, 0.0
7.0, 29.0, 6.8, 0.0, -1.6, 7.1, 16.5, 9.5, 252.0, 0.0, 1.4, 55.0, 2020-09-07 18:00:00, 0.0
31.0, 45.0, 6.1, 0.0, 0.1, 6.8, 11.6, 8.6, 345.0, 0.0, 1.4, 50.0, 2020-09-07 19:00:00, 0.0
19.0, 55.0, 7.1, 0.0, 0.9, 7.8, 9.5, 7.1, 7.0, 0.0, 1.4, 59.0, 2020-09-07 20:00:00, 0.0
20.0, 50.0, 6.8, 0.0, -1.2, 6.2, 8.6, 7.0, 31.0, 0.0, 1.2, 56.0, 2020-09-07 21:00:00, 0.0
16.0, 59.0, 7.8, 0.0, -0.4, 6.2, 7.1, 6.4, 19.0, 0.0, 1.2, 57.0, 2020-09-07 22:00:00, 0.0
29.0, 56.0, 6.2, 0.0, -1.2, 5.1, 7.0, 6.4, 20.0, 0.0, 0.0, 56.0, 2020-09-07 23:00:00, 0.0
27.0, 57.0, 6.2, 0.0, -1.5, 5.0, 6.4, 5.7, 16.0, 0.0, 0.0, 60.0, 2020-09-08 00:00:00, 0.0
47.0, 56.0, 5.1, 0.0, -1.7, 4.8, 6.4, 5.8, 29.0, 0.0, 0.0, 63.0, 2020-09-08 01:00:00, 0.0
84.0, 60.0, 5.0, 0.0, -1.5, 3.4, 5.7, 6.3, 27.0, 0.0, 0.0, 79.0, 2020-09-08 02:00:00, 0.0
106.0, 63.0, 4.8, 0.0, -0.7, 4.2, 5.8, 6.5, 47.0, 0.0, 0.0, 81.0, 2020-09-08 03:00:00, 0.0
77.0, 79.0, 3.4, 0.0, 2.9, 3.9, 6.3, 6.1, 84.0, 0.0, 0.0, 80.0, 2020-09-08 04:00:00, 0.0
89.0, 81.0, 4.2, 0.0, 3.5, 7.0, 6.5, 5.6, 106.0, 0.0, 0.0, 81.0, 2020-09-08 05:00:00, 0.0
137.0, 80.0, 3.9, 0.0, 2.9, 3.9, 6.1, 7.5, 77.0, 0.0, 0.0, 70.0, 2020-09-08 06:00:00, 0.0
109.0, 81.0, 7.0, 0.0, 2.6, 7.7, 5.6, 10.0, 89.0, 0.0, 0.0, 53.0, 2020-09-08 07:00:00, 0.0
169.0, 70.0, 3.9, 0.0, 2.4, 9.1, 7.5, 11.8, 137.0, 0.0, 0.0, 56.0, 2020-09-08 08:00:00, 0.0
157.0, 53.0, 7.7, 0.0, 0.9, 8.3, 10.0, 12.4, 109.0, 0.0, 0.0, 46.0, 2020-09-08 09:00:00, 0.0
175.0, 56.0, 9.1, 0.0, 3.3, 8.8, 11.8, 14.5, 169.0, 0.0, 0.0, 44.0, 2020-09-08 10:00:00, 0.0
180.0, 46.0, 8.3, 0.0, 1.1, 7.8, 12.4, 17.1, 157.0, 0.0, 0.0, 33.0, 2020-09-08 11:00:00, 0.0
195.0, 44.0, 8.8, 0.0, 2.4, 7.1, 14.5, 18.1, 175.0, 0.0, 0.0, 31.0, 2020-09-08 12:00:00, 0.0
203.0, 33.0, 7.8, 0.0, 0.7, 5.4, 17.1, 17.5, 180.0, 0.0, 0.0, 34.0, 2020-09-08 13:00:00, 0.0
197.0, 31.0, 7.1, 0.0, 0.7, 6.2, 18.1, 19.0, 195.0, 0.0, 0.0, 37.0, 2020-09-08 14:00:00, 0.0
191.0, None, None, 0.0, None, 3.7, None, 16.3, None, None, None, 49.0, 2020-09-08 15:00:00, None
213.0, 37.0, 6.2, 0.0, 4.0, 3.2, 19.0, 18.6, 197.0, 0.0, 0.0, 45.0, 2020-09-08 16:00:00, 0.0
19.0, 49.0, 3.7, 0.0, 5.6, 4.2, 16.3, 12.6, 191.0, 0.0, 0.0, 63.0, 2020-09-08 17:00:00, 0.0
21.0, 45.0, 3.2, 0.0, 6.4, 6.7, 18.6, 11.3, 213.0, 0.0, 0.0, 65.0, 2020-09-08 18:00:00, 0.0
21.0, None, None, 0.0, None, 6.4, None, 10.2, None, None, None, 68.0, 2020-09-08 19:00:00, None
11.0, None, None, 0.0, None, 5.0, None, 9.5, None, None, None, 68.0, 2020-09-08 20:00:00, None
33.0, 68.0, 6.4, 0.0, 4.6, 4.7, 10.2, 9.3, 21.0, 0.0, 0.0, 68.0, 2020-09-08 21:00:00, 0.0
22.0, 68.0, 5.0, 0.0, 3.9, 5.7, 9.5, 8.5, 11.0, 0.0, 0.0, 71.0, 2020-09-08 22:00:00, 0.0
17.0, 68.0, 4.7, 0.0, 3.7, 4.9, 9.3, 8.1, 33.0, 0.0, 0.0, 74.0, 2020-09-08 23:00:00, 0.0
8.0, 71.0, 5.7, 0.0, 3.5, 4.9, 8.5, 7.4, 22.0, 0.0, 0.0, 75.0, 2020-09-09 00:00:00, 0.0
39.0, 74.0, 4.9, 0.0, 3.8, 3.8, 8.1, 7.3, 17.0, 0.0, 0.0, 75.0, 2020-09-09 01:00:00, 0.0
2.0, 75.0, 4.9, 0.0, 3.3, 4.2, 7.4, 6.8, 8.0, 0.0, 0.0, 78.0, 2020-09-09 02:00:00, 0.0
6.0, 75.0, 3.8, 0.0, 3.2, 3.5, 7.3, 6.5, 39.0, 0.0, 0.0, 81.0, 2020-09-09 03:00:00, 0.0
60.0, 78.0, 4.2, 0.0, 3.2, 3.9, 6.8, 6.1, 2.0, 0.0, 0.0, 89.0, 2020-09-09 04:00:00, 0.0
77.0, 81.0, 3.5, 0.0, 3.5, 4.8, 6.5, 6.1, 6.0, 0.0, 0.0, 92.0, 2020-09-09 05:00:00, 0.0
314.0, 89.0, 3.9, 0.0, 4.4, 1.7, 6.1, 6.4, 60.0, 0.0, 0.0, 93.0, 2020-09-09 06:00:00, 0.0
153.0, 92.0, 4.8, 0.0, 4.9, 5.1, 6.1, 11.7, 77.0, 0.0, 0.0, 74.0, 2020-09-09 07:00:00, 0.0
165.0, 93.0, 1.7, 0.0, 5.4, 6.8, 6.4, 13.5, 314.0, 0.0, 0.0, 66.0, 2020-09-09 08:00:00, 0.0
164.0, 74.0, 5.1, 0.0, 7.2, 6.7, 11.7, 15.0, 153.0, 0.0, 0.0, 61.0, 2020-09-09 09:00:00, 0.0
164.0, 66.0, 6.8, 0.0, 7.3, 7.4, 13.5, 17.6, 165.0, 0.0, 0.0, 50.0, 2020-09-09 10:00:00, 0.0
178.0, 61.0, 6.7, 0.0, 7.5, 7.6, 15.0, 19.3, 164.0, 0.0, 0.0, 42.0, 2020-09-09 11:00:00, 0.0
166.0, 50.0, 7.4, 0.0, 7.1, 8.0, 17.6, 21.1, 164.0, 0.0, 0.0, 38.0, 2020-09-09 12:00:00, 0.0
186.0, 42.0, 7.6, 0.0, 6.1, 5.8, 19.3, 22.6, 178.0, 0.0, 0.0, 33.0, 2020-09-09 13:00:00, 0.0
181.0, 38.0, 8.0, 0.0, 6.2, 5.4, 21.1, 23.7, 166.0, 0.0, 0.0, 30.0, 2020-09-09 14:00:00, 0.0
167.0, 33.0, 5.8, 0.0, 5.5, 4.5, 22.6, 23.4, 186.0, 0.0, 0.0, 33.0, 2020-09-09 15:00:00, 0.0
203.0, 30.0, 5.4, 0.0, 5.1, 2.7, 23.7, 22.8, 181.0, 0.0, 0.0, 43.0, 2020-09-09 16:00:00, 0.0
31.0, 33.0, 4.5, 0.0, 6.2, 5.6, 23.4, 16.1, 167.0, 0.0, 0.0, 62.0, 2020-09-09 17:00:00, 0.0
21.0, 43.0, 2.7, 0.0, 9.6, 8.6, 22.8, 13.9, 203.0, 0.0, 0.0, 67.0, 2020-09-09 18:00:00, 0.0
23.0, 62.0, 5.6, 0.0, 8.8, 6.0, 16.1, 13.7, 31.0, 0.0, 0.0, 64.0, 2020-09-09 19:00:00, 0.0
26.0, 67.0, 8.6, 0.0, 7.9, 7.1, 13.9, 12.9, 21.0, 0.0, 0.0, 67.0, 2020-09-09 20:00:00, 0.0
28.0, 64.0, 6.0, 0.0, 7.0, 5.7, 13.7, 12.5, 23.0, 0.0, 0.0, 67.0, 2020-09-09 21:00:00, 0.0
41.0, 67.0, 7.1, 0.0, 6.9, 4.3, 12.9, 11.4, 26.0, 0.0, 0.0, 73.0, 2020-09-09 22:00:00, 0.0
26.0, 67.0, 5.7, 0.0, 6.5, 4.4, 12.5, 10.8, 28.0, 0.0, 0.0, 73.0, 2020-09-09 23:00:00, 0.0
17.0, 73.0, 4.3, 0.0, 6.7, 3.3, 11.4, 10.5, 41.0, 0.0, 0.0, 75.0, 2020-09-10 00:00:00, 0.0
51.0, 73.0, 4.4, 0.0, 6.2, 2.4, 10.8, 9.7, 26.0, 0.0, 0.0, 79.0, 2020-09-10 01:00:00, 0.0
132.0, 75.0, 3.3, 0.0, 6.3, 1.8, 10.5, 9.1, 17.0, 0.0, 0.0, 87.0, 2020-09-10 02:00:00, 0.0
124.0, 79.0, 2.4, 0.0, 6.2, 2.0, 9.7, 8.5, 51.0, 0.0, 0.0, 86.0, 2020-09-10 03:00:00, 0.0
343.0, 87.0, 1.8, 0.0, 7.1, 2.1, 9.1, 8.0, 132.0, 0.0, 0.0, 89.0, 2020-09-10 04:00:00, 0.0
273.0, 86.0, 2.0, 0.0, 6.3, 2.4, 8.5, 8.1, 124.0, 0.0, 0.0, 94.0, 2020-09-10 05:00:00, 0.0
115.0, 89.0, 2.1, 0.0, 6.3, 2.4, 8.0, 8.7, 343.0, 0.0, 0.0, 90.0, 2020-09-10 06:00:00, 0.0
156.0, 94.0, 2.4, 0.0, 7.2, 5.1, 8.1, 13.3, 273.0, 0.0, 0.0, 78.0, 2020-09-10 07:00:00, 0.0
160.0, 90.0, 2.4, 0.0, 7.2, 7.0, 8.7, 15.1, 115.0, 0.0, 0.0, 73.0, 2020-09-10 08:00:00, 0.0
174.0, 78.0, 5.1, 0.0, 9.5, 6.3, 13.3, 16.8, 156.0, 0.0, 0.0, 66.0, 2020-09-10 09:00:00, 0.0
156.0, 73.0, 7.0, 0.0, 10.3, 6.6, 15.1, 19.3, 160.0, 0.0, 0.0, 54.0, 2020-09-10 10:00:00, 0.0
161.0, 66.0, 6.3, 0.0, 10.4, 7.3, 16.8, 21.8, 174.0, 0.0, 0.0, 49.0, 2020-09-10 11:00:00, 0.0
327.0, 54.0, 6.6, 0.0, 9.8, 3.6, 19.3, 20.0, 156.0, 0.0, 0.0, 52.0, 2020-09-10 12:00:00, 0.0
172.0, 49.0, 7.3, 0.0, 10.6, 6.6, 21.8, 24.7, 161.0, 0.0, 0.0, 35.0, 2020-09-10 13:00:00, 0.0
192.0, 52.0, 3.6, 0.0, 9.9, 5.1, 20.0, 24.9, 327.0, 0.0, 0.0, 38.0, 2020-09-10 14:00:00, 0.0
164.0, 35.0, 6.6, 0.0, 8.2, 3.7, 24.7, 24.7, 172.0, 0.0, 0.0, 38.0, 2020-09-10 15:00:00, 0.0
259.0, 38.0, 5.1, 0.0, 9.6, 4.8, 24.9, 23.5, 192.0, 0.0, 0.0, 43.0, 2020-09-10 16:00:00, 0.0
22.0, 38.0, 3.7, 0.0, 9.4, 5.4, 24.7, 17.0, 164.0, 0.0, 0.0, 63.0, 2020-09-10 17:00:00, 0.0
26.0, 43.0, 4.8, 0.0, 10.2, 6.9, 23.5, 15.5, 259.0, 0.0, 0.0, 62.0, 2020-09-10 18:00:00, 0.0
23.0, None, None, 0.0, None, 8.8, None, 14.7, None, None, None, 63.0, 2020-09-10 19:00:00, None
21.0, 62.0, 6.9, 0.0, 8.3, 6.3, 15.5, 14.1, 26.0, 0.0, 0.0, 63.0, 2020-09-10 20:00:00, 0.0
26.0, 63.0, 8.8, 0.0, 7.7, 6.4, 14.7, 13.4, 23.0, 0.0, 0.0, 64.0, 2020-09-10 21:00:00, 0.0
16.0, 63.0, 6.3, 0.0, 7.2, 4.8, 14.1, 13.0, 21.0, 0.0, 0.0, 68.0, 2020-09-10 22:00:00, 0.0
20.0, 64.0, 6.4, 0.0, 6.7, 3.7, 13.4, 12.2, 26.0, 0.0, 0.0, 72.0, 2020-09-10 23:00:00, 0.0
51.0, 68.0, 4.8, 0.0, 7.2, 4.0, 13.0, 12.0, 16.0, 0.0, 0.0, 71.0, 2020-09-11 00:00:00, 0.0
294.0, 72.0, 3.7, 0.0, 7.3, 1.9, 12.2, 10.8, 20.0, 0.0, 0.0, 79.0, 2020-09-11 01:00:00, 0.0
28.0, 71.0, 4.0, 0.0, 6.9, 3.4, 12.0, 10.8, 51.0, 0.0, 0.0, 75.0, 2020-09-11 02:00:00, 0.0
42.0, 79.0, 1.9, 0.0, 7.3, 4.1, 10.8, 10.4, 294.0, 0.0, 0.0, 76.0, 2020-09-11 03:00:00, 0.0
326.0, 75.0, 3.4, 0.0, 6.6, 3.0, 10.8, 9.5, 28.0, 0.0, 0.0, 91.0, 2020-09-11 04:00:00, 0.0
75.0, 76.0, 4.1, 0.0, 6.4, 5.1, 10.4, 9.5, 42.0, 0.0, 0.0, 84.0, 2020-09-11 05:00:00, 0.0
4.0, 91.0, 3.0, 0.0, 8.1, 3.0, 9.5, 9.4, 326.0, 0.0, 0.0, 88.0, 2020-09-11 06:00:00, 0.0
153.0, 84.0, 5.1, 0.0, 6.9, 5.8, 9.5, 14.7, 75.0, 0.0, 0.0, 72.0, 2020-09-11 07:00:00, 0.0
177.0, 88.0, 3.0, 0.0, 7.5, 4.8, 9.4, 15.9, 4.0, 0.0, 0.0, 69.0, 2020-09-11 08:00:00, 0.0
169.0, 72.0, 5.8, 0.0, 9.7, 6.2, 14.7, 18.1, 153.0, 0.0, 0.0, 60.0, 2020-09-11 09:00:00, 0.0
194.0, 69.0, 4.8, 0.0, 10.2, 5.2, 15.9, 20.0, 177.0, 0.0, 0.0, 52.0, 2020-09-11 10:00:00, 0.0
188.0, 60.0, 6.2, 0.0, 10.2, 6.6, 18.1, 22.3, 169.0, 0.0, 0.0, 42.0, 2020-09-11 11:00:00, 0.0
187.0, 52.0, 5.2, 0.0, 9.9, 6.5, 20.0, 26.2, 194.0, 0.0, 0.0, 30.0, 2020-09-11 12:00:00, 0.0
218.0, 42.0, 6.6, 0.0, 8.8, 4.8, 22.3, 25.5, 188.0, 0.0, 0.0, 32.0, 2020-09-11 13:00:00, 0.0
103.0, 30.0, 6.5, 0.0, 7.3, 5.1, 26.2, 25.3, 187.0, 0.0, 0.0, 38.0, 2020-09-11 14:00:00, 0.0
218.0, 32.0, 4.8, 0.0, 7.6, 4.7, 25.5, 27.0, 218.0, 0.0, 0.0, 33.0, 2020-09-11 15:00:00, 0.0
296.0, 38.0, 5.1, 0.0, 10.0, 6.1, 25.3, 24.7, 103.0, 0.0, 0.0, 40.0, 2020-09-11 16:00:00, 0.0
24.0, 33.0, 4.7, 0.0, 9.4, 4.7, 27.0, 19.5, 218.0, 0.0, 0.0, 46.0, 2020-09-11 17:00:00, 0.0
16.0, 40.0, 6.1, 0.0, 10.2, 6.6, 24.7, 17.1, 296.0, 0.0, 0.0, 48.0, 2020-09-11 18:00:00, 0.0
3.0, 46.0, 4.7, 0.0, 7.6, 6.9, 19.5, 16.1, 24.0, 0.0, 0.0, 53.0, 2020-09-11 19:00:00, 0.0
6.0, 48.0, 6.6, 0.0, 6.0, 5.7, 17.1, 15.4, 16.0, 0.0, 0.0, 50.0, 2020-09-11 20:00:00, 0.0
16.0, 53.0, 6.9, 0.0, 6.5, 6.3, 16.1, 14.5, 3.0, 0.0, 0.0, 52.0, 2020-09-11 21:00:00, 0.0
26.0, 50.0, 5.7, 0.0, 5.0, 3.7, 15.4, 14.7, 6.0, 0.0, 0.0, 53.0, 2020-09-11 22:00:00, 0.0
7.0, 52.0, 6.3, 0.0, 4.8, 3.5, 14.5, 14.3, 16.0, 0.0, 0.0, 59.0, 2020-09-11 23:00:00, 0.0
1.0, 53.0, 3.7, 0.0, 5.2, 3.2, 14.7, 13.8, 26.0, 0.0, 0.0, 63.0, 2020-09-12 00:00:00, 0.0
357.0, 59.0, 3.5, 0.0, 6.4, 4.5, 14.3, 13.5, 7.0, 0.0, 0.0, 61.0, 2020-09-12 01:00:00, 0.0
346.0, 63.0, 3.2, 0.0, 6.9, 3.7, 13.8, 12.7, 1.0, 0.0, 0.0, 66.0, 2020-09-12 02:00:00, 0.0
115.0, 61.0, 4.5, 0.0, 6.1, 3.0, 13.5, 11.8, 357.0, 0.0, 0.0, 69.0, 2020-09-12 03:00:00, 0.0
65.0, 66.0, 3.7, 0.0, 6.5, 3.7, 12.7, 10.5, 346.0, 0.0, 0.0, 79.0, 2020-09-12 04:00:00, 0.0
36.0, 69.0, 3.0, 0.0, 6.3, 3.9, 11.8, 10.6, 115.0, 0.0, 0.0, 74.0, 2020-09-12 05:00:00, 0.0
95.0, 79.0, 3.7, 0.0, 7.0, 2.1, 10.5, 11.2, 65.0, 0.0, 0.0, 82.0, 2020-09-12 06:00:00, 0.0
153.0, 74.0, 3.9, 0.0, 6.2, 3.4, 10.6, 13.8, 36.0, 0.0, 0.0, 78.0, 2020-09-12 07:00:00, 0.0
181.0, 82.0, 2.1, 0.0, 8.2, 3.9, 11.2, 14.4, 95.0, 0.0, 0.0, 76.0, 2020-09-12 08:00:00, 0.0
214.0, 78.0, 3.4, 0.0, 10.0, 4.8, 13.8, 16.7, 153.0, 0.0, 0.0, 67.0, 2020-09-12 09:00:00, 0.0
215.0, 76.0, 3.9, 0.0, 10.2, 4.9, 14.4, 18.1, 181.0, 0.0, 0.0, 61.0, 2020-09-12 10:00:00, 0.0
199.0, 67.0, 4.8, 0.0, 10.5, 5.4, 16.7, 20.4, 214.0, 0.0, 0.0, 52.0, 2020-09-12 11:00:00, 0.0
227.0, 61.0, 4.9, 0.0, 10.5, 5.0, 18.1, 22.4, 215.0, 0.0, 0.0, 54.0, 2020-09-12 12:00:00, 0.0
232.0, 52.0, 5.4, 0.0, 10.2, 5.5, 20.4, 24.4, 199.0, 0.0, 0.0, 44.0, 2020-09-12 13:00:00, 0.0
315.0, 54.0, 5.0, 0.0, 12.6, 6.0, 22.4, 22.3, 227.0, 0.0, 0.0, 47.0, 2020-09-12 14:00:00, 0.0
260.0, 44.0, 5.5, 0.0, 11.4, 3.8, 24.4, 21.8, 232.0, 0.0, 0.0, 41.0, 2020-09-12 15:00:00, 0.0
40.0, 47.0, 6.0, 0.0, 10.5, 4.6, 22.3, 19.9, 315.0, 0.0, 0.0, 49.0, 2020-09-12 16:00:00, 0.0
26.0, 41.0, 3.8, 0.0, 8.0, 6.0, 21.8, 16.9, 260.0, 0.0, 0.0, 51.0, 2020-09-12 17:00:00, 0.0
8.0, 49.0, 4.6, 0.0, 8.9, 6.8, 19.9, 15.7, 40.0, 0.0, 0.0, 52.0, 2020-09-12 18:00:00, 0.0
6.0, 51.0, 6.0, 0.0, 6.7, 4.7, 16.9, 15.0, 26.0, 0.0, 0.0, 54.0, 2020-09-12 19:00:00, 0.0
18.0, 52.0, 6.8, 0.0, 5.9, 4.8, 15.7, 13.7, 8.0, 0.0, 0.0, 56.0, 2020-09-12 20:00:00, 0.0
27.0, 54.0, 4.7, 0.0, 5.8, 5.6, 15.0, 13.3, 6.0, 0.0, 0.0, 60.0, 2020-09-12 21:00:00, 0.0
33.0, 56.0, 4.8, 0.0, 5.1, 5.8, 13.7, 12.7, 18.0, 0.0, 0.0, 58.0, 2020-09-12 22:00:00, 0.0
27.0, 60.0, 5.6, 0.0, 5.7, 5.2, 13.3, 12.0, 27.0, 0.0, 0.0, 63.0, 2020-09-12 23:00:00, 0.0
15.0, 58.0, 5.8, 0.0, 4.7, 5.5, 12.7, 11.3, 33.0, 0.0, 0.0, 65.0, 2020-09-13 00:00:00, 0.0
27.0, 63.0, 5.2, 0.0, 5.2, 5.6, 12.0, 11.2, 27.0, 0.0, 0.0, 62.0, 2020-09-13 01:00:00, 0.0
32.0, 65.0, 5.5, 0.0, 5.0, 4.8, 11.3, 10.7, 15.0, 0.0, 0.0, 64.0, 2020-09-13 02:00:00, 0.0
22.0, 62.0, 5.6, 0.0, 4.2, 3.5, 11.2, 9.7, 27.0, 0.0, 0.0, 72.0, 2020-09-13 03:00:00, 0.0
29.0, 64.0, 4.8, 0.0, 4.2, 3.0, 10.7, 9.2, 32.0, 0.0, 0.0, 73.0, 2020-09-13 04:00:00, 0.0
9.0, 72.0, 3.5, 0.0, 4.9, 2.2, 9.7, 8.9, 22.0, 0.0, 0.0, 78.0, 2020-09-13 05:00:00, 0.0
120.0, 73.0, 3.0, 0.0, 4.6, 2.8, 9.2, 9.7, 29.0, 0.0, 0.0, 89.0, 2020-09-13 06:00:00, 0.0
150.0, 78.0, 2.2, 0.0, 5.3, 5.0, 8.9, 12.1, 9.0, 0.0, 0.0, 82.0, 2020-09-13 07:00:00, 0.0
151.0, 89.0, 2.8, 0.0, 8.0, 4.8, 9.7, 13.7, 120.0, 0.0, 0.0, 78.0, 2020-09-13 08:00:00, 0.0
135.0, 82.0, 5.0, 0.0, 9.1, 6.4, 12.1, 14.7, 150.0, 0.0, 0.0, 70.0, 2020-09-13 09:00:00, 0.0
155.0, 78.0, 4.8, 0.0, 9.9, 5.1, 13.7, 16.1, 151.0, 0.0, 0.0, 65.0, 2020-09-13 10:00:00, 0.0
111.0, 70.0, 6.4, 0.0, 9.3, 5.5, 14.7, 17.2, 135.0, 0.0, 0.0, 63.0, 2020-09-13 11:00:00, 0.0
116.0, 65.0, 5.1, 0.0, 9.5, 5.4, 16.1, 19.1, 155.0, 0.0, 0.0, 48.0, 2020-09-13 12:00:00, 0.0
143.0, 63.0, 5.5, 0.0, 10.1, 2.8, 17.2, 18.3, 111.0, 0.0, 0.0, 49.0, 2020-09-13 13:00:00, 0.0
60.0, 48.0, 5.4, 0.0, 7.8, 4.6, 19.1, 18.1, 116.0, 0.0, 0.0, 49.0, 2020-09-13 14:00:00, 0.0
52.0, 49.0, 2.8, 0.0, 7.4, 5.2, 18.3, 16.8, 143.0, 0.0, 0.0, 63.0, 2020-09-13 15:00:00, 0.0
17.0, 49.0, 4.6, 0.0, 7.2, 6.1, 18.1, 14.8, 60.0, 0.0, 0.0, 69.0, 2020-09-13 16:00:00, 0.0
38.0, 63.0, 5.2, 0.0, 9.7, 9.0, 16.8, 14.1, 52.0, 0.0, 0.0, 65.0, 2020-09-13 17:00:00, 0.0
39.0, 69.0, 6.1, 0.0, 9.2, 8.5, 14.8, 13.0, 17.0, 0.0, 0.0, 67.0, 2020-09-13 18:00:00, 0.0
40.0, 65.0, 9.0, 0.0, 7.6, 5.8, 14.1, 12.6, 38.0, 0.0, 0.0, 70.0, 2020-09-13 19:00:00, 0.0
16.0, 67.0, 8.5, 0.0, 7.0, 4.7, 13.0, 11.7, 39.0, 0.0, 0.0, 72.0, 2020-09-13 20:00:00, 0.0
28.0, 70.0, 5.8, 0.0, 7.3, 4.4, 12.6, 11.1, 40.0, 0.0, 0.0, 76.0, 2020-09-13 21:00:00, 0.0
56.0, 72.0, 4.7, 0.0, 6.8, 4.0, 11.7, 11.0, 16.0, 0.0, 0.0, 79.0, 2020-09-13 22:00:00, 0.0
34.0, 76.0, 4.4, 0.0, 7.0, 4.9, 11.1, 10.1, 28.0, 0.0, 0.0, 85.0, 2020-09-13 23:00:00, 0.0
21.0, 79.0, 4.0, 0.0, 7.5, 5.0, 11.0, 9.6, 56.0, 0.0, 0.0, 83.0, 2020-09-14 00:00:00, 0.0
60.0, 85.0, 4.9, 0.0, 7.7, 3.9, 10.1, 9.5, 34.0, 0.0, 0.0, 87.0, 2020-09-14 01:00:00, 0.0
13.0, 83.0, 5.0, 0.0, 6.9, 3.1, 9.6, 8.9, 21.0, 0.0, 0.0, 92.0, 2020-09-14 02:00:00, 0.0
107.0, 87.0, 3.9, 0.0, 7.4, 3.0, 9.5, 8.4, 60.0, 0.0, 0.0, 90.0, 2020-09-14 03:00:00, 0.0
70.0, 92.0, 3.1, 0.0, 7.7, 3.4, 8.9, 8.8, 13.0, 0.0, 0.0, 93.0, 2020-09-14 04:00:00, 0.0
38.0, 90.0, 3.0, 0.0, 6.9, 5.9, 8.4, 9.0, 107.0, 0.0, 0.0, 93.0, 2020-09-14 05:00:00, 0.0
86.0, 93.0, 3.4, 0.0, 7.7, 2.2, 8.8, 9.6, 70.0, 0.0, 0.0, 93.0, 2020-09-14 06:00:00, 0.0
191.0, 93.0, 5.9, 0.0, 7.9, 3.0, 9.0, 10.4, 38.0, 0.0, 0.0, 91.0, 2020-09-14 07:00:00, 0.0
201.0, 93.0, 2.2, 0.0, 8.5, 4.0, 9.6, 11.5, 86.0, 0.0, 0.0, 83.0, 2020-09-14 08:00:00, 0.0
200.0, 91.0, 3.0, 0.0, 9.0, 4.1, 10.4, 12.7, 191.0, 0.0, 0.0, 81.0, 2020-09-14 09:00:00, 0.0
216.0, 83.0, 4.0, 0.0, 8.7, 5.0, 11.5, 14.5, 201.0, 0.0, 0.0, 76.0, 2020-09-14 10:00:00, 0.0
184.0, 81.0, 4.1, 0.0, 9.5, 5.3, 12.7, 16.3, 200.0, 0.0, 0.0, 69.0, 2020-09-14 11:00:00, 0.0
232.0, 76.0, 5.0, 0.0, 10.3, 4.7, 14.5, 16.7, 216.0, 0.0, 0.0, 70.0, 2020-09-14 12:00:00, 0.0
235.0, 69.0, 5.3, 0.0, 10.6, 5.6, 16.3, 16.7, 184.0, 0.0, 0.0, 70.0, 2020-09-14 13:00:00, 0.0
189.0, 70.0, 4.7, 0.0, 11.2, 4.0, 16.7, 16.2, 232.0, 0.0, 0.0, 69.0, 2020-09-14 14:00:00, 0.0
33.0, 70.0, 5.6, 0.0, 11.2, 4.8, 16.7, 15.6, 235.0, 0.0, 0.0, 74.0, 2020-09-14 15:00:00, 0.0
59.0, 69.0, 4.0, 0.0, 10.5, 3.9, 16.2, 14.3, 189.0, 0.0, 0.0, 81.0, 2020-09-14 16:00:00, 0.0
10.0, 74.0, 4.8, 0.0, 11.0, 5.4, 15.6, 12.2, 33.0, 0.0, 0.0, 78.0, 2020-09-14 17:00:00, 0.0
9.0, 81.0, 3.9, 0.0, 11.1, 6.0, 14.3, 11.8, 59.0, 0.0, 0.0, 73.0, 2020-09-14 18:00:00, 0.0
14.0, 78.0, 5.4, 0.0, 8.5, 5.5, 12.2, 11.3, 10.0, 0.0, 0.0, 66.0, 2020-09-14 19:00:00, 0.0
358.0, 73.0, 6.0, 0.0, 7.1, 4.8, 11.8, 11.5, 9.0, 0.0, 0.0, 63.0, 2020-09-14 20:00:00, 0.0
23.0, 66.0, 5.5, 0.0, 5.2, 2.7, 11.3, 11.5, 14.0, 0.0, 0.0, 68.0, 2020-09-14 21:00:00, 0.0
342.0, 63.0, 4.8, 0.0, 4.7, 3.7, 11.5, 11.6, 358.0, 0.0, 0.0, 73.0, 2020-09-14 22:00:00, 0.0
11.0, 68.0, 2.7, 0.0, 5.8, 4.5, 11.5, 11.2, 23.0, 0.0, 0.0, 80.0, 2020-09-14 23:00:00, 0.0
339.0, 73.0, 3.7, 0.0, 6.9, 2.6, 11.6, 10.9, 342.0, 0.0, 0.0, 83.0, 2020-09-15 00:00:00, 0.0
2.0, 80.0, 4.5, 0.0, 7.9, 3.3, 11.2, 10.7, 11.0, 0.0, 0.0, 85.0, 2020-09-15 01:00:00, 0.0
66.0, 83.0, 2.6, 0.0, 8.1, 4.9, 10.9, 10.7, 339.0, 0.0, 0.0, 85.0, 2020-09-15 02:00:00, 0.0
75.0, 85.0, 3.3, 0.0, 8.3, 4.7, 10.7, 10.4, 2.0, 0.0, 0.0, 85.0, 2020-09-15 03:00:00, 0.0
93.0, 85.0, 4.9, 0.0, 8.3, 3.6, 10.7, 10.3, 66.0, 0.0, 0.0, 86.0, 2020-09-15 04:00:00, 0.0
292.0, 85.0, 4.7, 0.0, 8.0, 4.7, 10.4, 11.9, 75.0, 0.0, 0.0, 74.0, 2020-09-15 05:00:00, 0.0
90.0, 86.0, 3.6, 0.0, 8.1, 3.9, 10.3, 11.2, 93.0, 0.0, 0.0, 84.0, 2020-09-15 06:00:00, 0.0
199.0, 74.0, 4.7, 0.0, 7.4, 3.2, 11.9, 11.7, 292.0, 0.0, 0.0, 84.0, 2020-09-15 07:00:00, 0.0
105.0, 84.0, 3.9, 0.0, 8.6, 4.7, 11.2, 11.9, 90.0, 0.0, 0.0, 85.0, 2020-09-15 08:00:00, 0.0
163.0, 84.0, 3.2, 0.0, 9.1, 3.5, 11.7, 12.0, 199.0, 0.0, 0.0, 86.0, 2020-09-15 09:00:00, 0.0
263.0, 85.0, 4.7, 0.0, 9.5, 4.3, 11.9, 12.4, 105.0, 0.0, 0.0, 82.0, 2020-09-15 10:00:00, 0.0
211.0, 86.0, 3.5, 0.0, 9.7, 2.8, 12.0, 12.9, 163.0, 0.0, 0.0, 82.0, 2020-09-15 11:00:00, 0.0
109.0, 82.0, 4.3, 0.0, 9.4, 5.2, 12.4, 12.6, 263.0, 0.0, 0.0, 85.0, 2020-09-15 12:00:00, 0.0
329.0, 82.0, 2.8, 0.0, 9.9, 2.4, 12.9, 12.5, 211.0, 0.0, 0.0, 84.0, 2020-09-15 13:00:00, 0.0
133.0, 85.0, 5.2, 0.0, 10.1, 1.7, 12.6, 12.6, 109.0, 0.0, 0.0, 82.0, 2020-09-15 14:00:00, 0.0
48.0, 84.0, 2.4, 0.0, 9.9, 3.6, 12.5, 12.2, 329.0, 0.0, 0.0, 89.0, 2020-09-15 15:00:00, 0.0
65.0, 82.0, 1.7, 0.0, 9.6, 2.8, 12.6, 12.2, 133.0, 0.0, 0.0, 86.0, 2020-09-15 16:00:00, 0.0
23.0, 89.0, 3.6, 0.0, 10.4, 3.2, 12.2, 11.8, 48.0, 0.0, 0.0, 86.0, 2020-09-15 17:00:00, 0.0
37.0, 86.0, 2.8, 0.0, 9.9, 3.7, 12.2, 11.2, 65.0, 0.0, 0.0, 82.0, 2020-09-15 18:00:00, 0.0
19.0, 86.0, 3.2, 0.0, 9.5, 4.4, 11.8, 10.7, 23.0, 0.0, 0.0, 84.0, 2020-09-15 19:00:00, 0.0
28.0, 82.0, 3.7, 0.0, 8.2, 6.0, 11.2, 10.3, 37.0, 0.0, 0.0, 82.0, 2020-09-15 20:00:00, 0.0
15.0, 84.0, 4.4, 0.0, 8.1, 4.8, 10.7, 9.3, 19.0, 0.0, 0.0, 84.0, 2020-09-15 21:00:00, 0.0
20.0, 82.0, 6.0, 0.0, 7.4, 5.3, 10.3, 9.3, 28.0, 0.0, 0.0, 83.0, 2020-09-15 22:00:00, 0.0
18.0, 84.0, 4.8, 0.0, 6.7, 6.3, 9.3, 8.8, 15.0, 0.0, 0.0, 86.0, 2020-09-15 23:00:00, 0.0
20.0, 83.0, 5.3, 0.0, 6.6, 5.9, 9.3, 8.4, 20.0, 0.0, 0.0, 87.0, 2020-09-16 00:00:00, 0.0
359.0, 86.0, 6.3, 0.0, 6.6, 4.9, 8.8, 8.1, 18.0, 0.0, 0.0, 88.0, 2020-09-16 01:00:00, 0.0
22.0, 87.0, 5.9, 0.0, 6.4, 4.7, 8.4, 7.6, 20.0, 0.0, 0.0, 89.0, 2020-09-16 02:00:00, 0.0
344.0, 88.0, 4.9, 0.0, 6.2, 3.1, 8.1, 7.1, 359.0, 0.0, 0.0, 91.0, 2020-09-16 03:00:00, 0.0
4.0, 89.0, 4.7, 0.0, 5.9, 3.5, 7.6, 6.7, 22.0, 0.0, 0.0, 93.0, 2020-09-16 04:00:00, 0.0
87.0, 91.0, 3.1, 0.0, 5.7, 3.0, 7.1, 6.9, 344.0, 0.0, 0.0, 95.0, 2020-09-16 05:00:00, 0.0
141.0, 93.0, 3.5, 0.0, 5.6, 2.5, 6.7, 8.0, 4.0, 0.0, 0.0, 96.0, 2020-09-16 06:00:00, 0.0
219.0, 95.0, 3.0, 0.0, 6.2, 2.6, 6.9, 9.1, 87.0, 0.0, 0.0, 94.0, 2020-09-16 07:00:00, 0.0
175.0, 96.0, 2.5, 0.0, 7.4, 4.9, 8.0, 12.1, 141.0, 0.0, 0.0, 86.0, 2020-09-16 08:00:00, 0.0
168.0, 94.0, 2.6, 0.0, 8.2, 6.8, 9.1, 14.6, 219.0, 0.0, 0.0, 71.0, 2020-09-16 09:00:00, 0.0
178.0, 86.0, 4.9, 0.0, 9.8, 5.6, 12.1, 15.1, 175.0, 0.0, 0.0, 71.0, 2020-09-16 10:00:00, 0.0
186.0, 71.0, 6.8, 0.0, 9.4, 6.9, 14.6, 19.2, 168.0, 0.0, 0.0, 59.0, 2020-09-16 11:00:00, 0.0
165.0, 71.0, 5.6, 0.0, 9.9, 7.6, 15.1, 20.0, 178.0, 0.0, 0.0, 50.0, 2020-09-16 12:00:00, None
161.0, 59.0, 6.9, 0.0, 11.0, 5.8, 19.2, 21.3, 186.0, 0.0, 0.0, 49.0, 2020-09-16 13:00:00, 0.0
176.0, 50.0, 7.6, 0.0, 9.3, 5.1, 20.0, 21.0, 165.0, 0.0, 0.0, 50.0, 2020-09-16 14:00:00, 0.0
159.0, 49.0, 5.8, 0.0, 10.2, 3.6, 21.3, 20.8, 161.0, 0.0, 0.0, 48.0, 2020-09-16 15:00:00, 0.0
71.0, 50.0, 5.1, 0.0, 10.2, 6.8, 21.0, 17.5, 176.0, 0.0, 0.0, 64.0, 2020-09-16 16:00:00, 0.0
49.0, 48.0, 3.6, 0.0, 9.4, 3.1, 20.8, 14.8, 159.0, 0.0, 0.0, 77.0, 2020-09-16 17:00:00, 0.0
27.0, 64.0, 6.8, 0.0, 10.6, 8.5, 17.5, 13.6, 71.0, 0.0, 0.0, 74.0, 2020-09-16 18:00:00, 0.0
28.0, 77.0, 3.1, 0.0, 10.8, 7.8, 14.8, 13.1, 49.0, 0.0, 0.0, 75.0, 2020-09-16 19:00:00, 0.0
20.0, 74.0, 8.5, 0.0, 9.1, 5.3, 13.6, 12.4, 27.0, 0.0, 0.0, 78.0, 2020-09-16 20:00:00, 0.0
30.0, 75.0, 7.8, 0.0, 8.8, 5.6, 13.1, 12.2, 28.0, 0.0, 0.0, 77.0, 2020-09-16 21:00:00, 0.0
43.0, 78.0, 5.3, 0.0, 8.7, 3.4, 12.4, 12.1, 20.0, 0.0, 0.0, 78.0, 2020-09-16 22:00:00, 0.0
346.0, 77.0, 5.6, 0.0, 8.3, 1.7, 12.2, 11.7, 30.0, 0.0, 0.0, 84.0, 2020-09-16 23:00:00, 0.0
337.0, 78.0, 3.4, 0.0, 8.4, 2.0, 12.1, 12.1, 43.0, 0.0, 0.0, 85.0, 2020-09-17 00:00:00, 0.0
56.0, 84.0, 1.7, 0.0, 9.1, 1.9, 11.7, 11.6, 346.0, 0.0, 0.0, 87.0, 2020-09-17 01:00:00, 0.0
25.0, 85.0, 2.0, 0.0, 9.7, 2.6, 12.1, 11.2, 337.0, 0.0, 0.0, 87.0, 2020-09-17 02:00:00, 0.0
99.0, 87.0, 1.9, 0.0, 9.5, 2.6, 11.6, 10.5, 56.0, 0.0, 0.0, 90.0, 2020-09-17 03:00:00, 0.0
82.0, 87.0, 2.6, 0.0, 9.1, 5.0, 11.2, 10.3, 25.0, 0.0, 0.0, 97.0, 2020-09-17 04:00:00, 0.0
15.0, 90.0, 2.6, 0.0, 8.9, 2.7, 10.5, 9.7, 99.0, 0.0, 0.0, 95.0, 2020-09-17 05:00:00, 0.0
104.0, 97.0, 5.0, 0.0, 9.8, 3.8, 10.3, 10.7, 82.0, 0.0, 0.0, 97.0, 2020-09-17 06:00:00, 0.0
92.0, 95.0, 2.7, 0.0, 8.9, 5.9, 9.7, 11.0, 15.0, 0.0, 0.0, 97.0, 2020-09-17 07:00:00, 0.0
151.0, 97.0, 3.8, 0.0, 10.2, 6.4, 10.7, 12.5, 104.0, 0.0, 0.0, 89.0, 2020-09-17 08:00:00, 0.0
153.0, 97.0, 5.9, 0.0, 10.5, 5.7, 11.0, 14.4, 92.0, 0.0, 0.0, 82.0, 2020-09-17 09:00:00, 0.0
146.0, 89.0, 6.4, 0.0, 10.7, 4.6, 12.5, 16.9, 151.0, 0.0, 0.0, 73.0, 2020-09-17 10:00:00, 0.0
161.0, 82.0, 5.7, 0.0, 11.4, 6.3, 14.4, 18.7, 153.0, 0.0, 0.0, 67.0, 2020-09-17 11:00:00, 0.0
147.0, 73.0, 4.6, 0.0, 12.0, 4.8, 16.9, 19.7, 146.0, 0.0, 0.0, 60.0, 2020-09-17 12:00:00, 0.0
140.0, 67.0, 6.3, 0.0, 12.5, 4.3, 18.7, 21.0, 161.0, 0.0, 0.0, 61.0, 2020-09-17 13:00:00, 0.0
157.0, 60.0, 4.8, 0.0, 11.7, 3.3, 19.7, 20.9, 147.0, 0.0, 0.0, 58.0, 2020-09-17 14:00:00, 0.0
144.0, 61.0, 4.3, 0.0, 13.2, 2.4, 21.0, 20.0, 140.0, 0.0, 0.0, 58.0, 2020-09-17 15:00:00, 0.0
68.0, 58.0, 3.3, 0.0, 12.3, 3.8, 20.9, 18.1, 157.0, 0.0, 0.0, 65.0, 2020-09-17 16:00:00, 0.0
35.0, 58.0, 2.4, 0.0, 11.5, 5.1, 20.0, 15.6, 144.0, 0.0, 0.0, 72.0, 2020-09-17 17:00:00, 0.0
23.0, 65.0, 3.8, 0.0, 11.4, 5.3, 18.1, 14.5, 68.0, 0.0, 0.0, 71.0, 2020-09-17 18:00:00, 0.0
26.0, 72.0, 5.1, 0.0, 10.6, 6.2, 15.6, 13.9, 35.0, 0.0, 0.0, 73.0, 2020-09-17 19:00:00, 0.0
23.0, 71.0, 5.3, 0.0, 9.3, 5.0, 14.5, 13.5, 23.0, 0.0, 0.0, 72.0, 2020-09-17 20:00:00, 0.0
30.0, 73.0, 6.2, 0.0, 9.1, 5.3, 13.9, 12.9, 26.0, 0.0, 0.0, 74.0, 2020-09-17 21:00:00, 0.0
41.0, 72.0, 5.0, 0.0, 8.6, 2.7, 13.5, 12.1, 23.0, 0.0, 0.0, 77.0, 2020-09-17 22:00:00, 0.0
34.0, 74.0, 5.3, 0.0, 8.4, 6.4, 12.9, 12.4, 30.0, 0.0, 0.0, 74.0, 2020-09-17 23:00:00, 0.0
68.0, 77.0, 2.7, 0.0, 8.2, 5.2, 12.1, 11.8, 41.0, 0.0, 0.0, 79.0, 2020-09-18 00:00:00, 0.0
55.0, 74.0, 6.4, 0.0, 7.9, 5.6, 12.4, 11.3, 34.0, 0.0, 0.0, 82.0, 2020-09-18 01:00:00, 0.0
86.0, 79.0, 5.2, 0.0, 8.3, 2.6, 11.8, 10.6, 68.0, 0.0, 0.0, 87.0, 2020-09-18 02:00:00, 0.0
261.0, 82.0, 5.6, 0.0, 8.3, 1.8, 11.3, 9.2, 55.0, 0.0, 0.0, 93.0, 2020-09-18 03:00:00, 0.0
346.0, 87.0, 2.6, 0.0, 8.5, 3.9, 10.6, 9.2, 86.0, 0.0, 0.0, 97.0, 2020-09-18 04:00:00, 0.0
357.0, 93.0, 1.8, 0.0, 8.1, 2.8, 9.2, 9.4, 261.0, 0.0, 0.0, 97.0, 2020-09-18 05:00:00, 0.0
119.0, 97.0, 3.9, 0.0, 8.7, 4.9, 9.2, 10.1, 346.0, 0.0, 0.0, 97.0, 2020-09-18 06:00:00, 0.0
133.0, 97.0, 2.8, 0.0, 8.9, 5.7, 9.4, 10.5, 357.0, 0.0, 0.0, 98.0, 2020-09-18 07:00:00, 0.0
162.0, 97.0, 4.9, 0.0, 9.6, 5.1, 10.1, 11.7, 119.0, 0.0, 0.0, 94.0, 2020-09-18 08:00:00, 0.0
158.0, 98.0, 5.7, 0.0, 10.2, 6.2, 10.5, 13.7, 133.0, 0.0, 0.0, 85.0, 2020-09-18 09:00:00, 0.0
169.0, 94.0, 5.1, 0.0, 10.8, 5.4, 11.7, 16.1, 162.0, 0.0, 0.0, 76.0, 2020-09-18 10:00:00, 0.0
145.0, 85.0, 6.2, 0.0, 11.2, 4.9, 13.7, 16.6, 158.0, 0.0, 0.0, 73.0, 2020-09-18 11:00:00, 0.0
135.0, 76.0, 5.4, 0.0, 11.9, 4.5, 16.1, 17.6, 169.0, 0.0, 0.0, 67.0, 2020-09-18 12:00:00, 0.0
130.0, 73.0, 4.9, 0.0, 11.7, 5.3, 16.6, 18.9, 145.0, 0.0, 0.0, 60.0, 2020-09-18 13:00:00, 0.0
145.0, 67.0, 4.5, 0.0, 11.4, 3.0, 17.6, 18.9, 135.0, 0.0, 0.0, 64.0, 2020-09-18 14:00:00, 0.0
61.0, 60.0, 5.3, 0.0, 11.0, 3.5, 18.9, 18.3, 130.0, 0.0, 0.0, 68.0, 2020-09-18 15:00:00, 0.0
76.0, 64.0, 3.0, 0.0, 11.9, 5.3, 18.9, 15.7, 145.0, 0.0, 0.0, 75.0, 2020-09-18 16:00:00, 0.0
52.0, 68.0, 3.5, 0.0, 12.3, 5.0, 18.3, 14.6, 61.0, 0.0, 0.0, 74.0, 2020-09-18 17:00:00, 0.0
27.0, 75.0, 5.3, 0.0, 11.3, 4.7, 15.7, 13.6, 76.0, 0.0, 0.0, 76.0, 2020-09-18 18:00:00, 0.0
20.0, 74.0, 5.0, 0.0, 10.0, 5.3, 14.6, 13.3, 52.0, 0.0, 0.0, 76.0, 2020-09-18 19:00:00, 0.0
42.0, 76.0, 4.7, 0.0, 9.5, 7.2, 13.6, 13.3, 27.0, 0.0, 0.0, 75.0, 2020-09-18 20:00:00, 0.0
55.0, 76.0, 5.3, 0.0, 9.2, 7.6, 13.3, 13.4, 20.0, 0.0, 0.0, 76.0, 2020-09-18 21:00:00, 0.0
333.0, 75.0, 7.2, 0.0, 9.0, 3.1, 13.3, 12.1, 42.0, 0.0, 0.0, 89.0, 2020-09-18 22:00:00, 0.0
80.0, 76.0, 7.6, 0.0, 9.3, 2.7, 13.4, 12.1, 55.0, 0.0, 0.0, 87.0, 2020-09-18 23:00:00, 0.0
70.0, 89.0, 3.1, 0.0, 10.3, 2.2, 12.1, 11.5, 333.0, 0.0, 0.0, 92.0, 2020-09-19 00:00:00, 0.0
23.0, 87.0, 2.7, 0.0, 10.0, 4.0, 12.1, 11.8, 80.0, 0.0, 0.0, 87.0, 2020-09-19 01:00:00, 0.0
39.0, 92.0, 2.2, 0.0, 10.2, 4.5, 11.5, 11.5, 70.0, 0.0, 0.0, 86.0, 2020-09-19 02:00:00, 0.0
64.0, 87.0, 4.0, 0.0, 9.7, 2.5, 11.8, 10.6, 23.0, 0.0, 0.0, 87.0, 2020-09-19 03:00:00, 0.0
42.0, 86.0, 4.5, 0.0, 9.2, 3.3, 11.5, 11.1, 39.0, 0.0, 0.0, 89.0, 2020-09-19 04:00:00, 0.0
315.0, 87.0, 2.5, 0.0, 8.5, 3.4, 10.6, 11.1, 64.0, 0.0, 0.0, 87.0, 2020-09-19 05:00:00, 0.0
70.0, 89.0, 3.3, 0.0, 9.4, 3.8, 11.1, 10.8, 42.0, 0.0, 0.0, 92.0, 2020-09-19 06:00:00, 0.0
342.0, 87.0, 3.4, 0.0, 9.0, 2.3, 11.1, 11.7, 315.0, 0.0, 0.0, 91.0, 2020-09-19 07:00:00, 0.0
56.0, 92.0, 3.8, 0.0, 9.6, 2.2, 10.8, 12.6, 70.0, 0.0, 0.0, 91.0, 2020-09-19 08:00:00, 0.0
314.0, 91.0, 2.3, 0.0, 10.3, 6.2, 11.7, 12.3, 342.0, 0.0, 0.0, 90.0, 2020-09-19 09:00:00, 0.0
354.0, 91.0, 2.2, 1.4, 11.2, 5.5, 12.6, 12.4, 56.0, 0.0, 0.0, 93.0, 2020-09-19 10:00:00, 0.0
144.0, 90.0, 6.2, 0.0, 10.7, 3.8, 12.3, 12.9, 314.0, 0.0, 0.0, 94.0, 2020-09-19 11:00:00, 0.0
315.0, 93.0, 5.5, 0.0, 11.3, 3.6, 12.4, 13.1, 354.0, 1.4, 1.4, 93.0, 2020-09-19 12:00:00, 0.0
349.0, 94.0, 3.8, 0.0, 12.0, 4.3, 12.9, 12.9, 144.0, 0.0, 1.4, 94.0, 2020-09-19 13:00:00, 0.0
192.0, 93.0, 3.6, 0.0, 12.0, 2.5, 13.1, 13.6, 315.0, 0.0, 1.4, 92.0, 2020-09-19 14:00:00, 0.0
72.0, 94.0, 4.3, 0.0, 12.0, 4.1, 12.9, 13.1, 349.0, 0.0, 1.4, 93.0, 2020-09-19 15:00:00, 0.0
3.0, 92.0, 2.5, 0.0, 12.3, 5.6, 13.6, 12.5, 192.0, 0.0, 1.4, 93.0, 2020-09-19 16:00:00, 0.0
19.0, 93.0, 4.1, 0.0, 12.0, 5.9, 13.1, 11.4, 72.0, 0.0, 1.4, 95.0, 2020-09-19 17:00:00, 0.0
17.0, 93.0, 5.6, 0.0, 11.4, 5.9, 12.5, 11.0, 3.0, 0.0, 1.4, 96.0, 2020-09-19 18:00:00, 0.0
2.0, 95.0, 5.9, 0.2, 10.6, 5.2, 11.4, 10.9, 19.0, 0.0, 1.4, 95.0, 2020-09-19 19:00:00, 0.0
19.0, 96.0, 5.9, 0.0, 10.4, 6.5, 11.0, 10.7, 17.0, 0.0, 1.4, 93.0, 2020-09-19 20:00:00, 0.0
16.0, 95.0, 5.2, 0.0, 10.1, 5.6, 10.9, 10.6, 2.0, 0.2, 1.6, 91.0, 2020-09-19 21:00:00, 0.0
58.0, 93.0, 6.5, 0.0, 9.6, 5.2, 10.7, 10.3, 19.0, 0.0, 1.6, 91.0, 2020-09-19 22:00:00, 0.0
11.0, 91.0, 5.6, 0.0, 9.2, 5.5, 10.6, 10.1, 16.0, 0.0, 1.6, 91.0, 2020-09-19 23:00:00, 0.0
354.0, 91.0, 5.2, 0.0, 8.9, 5.6, 10.3, 10.5, 58.0, 0.0, 1.6, 86.0, 2020-09-20 00:00:00, 0.0
59.0, 91.0, 5.5, 0.0, 8.7, 4.9, 10.1, 10.7, 11.0, 0.0, 1.6, 86.0, 2020-09-20 01:00:00, 0.0
78.0, 86.0, 5.6, 0.0, 8.3, 3.2, 10.5, 10.1, 354.0, 0.0, 1.6, 89.0, 2020-09-20 02:00:00, 0.0
327.0, 86.0, 4.9, 0.0, 8.5, 11.0, 10.7, 11.4, 59.0, 0.0, 1.6, 83.0, 2020-09-20 03:00:00, 0.0
4.0, 89.0, 3.2, 0.0, 8.4, 6.2, 10.1, 10.4, 78.0, 0.0, 1.6, 88.0, 2020-09-20 04:00:00, 0.0
41.0, 83.0, 11.0, 0.0, 8.6, 3.9, 11.4, 10.1, 327.0, 0.0, 1.6, 88.0, 2020-09-20 05:00:00, 0.0
343.0, 88.0, 6.2, 0.0, 8.5, 2.8, 10.4, 10.7, 4.0, 0.0, 1.6, 89.0, 2020-09-20 06:00:00, 0.0
324.0, 88.0, 3.9, 0.0, 8.2, 2.5, 10.1, 11.3, 41.0, 0.0, 1.6, 88.0, 2020-09-20 07:00:00, 0.0
219.0, 89.0, 2.8, 0.0, 9.0, 2.8, 10.7, 13.3, 343.0, 0.0, 1.6, 85.0, 2020-09-20 08:00:00, 0.0
116.0, 88.0, 2.5, 0.0, 9.4, 2.9, 11.3, 14.6, 324.0, 0.0, 1.6, 80.0, 2020-09-20 09:00:00, 0.0
221.0, 85.0, 2.8, 0.0, 10.8, 8.6, 13.3, 17.6, 219.0, 0.0, 1.6, 68.0, 2020-09-20 10:00:00, 0.0
313.0, 80.0, 2.9, 0.0, 11.2, 6.1, 14.6, 15.3, 116.0, 0.0, 1.6, 59.0, 2020-09-20 11:00:00, 0.0
149.0, 68.0, 8.6, 0.0, 11.6, 6.8, 17.6, 18.6, 221.0, 0.0, 0.2, 57.0, 2020-09-20 12:00:00, 0.0
306.0, 59.0, 6.1, 0.0, 7.3, 7.8, 15.3, 15.6, 313.0, 0.0, 0.2, 60.0, 2020-09-20 13:00:00, 0.0
232.0, 57.0, 6.8, 0.0, 9.9, 4.0, 18.6, 17.6, 149.0, 0.0, 0.2, 54.0, 2020-09-20 14:00:00, 0.0
146.0, 60.0, 7.8, 0.0, 7.9, 2.9, 15.6, 16.1, 306.0, 0.0, 0.2, 62.0, 2020-09-20 15:00:00, 0.0
21.0, 54.0, 4.0, 0.0, 8.2, 5.0, 17.6, 13.5, 232.0, 0.0, 0.2, 78.0, 2020-09-20 16:00:00, 0.0
13.0, 62.0, 2.9, 0.0, 8.8, 6.2, 16.1, 12.3, 146.0, 0.0, 0.2, 75.0, 2020-09-20 17:00:00, 0.0
46.0, 78.0, 5.0, 0.0, 9.7, 5.8, 13.5, 12.9, 21.0, 0.0, 0.2, 75.0, 2020-09-20 18:00:00, 0.0
23.0, 75.0, 6.2, 0.0, 8.0, 4.4, 12.3, 10.8, 13.0, 0.0, 0.2, 78.0, 2020-09-20 19:00:00, 0.0
22.0, 75.0, 5.8, 0.0, 8.6, 6.3, 12.9, 10.0, 46.0, 0.0, 0.2, 75.0, 2020-09-20 20:00:00, 0.0
3.0, 78.0, 4.4, 0.0, 7.1, 5.1, 10.8, 10.1, 23.0, 0.0, 0.0, 76.0, 2020-09-20 21:00:00, 0.0
75.0, 75.0, 6.3, 0.0, 5.8, 7.5, 10.0, 9.7, 22.0, 0.0, 0.0, 90.0, 2020-09-20 22:00:00, 0.0
33.0, 76.0, 5.1, 0.0, 6.1, 7.7, 10.1, 10.4, 3.0, 0.0, 0.0, 84.0, 2020-09-20 23:00:00, 0.0
56.0, 90.0, 7.5, 0.0, 8.1, 3.9, 9.7, 9.9, 75.0, 0.0, 0.0, 87.0, 2020-09-21 00:00:00, 0.0
75.0, 84.0, 7.7, 0.0, 7.8, 5.0, 10.4, 9.7, 33.0, 0.0, 0.0, 88.0, 2020-09-21 01:00:00, 0.0
78.0, 87.0, 3.9, 0.0, 7.8, 5.9, 9.9, 9.0, 56.0, 0.0, 0.0, 89.0, 2020-09-21 02:00:00, 0.0
19.0, 88.0, 5.0, 0.0, 7.8, 5.9, 9.7, 9.4, 75.0, 0.0, 0.0, 90.0, 2020-09-21 03:00:00, 0.0
67.0, 89.0, 5.9, 0.0, 7.3, 4.8, 9.0, 8.7, 78.0, 0.0, 0.0, 91.0, 2020-09-21 04:00:00, 0.0
53.0, 90.0, 5.9, 0.0, 7.8, 4.9, 9.4, 8.4, 19.0, 0.0, 0.0, 87.0, 2020-09-21 05:00:00, 0.0
123.0, 91.0, 4.8, 0.0, 7.3, 4.6, 8.7, 9.8, 67.0, 0.0, 0.0, 88.0, 2020-09-21 06:00:00, 0.0
92.0, 87.0, 4.9, 0.0, 6.4, 3.7, 8.4, 11.4, 53.0, 0.0, 0.0, 83.0, 2020-09-21 07:00:00, 0.0
95.0, 88.0, 4.6, 0.0, 7.9, 4.6, 9.8, 13.1, 123.0, 0.0, 0.0, 70.0, 2020-09-21 08:00:00, 0.0
72.0, 83.0, 3.7, 0.0, 8.6, 7.4, 11.4, 13.4, 92.0, 0.0, 0.0, 68.0, 2020-09-21 09:00:00, 0.0
68.0, 70.0, 4.6, 0.0, 7.8, 5.6, 13.1, 14.0, 95.0, 0.0, 0.0, 64.0, 2020-09-21 10:00:00, 0.0
104.0, 68.0, 7.4, 0.0, 7.6, 3.7, 13.4, 14.3, 72.0, 0.0, 0.0, 67.0, 2020-09-21 11:00:00, 0.0
157.0, 64.0, 5.6, 0.0, 7.3, 4.1, 14.0, 15.1, 68.0, 0.0, 0.0, 60.0, 2020-09-21 12:00:00, 0.0
0.0, 67.0, 3.7, 0.0, 8.3, 3.6, 14.3, 14.2, 104.0, 0.0, 0.0, 73.0, 2020-09-21 13:00:00, 0.0
206.0, 60.0, 4.1, 0.0, 7.4, 5.4, 15.1, 16.8, 157.0, 0.0, 0.0, 60.0, 2020-09-21 14:00:00, 0.0
233.0, 73.0, 3.6, 0.0, 9.4, 3.4, 14.2, 16.2, 0.0, 0.0, 0.0, 67.0, 2020-09-21 15:00:00, 0.0
33.0, 60.0, 5.4, 0.0, 9.0, 2.9, 16.8, 14.1, 206.0, 0.0, 0.0, 81.0, 2020-09-21 16:00:00, 0.0
14.0, 67.0, 3.4, 0.0, 10.1, 4.5, 16.2, 11.5, 233.0, 0.0, 0.0, 84.0, 2020-09-21 17:00:00, 0.0
21.0, 81.0, 2.9, 0.0, 10.9, 6.6, 14.1, 10.0, 33.0, 0.0, 0.0, 77.0, 2020-09-21 18:00:00, 0.0
20.0, 84.0, 4.5, 0.0, 8.9, 4.7, 11.5, 9.8, 14.0, 0.0, 0.0, 80.0, 2020-09-21 19:00:00, 0.0
4.0, 77.0, 6.6, 0.0, 6.2, 6.6, 10.0, 9.8, 21.0, 0.0, 0.0, 83.0, 2020-09-21 20:00:00, 0.0
19.0, 80.0, 4.7, 0.0, 6.5, 2.6, 9.8, 9.4, 20.0, 0.0, 0.0, 86.0, 2020-09-21 21:00:00, 0.0
343.0, 83.0, 6.6, 0.0, 7.1, 3.7, 9.8, 9.2, 4.0, 0.0, 0.0, 83.0, 2020-09-21 22:00:00, 0.0
17.0, 86.0, 2.6, 0.0, 7.2, 4.7, 9.4, 8.4, 19.0, 0.0, 0.0, 85.0, 2020-09-21 23:00:00, 0.0
29.0, 83.0, 3.7, 0.0, 6.5, 4.8, 9.2, 7.9, 343.0, 0.0, 0.0, 81.0, 2020-09-22 00:00:00, 0.0
37.0, 85.0, 4.7, 0.0, 6.0, 4.6, 8.4, 7.4, 17.0, 0.0, 0.0, 84.0, 2020-09-22 01:00:00, 0.0
27.0, 81.0, 4.8, 0.0, 4.8, 6.1, 7.9, 7.1, 29.0, 0.0, 0.0, 83.0, 2020-09-22 02:00:00, 0.0
14.0, 84.0, 4.6, 0.0, 4.9, 4.4, 7.4, 7.1, 37.0, 0.0, 0.0, 85.0, 2020-09-22 03:00:00, 0.0
20.0, 83.0, 6.1, 0.0, 4.4, 4.3, 7.1, 7.7, 27.0, 0.0, 0.0, 84.0, 2020-09-22 04:00:00, 0.0
29.0, 85.0, 4.4, 0.0, 4.8, 5.5, 7.1, 7.8, 14.0, 0.0, 0.0, 84.0, 2020-09-22 05:00:00, 0.0
48.0, 84.0, 4.3, 0.0, 5.2, 4.9, 7.7, 8.3, 20.0, 0.0, 0.0, 88.0, 2020-09-22 06:00:00, 0.0
124.0, 84.0, 5.5, 0.0, 5.3, 5.8, 7.8, 9.1, 29.0, 0.0, 0.0, 88.0, 2020-09-22 07:00:00, 0.0
165.0, 88.0, 4.9, 0.0, 6.4, 8.1, 8.3, 12.1, 48.0, 0.0, 0.0, 77.0, 2020-09-22 08:00:00, 0.0
160.0, 88.0, 5.8, 0.0, 7.2, 9.0, 9.1, 14.0, 124.0, 0.0, 0.0, 70.0, 2020-09-22 09:00:00, 0.0
171.0, 77.0, 8.1, 0.0, 8.2, 8.7, 12.1, 16.2, 165.0, 0.0, 0.0, 61.0, 2020-09-22 10:00:00, 0.0
197.0, 70.0, 9.0, 0.0, 8.6, 7.0, 14.0, 17.7, 160.0, 0.0, 0.0, 52.0, 2020-09-22 11:00:00, 0.0
203.0, 61.0, 8.7, 0.0, 8.7, 5.7, 16.2, 17.9, 171.0, 0.0, 0.0, 51.0, 2020-09-22 12:00:00, 0.0
149.0, 52.0, 7.0, 0.0, 7.7, 4.2, 17.7, 17.6, 197.0, 0.0, 0.0, 50.0, 2020-09-22 13:00:00, 0.0
154.0, 51.0, 5.7, 0.0, 7.6, 4.0, 17.9, 17.4, 203.0, 0.0, 0.0, 51.0, 2020-09-22 14:00:00, 0.0
32.0, 50.0, 4.2, 0.0, 7.1, 2.7, 17.6, 15.7, 149.0, 0.0, 0.0, 68.0, 2020-09-22 15:00:00, 0.0
34.0, 51.0, 4.0, 0.0, 7.2, 3.5, 17.4, 14.5, 154.0, 0.0, 0.0, 74.0, 2020-09-22 16:00:00, 0.0
21.0, 68.0, 2.7, 0.0, 9.8, 6.5, 15.7, 11.7, 32.0, 0.0, 0.0, 73.0, 2020-09-22 17:00:00, 0.0
48.0, 74.0, 3.5, 0.0, 9.9, 6.7, 14.5, 10.8, 34.0, 0.0, 0.0, 75.0, 2020-09-22 18:00:00, 0.0
25.0, 73.0, 6.5, 0.0, 7.0, 7.1, 11.7, 11.0, 21.0, 0.0, 0.0, 77.0, 2020-09-22 19:00:00, 0.0
99.0, 75.0, 6.7, 0.0, 6.6, 4.1, 10.8, 10.8, 48.0, 0.0, 0.0, 81.0, 2020-09-22 20:00:00, 0.0
40.0, 77.0, 7.1, 0.0, 7.1, 6.6, 11.0, 11.2, 25.0, 0.0, 0.0, 80.0, 2020-09-22 21:00:00, 0.0
75.0, 81.0, 4.1, 0.0, 7.7, 8.6, 10.8, 11.0, 99.0, 0.0, 0.0, 77.0, 2020-09-22 22:00:00, 0.0
57.0, 80.0, 6.6, 0.0, 7.9, 9.0, 11.2, 11.5, 40.0, 0.0, 0.0, 80.0, 2020-09-22 23:00:00, 0.0
77.0, 77.0, 8.6, 0.0, 7.1, 7.4, 11.0, 10.7, 75.0, 0.0, 0.0, 78.0, 2020-09-23 00:00:00, 0.0
119.0, 80.0, 9.0, 0.0, 8.2, 4.2, 11.5, 10.8, 57.0, 0.0, 0.0, 81.0, 2020-09-23 01:00:00, 0.0
62.0, 78.0, 7.4, 0.0, 7.0, 3.5, 10.7, 10.3, 77.0, 0.0, 0.0, 85.0, 2020-09-23 02:00:00, 0.0
45.0, 81.0, 4.2, 0.0, 7.7, 7.9, 10.8, 11.4, 119.0, 0.0, 0.0, 73.0, 2020-09-23 03:00:00, 0.0
41.0, 85.0, 3.5, 0.0, 7.9, 5.7, 10.3, 10.2, 62.0, 0.0, 0.0, 87.0, 2020-09-23 04:00:00, 0.0
66.0, 73.0, 7.9, 0.2, 6.7, 4.4, 11.4, 9.7, 45.0, 0.0, 0.0, 90.0, 2020-09-23 05:00:00, 0.0
45.0, 87.0, 5.7, 0.0, 8.1, 6.7, 10.2, 9.9, 41.0, 0.0, 0.0, 87.0, 2020-09-23 06:00:00, 0.0
66.0, 90.0, 4.4, 0.0, 8.1, 6.5, 9.7, 11.0, 66.0, 0.2, 0.2, 80.0, 2020-09-23 07:00:00, 0.0
48.0, 87.0, 6.7, 0.4, 7.8, 5.9, 9.9, 10.2, 45.0, 0.0, 0.2, 90.0, 2020-09-23 08:00:00, 0.0
103.0, 80.0, 6.5, 0.6, 7.7, 9.2, 11.0, 10.6, 66.0, 0.0, 0.2, 86.0, 2020-09-23 09:00:00, 0.0
107.0, 90.0, 5.9, 0.6, 8.6, 4.8, 10.2, 10.5, 48.0, 0.4, 0.6, 90.0, 2020-09-23 10:00:00, 0.0
139.0, 86.0, 9.2, 0.4, 8.4, 6.7, 10.6, 11.3, 103.0, 0.6, 1.2, 91.0, 2020-09-23 11:00:00, 0.0
106.0, 90.0, 4.8, 0.2, 8.9, 4.8, 10.5, 10.4, 107.0, 0.6, 1.8, 92.0, 2020-09-23 12:00:00, 0.0
78.0, 91.0, 6.7, 1.0, 9.9, 4.2, 11.3, 10.4, 139.0, 0.4, 2.2, 93.0, 2020-09-23 13:00:00, 0.0
163.0, 92.0, 4.8, 1.0, 9.2, 4.8, 10.4, 10.4, 106.0, 0.2, 2.4, 94.0, 2020-09-23 14:00:00, 0.0
127.0, 93.0, 4.2, 1.2, 9.3, 7.3, 10.4, 10.3, 78.0, 1.0, 3.4, 92.0, 2020-09-23 15:00:00, 0.0
99.0, 94.0, 4.8, 1.8, 9.5, 5.3, 10.4, 10.0, 163.0, 1.0, 4.4, 95.0, 2020-09-23 16:00:00, 0.0
137.0, 92.0, 7.3, 1.0, 9.1, 14.5, 10.3, 10.0, 127.0, 1.2, 5.6, 93.0, 2020-09-23 17:00:00, 0.0
130.0, 95.0, 5.3, 1.0, 9.2, 17.3, 10.0, 9.9, 99.0, 1.8, 7.4, 94.0, 2020-09-23 18:00:00, 0.0
138.0, 93.0, 14.5, 0.4, 8.9, 13.7, 10.0, 9.9, 137.0, 1.0, 8.4, 92.0, 2020-09-23 19:00:00, 0.0
127.0, 94.0, 17.3, 0.6, 9.0, 18.8, 9.9, 9.8, 130.0, 1.0, 9.4, 91.0, 2020-09-23 20:00:00, 0.0
118.0, 92.0, 13.7, 1.0, 8.7, 13.4, 9.9, 9.6, 138.0, 0.4, 9.8, 92.0, 2020-09-23 21:00:00, 0.0
123.0, 91.0, 18.8, 1.0, 8.4, 16.2, 9.8, 9.5, 127.0, 0.6, 10.4, 92.0, 2020-09-23 22:00:00, 0.0
140.0, 92.0, 13.4, 2.4, 8.4, 15.0, 9.6, 9.3, 118.0, 1.0, 11.4, 92.0, 2020-09-23 23:00:00, 0.0
137.0, 92.0, 16.2, 1.0, 8.3, 8.0, 9.5, 9.1, 123.0, 1.0, 12.4, 96.0, 2020-09-24 00:00:00, 0.0
86.0, 92.0, 15.0, 0.6, 8.1, 3.4, 9.3, 8.8, 140.0, 2.4, 14.8, 94.0, 2020-09-24 01:00:00, 0.0
95.0, 96.0, 8.0, 0.6, 8.5, 8.4, 9.1, 8.6, 137.0, 1.0, 15.8, 95.0, 2020-09-24 02:00:00, 0.0
80.0, 94.0, 3.4, 0.0, 7.9, 7.4, 8.8, 8.1, 86.0, 0.6, 16.4, 95.0, 2020-09-24 03:00:00, 0.0
16.0, 95.0, 8.4, 0.2, 7.8, 8.1, 8.6, 8.0, 95.0, 0.6, 17.0, 93.0, 2020-09-24 04:00:00, 0.0
14.0, 95.0, 7.4, 0.4, 7.3, 6.2, 8.1, 7.4, 80.0, 0.0, 17.0, 94.0, 2020-09-24 05:00:00, 0.0
23.0, 93.0, 8.1, 0.2, 6.9, 4.8, 8.0, 7.8, 16.0, 0.2, 17.2, 96.0, 2020-09-24 06:00:00, 0.0
71.0, 94.0, 6.2, 0.0, 6.5, 4.7, 7.4, 9.0, 14.0, 0.4, 17.4, 90.0, 2020-09-24 07:00:00, 0.0
139.0, 96.0, 4.8, 0.2, 7.2, 5.7, 7.8, 9.5, 23.0, 0.2, 17.6, 93.0, 2020-09-24 08:00:00, 0.0
71.0, 90.0, 4.7, 0.2, 7.4, 5.5, 9.0, 9.5, 71.0, 0.0, 17.6, 91.0, 2020-09-24 09:00:00, 0.0
114.0, 93.0, 5.7, 1.0, 8.4, 4.0, 9.5, 9.8, 139.0, 0.2, 17.4, 90.0, 2020-09-24 10:00:00, 0.0
87.0, 91.0, 5.5, 0.8, 8.1, 6.1, 9.5, 9.5, 71.0, 0.2, 17.0, 90.0, 2020-09-24 11:00:00, 0.0
131.0, 90.0, 4.0, 0.4, 8.2, 4.0, 9.8, 10.8, 114.0, 1.0, 17.4, 89.0, 2020-09-24 12:00:00, 0.0
6.0, 90.0, 6.1, 0.0, 7.9, 4.8, 9.5, 10.1, 87.0, 0.8, 17.8, 83.0, 2020-09-24 13:00:00, 0.0
17.0, 89.0, 4.0, 0.4, 9.1, 6.4, 10.8, 9.5, 131.0, 0.4, 18.0, 91.0, 2020-09-24 14:00:00, 0.0
103.0, 83.0, 4.8, 1.0, 7.3, 5.2, 10.1, 9.2, 6.0, 0.0, 17.0, 92.0, 2020-09-24 15:00:00, 0.0
43.0, 91.0, 6.4, 1.2, 8.1, 12.7, 9.5, 8.0, 17.0, 0.4, 16.4, 90.0, 2020-09-24 16:00:00, 0.0
90.0, 92.0, 5.2, 0.0, 8.0, 8.2, 9.2, 7.5, 103.0, 1.0, 16.2, 95.0, 2020-09-24 17:00:00, 0.0
93.0, 90.0, 12.7, 0.0, 6.5, 10.8, 8.0, 7.2, 43.0, 1.2, 15.6, 94.0, 2020-09-24 18:00:00, 0.0
114.0, 95.0, 8.2, 0.4, 6.8, 10.6, 7.5, 7.2, 90.0, 0.0, 14.6, 96.0, 2020-09-24 19:00:00, 0.0
125.0, 94.0, 10.8, 0.8, 6.3, 6.0, 7.2, 6.9, 93.0, 0.0, 13.6, 93.0, 2020-09-24 20:00:00, 0.0
95.0, 96.0, 10.6, 0.2, 6.6, 7.9, 7.2, 6.7, 114.0, 0.4, 13.6, 94.0, 2020-09-24 21:00:00, 0.0
83.0, 93.0, 6.0, 1.0, 5.8, 4.4, 6.9, 6.7, 125.0, 0.8, 13.8, 96.0, 2020-09-24 22:00:00, 0.0
87.0, 94.0, 7.9, 0.2, 5.8, 6.2, 6.7, 6.6, 95.0, 0.2, 13.0, 96.0, 2020-09-24 23:00:00, 0.0
94.0, 96.0, 4.4, 0.0, 6.1, 8.0, 6.7, 6.8, 83.0, 1.0, 13.0, 96.0, 2020-09-25 00:00:00, 0.0
67.0, 96.0, 6.2, 0.0, 6.0, 7.9, 6.6, 6.9, 87.0, 0.2, 10.8, 96.0, 2020-09-25 01:00:00, 0.0
71.0, 96.0, 8.0, 0.0, 6.2, 6.2, 6.8, 6.9, 94.0, 0.0, 9.8, 95.0, 2020-09-25 02:00:00, 0.0
78.0, 96.0, 7.9, 0.2, 6.3, 7.6, 6.9, 6.9, 67.0, 0.0, 9.2, 94.0, 2020-09-25 03:00:00, 0.0
96.0, 95.0, 6.2, 0.0, 6.2, 7.6, 6.9, 6.8, 71.0, 0.0, 8.6, 94.0, 2020-09-25 04:00:00, 0.0
97.0, 94.0, 7.6, 0.0, 6.0, 6.3, 6.9, 6.8, 78.0, 0.2, 8.8, 93.0, 2020-09-25 05:00:00, 0.0
113.0, 94.0, 7.6, 0.0, 5.9, 9.4, 6.8, 7.1, 96.0, 0.0, 8.6, 91.0, 2020-09-25 06:00:00, 0.0
136.0, 93.0, 6.3, 0.0, 5.7, 13.6, 6.8, 7.4, 97.0, 0.0, 8.2, 84.0, 2020-09-25 07:00:00, 0.0
149.0, 91.0, 9.4, 0.0, 5.7, 14.4, 7.1, 7.8, 113.0, 0.0, 8.0, 83.0, 2020-09-25 08:00:00, 0.0
153.0, 84.0, 13.6, 0.0, 4.9, 13.0, 7.4, 8.6, 136.0, 0.0, 8.0, 80.0, 2020-09-25 09:00:00, 0.0
173.0, 83.0, 14.4, 0.0, 5.1, 13.9, 7.8, 8.6, 149.0, 0.0, 7.8, 82.0, 2020-09-25 10:00:00, 0.0
140.0, 80.0, 13.0, 0.2, 5.3, 11.6, 8.6, 8.4, 153.0, 0.0, 7.6, 81.0, 2020-09-25 11:00:00, 0.0
115.0, 82.0, 13.9, 0.4, 5.7, 7.4, 8.6, 8.8, 173.0, 0.0, 6.6, 84.0, 2020-09-25 12:00:00, 0.0
209.0, 81.0, 11.6, 0.2, 5.3, 6.2, 8.4, 9.4, 140.0, 0.2, 6.0, 82.0, 2020-09-25 13:00:00, 0.0
168.0, 84.0, 7.4, 0.0, 6.2, 11.2, 8.8, 9.9, 115.0, 0.4, 6.0, 76.0, 2020-09-25 14:00:00, 0.0
137.0, 82.0, 6.2, 0.0, 6.5, 5.0, 9.4, 9.3, 209.0, 0.2, 6.2, 84.0, 2020-09-25 15:00:00, 0.0
42.0, 76.0, 11.2, 0.0, 5.9, 5.7, 9.9, 8.6, 168.0, 0.0, 5.8, 89.0, 2020-09-25 16:00:00, 0.0
53.0, 84.0, 5.0, 0.0, 6.7, 5.3, 9.3, 7.8, 137.0, 0.0, 4.8, 91.0, 2020-09-25 17:00:00, 0.0
263.0, 89.0, 5.7, 1.2, 6.9, 7.0, 8.6, 7.5, 42.0, 0.0, 3.6, 90.0, 2020-09-25 18:00:00, 0.0
13.0, 91.0, 5.3, 2.2, 6.4, 8.5, 7.8, 6.2, 53.0, 0.0, 3.6, 94.0, 2020-09-25 19:00:00, 0.0
10.0, 90.0, 7.0, 0.2, 6.0, 5.0, 7.5, 5.7, 263.0, 1.2, 4.8, 94.0, 2020-09-25 20:00:00, 0.0
346.0, 94.0, 8.5, 0.0, 5.3, 7.8, 6.2, 5.6, 13.0, 2.2, 6.6, 92.0, 2020-09-25 21:00:00, 0.0
13.0, 94.0, 5.0, 0.0, 4.8, 7.7, 5.7, 4.5, 10.0, 0.2, 6.0, 95.0, 2020-09-25 22:00:00, 0.0
22.0, 92.0, 7.8, 0.2, 4.4, 5.2, 5.6, 5.0, 346.0, 0.0, 5.8, 94.0, 2020-09-25 23:00:00, 0.0
2.0, 95.0, 7.7, 0.0, 3.8, 7.5, 4.5, 4.9, 13.0, 0.0, 4.8, 94.0, 2020-09-26 00:00:00, 0.0
16.0, 94.0, 5.2, 0.0, 4.1, 6.9, 5.0, 4.9, 22.0, 0.2, 4.8, 96.0, 2020-09-26 01:00:00, 0.0
15.0, 94.0, 7.5, 0.0, 4.0, 6.4, 4.9, 4.9, 2.0, 0.0, 4.8, 95.0, 2020-09-26 02:00:00, 0.0
18.0, 96.0, 6.9, 0.0, 4.3, 7.2, 4.9, 4.6, 16.0, 0.0, 4.8, 95.0, 2020-09-26 03:00:00, 0.0
16.0, 95.0, 6.4, 0.2, 4.2, 6.5, 4.9, 4.6, 15.0, 0.0, 4.8, 96.0, 2020-09-26 04:00:00, 0.0
38.0, 95.0, 7.2, 1.0, 3.9, 6.2, 4.6, 4.8, 18.0, 0.0, 4.6, 93.0, 2020-09-26 05:00:00, 0.0
27.0, 96.0, 6.5, 0.0, 4.0, 5.9, 4.6, 4.9, 16.0, 0.2, 4.8, 95.0, 2020-09-26 06:00:00, 0.0
276.0, 93.0, 6.2, 0.0, 3.8, 5.0, 4.8, 6.4, 38.0, 1.0, 5.8, 93.0, 2020-09-26 07:00:00, 0.0
286.0, 95.0, 5.9, 0.0, 4.2, 3.1, 4.9, 8.2, 27.0, 0.0, 5.8, 89.0, 2020-09-26 08:00:00, 0.0
205.0, 93.0, 5.0, 0.0, 5.4, 6.5, 6.4, 9.6, 276.0, 0.0, 5.8, 84.0, 2020-09-26 09:00:00, 0.0
210.0, 89.0, 3.1, 0.0, 6.5, 4.8, 8.2, 9.6, 286.0, 0.0, 5.8, 82.0, 2020-09-26 10:00:00, 0.0
207.0, 84.0, 6.5, 0.0, 7.0, 4.4, 9.6, 9.8, 205.0, 0.0, 5.8, 80.0, 2020-09-26 11:00:00, 0.0
233.0, 82.0, 4.8, 0.2, 6.7, 9.8, 9.6, 10.6, 210.0, 0.0, 5.8, 75.0, 2020-09-26 12:00:00, 0.0
325.0, 80.0, 4.4, 0.0, 6.5, 7.9, 9.8, 7.7, 207.0, 0.0, 5.6, 77.0, 2020-09-26 13:00:00, 0.0
97.0, 75.0, 9.8, 0.0, 6.4, 6.2, 10.6, 10.0, 233.0, 0.2, 5.4, 61.0, 2020-09-26 14:00:00, 0.0
None, 77.0, 7.9, None, 3.9, None, 7.7, None, 325.0, 0.0, 5.2, None, 2020-09-26 15:00:00, 0.0
None, 61.0, 6.2, None, 2.8, None, 10.0, None, 97.0, 0.0, 5.2, None, 2020-09-26 16:00:00, 0.0
7.0, None, None, 0.0, None, 6.5, None, 5.7, None, None, None, 90.0, 2020-09-26 17:00:00, None
15.0, None, None, 0.0, None, 5.9, None, 5.6, None, None, None, 92.0, 2020-09-26 18:00:00, None
8.0, None, None, 0.0, None, 5.9, None, 5.4, None, None, None, 91.0, 2020-09-26 19:00:00, None
16.0, None, None, 0.0, None, 6.4, None, 4.4, None, None, None, 91.0, 2020-09-26 20:00:00, None
29.0, None, None, 0.0, None, 6.2, None, 4.3, None, None, None, 90.0, 2020-09-26 21:00:00, None
36.0, None, None, 0.0, None, 6.3, None, 4.0, None, None, None, 91.0, 2020-09-26 22:00:00, None
13.0, None, None, 0.0, None, 4.9, None, 4.3, None, None, None, 91.0, 2020-09-26 23:00:00, None
18.0, None, None, 0.0, None, 7.9, None, 3.5, None, None, None, 92.0, 2020-09-27 00:00:00, None
29.0, None, None, 0.0, None, 4.9, None, 4.1, None, None, None, 90.0, 2020-09-27 01:00:00, None
13.0, None, None, 0.0, None, 5.3, None, 3.6, None, None, None, 90.0, 2020-09-27 02:00:00, None
22.0, None, None, 0.0, None, 7.9, None, 2.5, None, None, None, 91.0, 2020-09-27 03:00:00, None
345.0, None, None, 0.0, None, 7.7, None, 2.6, None, None, None, 87.0, 2020-09-27 04:00:00, None
355.0, None, None, 0.0, None, 6.6, None, 2.2, None, None, None, 90.0, 2020-09-27 05:00:00, None
18.0, None, None, 0.0, None, 5.6, None, 2.5, None, None, None, 89.0, 2020-09-27 06:00:00, None
198.0, None, None, 0.0, None, 4.6, None, 7.4, None, None, None, 80.0, 2020-09-27 07:00:00, None
219.0, 89.0, 5.6, 0.0, 0.9, 8.2, 2.5, 8.7, 18.0, 0.0, 0.2, 76.0, 2020-09-27 08:00:00, None
224.0, 80.0, 4.6, 0.0, 4.2, 3.8, 7.4, 8.6, 198.0, 0.0, 0.2, 78.0, 2020-09-27 09:00:00, 0.0
283.0, 76.0, 8.2, 0.0, 4.7, 3.9, 8.7, 8.5, 219.0, 0.0, 0.2, 79.0, 2020-09-27 10:00:00, 0.0
215.0, 78.0, 3.8, 0.0, 5.0, 8.2, 8.6, 12.1, 224.0, 0.0, 0.2, 62.0, 2020-09-27 11:00:00, 0.0
258.0, 79.0, 3.9, 0.0, 5.1, 8.8, 8.5, 12.5, 283.0, 0.0, 0.2, 60.0, 2020-09-27 12:00:00, 0.0
257.0, 62.0, 8.2, 0.0, 5.0, 7.6, 12.1, 11.7, 215.0, 0.0, 0.2, 62.0, 2020-09-27 13:00:00, 0.0
289.0, 60.0, 8.8, 0.0, 5.0, 6.4, 12.5, 11.9, 258.0, 0.0, 0.0, 56.0, 2020-09-27 14:00:00, 0.0
315.0, 62.0, 7.6, 0.0, 4.7, 6.9, 11.7, 11.2, 257.0, 0.0, 0.0, 54.0, 2020-09-27 15:00:00, 0.0
27.0, 56.0, 6.4, 0.0, 3.4, 4.3, 11.9, 8.8, 289.0, 0.0, 0.0, 80.0, 2020-09-27 16:00:00, 0.0
12.0, None, None, 0.0, None, 6.2, None, 8.0, None, None, None, 78.0, 2020-09-27 17:00:00, None
19.0, None, None, 0.0, None, 7.1, None, 7.7, None, None, None, 82.0, 2020-09-27 18:00:00, None
8.0, None, None, 0.0, None, 4.6, None, 7.7, None, None, None, 80.0, 2020-09-27 19:00:00, None
25.0, None, None, 0.0, None, 5.7, None, 7.7, None, None, None, 80.0, 2020-09-27 20:00:00, None
14.0, None, None, 0.0, None, 4.2, None, 7.3, None, None, None, 85.0, 2020-09-27 21:00:00, None
21.0, None, None, 0.0, None, 5.5, None, 6.8, None, None, None, 80.0, 2020-09-27 22:00:00, None
31.0, None, None, 0.0, None, 5.3, None, 6.7, None, None, None, 79.0, 2020-09-27 23:00:00, None
22.0, 80.0, 5.5, 0.0, 3.6, 5.5, 6.8, 6.3, 21.0, 0.0, 0.0, 83.0, 2020-09-28 00:00:00, 0.0
93.0, 79.0, 5.3, 0.0, 3.3, 6.8, 6.7, 6.5, 31.0, 0.0, 0.0, 91.0, 2020-09-28 01:00:00, 0.0
94.0, 83.0, 5.5, 0.0, 3.6, 4.9, 6.3, 6.7, 22.0, 0.0, 0.0, 88.0, 2020-09-28 02:00:00, 0.0
80.0, 91.0, 6.8, 0.0, 5.1, 7.3, 6.5, 6.7, 93.0, 0.0, 0.0, 88.0, 2020-09-28 03:00:00, 0.0
78.0, 88.0, 4.9, 0.0, 4.9, 9.0, 6.7, 7.5, 94.0, 0.0, 0.0, 82.0, 2020-09-28 04:00:00, 0.0
69.0, 88.0, 7.3, 0.0, 4.9, 7.7, 6.7, 7.5, 80.0, 0.0, 0.0, 81.0, 2020-09-28 05:00:00, 0.0
114.0, 82.0, 9.0, 0.0, 4.6, 7.1, 7.5, 7.6, 78.0, 0.0, 0.0, 82.0, 2020-09-28 06:00:00, 0.0
118.0, 81.0, 7.7, 0.0, 4.5, 6.5, 7.5, 8.4, 69.0, 0.0, 0.0, 75.0, 2020-09-28 07:00:00, 0.0
77.0, 82.0, 7.1, 0.0, 4.7, 8.7, 7.6, 9.1, 114.0, 0.0, 0.0, 74.0, 2020-09-28 08:00:00, 0.0
157.0, 75.0, 6.5, 0.0, 4.2, 8.1, 8.4, 12.5, 118.0, 0.0, 0.0, 64.0, 2020-09-28 09:00:00, 0.0
164.0, 74.0, 8.7, 0.0, 4.7, 11.5, 9.1, 14.4, 77.0, 0.0, 0.0, 56.0, 2020-09-28 10:00:00, 0.0
160.0, 64.0, 8.1, 0.0, 5.9, 10.5, 12.5, 16.4, 157.0, 0.0, 0.0, 48.0, 2020-09-28 11:00:00, 0.0
178.0, 56.0, 11.5, 0.0, 5.7, 9.8, 14.4, 16.7, 164.0, 0.0, 0.0, 50.0, 2020-09-28 12:00:00, 0.0
160.0, 48.0, 10.5, 0.0, 5.4, 8.0, 16.4, 16.5, 160.0, 0.0, 0.0, 49.0, 2020-09-28 13:00:00, 0.0
162.0, 50.0, 9.8, 0.0, 6.2, 9.0, 16.7, 16.0, 178.0, 0.0, 0.0, 49.0, 2020-09-28 14:00:00, 0.0
126.0, 49.0, 8.0, 0.0, 5.8, 3.6, 16.5, 13.3, 160.0, 0.0, 0.0, 61.0, 2020-09-28 15:00:00, 0.0
49.0, 49.0, 9.0, 0.0, 5.3, 4.6, 16.0, 11.1, 162.0, 0.0, 0.0, 74.0, 2020-09-28 16:00:00, 0.0
35.0, None, None, 0.0, None, 5.3, None, 10.3, None, None, None, 75.0, 2020-09-28 17:00:00, None
12.0, None, None, 0.0, None, 4.0, None, 9.8, None, None, None, 79.0, 2020-09-28 18:00:00, None
56.0, None, None, 0.0, None, 5.0, None, 9.8, None, None, None, 75.0, 2020-09-28 19:00:00, None
72.0, None, None, 0.0, None, 4.7, None, 9.8, None, None, None, 79.0, 2020-09-28 20:00:00, None
89.0, None, None, 0.0, None, 5.8, None, 9.4, None, None, None, 81.0, 2020-09-28 21:00:00, None
72.0, None, None, 0.0, None, 4.0, None, 9.5, None, None, None, 81.0, 2020-09-28 22:00:00, None
75.0, None, None, 0.0, None, 6.3, None, 9.5, None, None, None, 82.0, 2020-09-28 23:00:00, None
80.0, None, None, 0.0, None, 4.5, None, 8.9, None, None, None, 88.0, 2020-09-29 00:00:00, None
38.0, None, None, 0.0, None, 3.8, None, 8.5, None, None, None, 87.0, 2020-09-29 01:00:00, None
23.0, 88.0, 4.5, 0.0, 7.0, 2.4, 8.9, 8.6, 80.0, 0.0, 0.0, 89.0, 2020-09-29 02:00:00, 0.0
68.0, 87.0, 3.8, 0.0, 6.5, 4.1, 8.5, 8.4, 38.0, 0.0, 0.0, 89.0, 2020-09-29 03:00:00, 0.0
72.0, 89.0, 2.4, 0.0, 6.9, 4.1, 8.6, 8.2, 23.0, 0.0, 0.0, 88.0, 2020-09-29 04:00:00, 0.0
58.0, 89.0, 4.1, 0.0, 6.7, 4.4, 8.4, 7.9, 68.0, 0.0, 0.0, 92.0, 2020-09-29 05:00:00, 0.0
36.0, 88.0, 4.1, 0.0, 6.3, 2.3, 8.2, 7.5, 72.0, 0.0, 0.0, 93.0, 2020-09-29 06:00:00, 0.0
225.0, 92.0, 4.4, 0.0, 6.7, 4.0, 7.9, 9.9, 58.0, 0.0, 0.0, 90.0, 2020-09-29 07:00:00, 0.0
157.0, 93.0, 2.3, 0.0, 6.4, 5.7, 7.5, 12.6, 36.0, 0.0, 0.0, 79.0, 2020-09-29 08:00:00, 0.0
183.0, 90.0, 4.0, 0.0, 8.3, 6.9, 9.9, 14.2, 225.0, 0.0, 0.0, 75.0, 2020-09-29 09:00:00, 0.0
180.0, 79.0, 5.7, 0.0, 9.1, 5.9, 12.6, 15.7, 157.0, 0.0, 0.0, 61.0, 2020-09-29 10:00:00, 0.0
223.0, 75.0, 6.9, 0.0, 9.8, 3.4, 14.2, 13.9, 183.0, 0.0, 0.0, 74.0, 2020-09-29 11:00:00, 0.0
196.0, 61.0, 5.9, 0.0, 8.2, 5.0, 15.7, 15.6, 180.0, 0.0, 0.0, 64.0, 2020-09-29 12:00:00, 0.0
228.0, 74.0, 3.4, 0.0, 9.3, 3.6, 13.9, 15.1, 223.0, 0.0, 0.0, 71.0, 2020-09-29 13:00:00, 0.0
143.0, 64.0, 5.0, 0.0, 8.8, 3.0, 15.6, 13.9, 196.0, 0.0, 0.0, 78.0, 2020-09-29 14:00:00, 0.0
77.0, 71.0, 3.6, 0.0, 9.9, 2.5, 15.1, 14.1, 228.0, 0.0, 0.0, 76.0, 2020-09-29 15:00:00, 0.0
345.0, None, None, 0.0, None, 3.4, None, 12.4, None, None, None, 88.0, 2020-09-29 16:00:00, None
83.0, 76.0, 2.5, 0.0, 9.9, 2.8, 14.1, 11.8, 77.0, 0.0, 0.0, 86.0, 2020-09-29 17:00:00, 0.0
354.0, 88.0, 3.4, 0.0, 10.5, 3.1, 12.4, 11.4, 345.0, 0.0, 0.0, 89.0, 2020-09-29 18:00:00, 0.0
74.0, 86.0, 2.8, 0.0, 9.5, 3.9, 11.8, 11.3, 83.0, 0.0, 0.0, 87.0, 2020-09-29 19:00:00, 0.0
50.0, None, None, 0.0, None, 4.9, None, 11.2, None, None, None, 88.0, 2020-09-29 20:00:00, None
4.0, 87.0, 3.9, 0.0, 9.2, 4.4, 11.3, 11.0, 74.0, 0.0, 0.0, 89.0, 2020-09-29 21:00:00, 0.0
26.0, 88.0, 4.9, 0.0, 9.3, 4.4, 11.2, 10.5, 50.0, 0.0, 0.0, 89.0, 2020-09-29 22:00:00, 0.0
11.0, 89.0, 4.4, 0.0, 9.3, 4.5, 11.0, 10.0, 4.0, 0.0, 0.0, 90.0, 2020-09-29 23:00:00, 0.0
46.0, 89.0, 4.4, 0.0, 8.8, 4.2, 10.5, 9.7, 26.0, 0.0, 0.0, 90.0, 2020-09-30 00:00:00, 0.0
18.0, 90.0, 4.5, 0.0, 8.4, 4.4, 10.0, 8.9, 11.0, 0.0, 0.0, 92.0, 2020-09-30 01:00:00, 0.0
40.0, 90.0, 4.2, 0.0, 8.1, 5.2, 9.7, 8.6, 46.0, 0.0, 0.0, 92.0, 2020-09-30 02:00:00, 0.0
26.0, 92.0, 4.4, 0.0, 7.7, 4.0, 8.9, 8.2, 18.0, 0.0, 0.0, 91.0, 2020-09-30 03:00:00, 0.0
28.0, 92.0, 5.2, 0.0, 7.4, 5.9, 8.6, 7.8, 40.0, 0.0, 0.0, 93.0, 2020-09-30 04:00:00, 0.0
7.0, 91.0, 4.0, 0.0, 6.8, 3.9, 8.2, 7.6, 26.0, 0.0, 0.0, 94.0, 2020-09-30 05:00:00, 0.0
25.0, None, None, 0.0, None, 5.3, None, 7.6, None, None, None, 94.0, 2020-09-30 06:00:00, None
266.0, 94.0, 3.9, 0.0, 6.7, 2.6, 7.6, 10.3, 7.0, 0.0, 0.0, 90.0, 2020-09-30 07:00:00, 0.0
231.0, 94.0, 5.3, 0.0, 6.7, 6.7, 7.6, 10.6, 25.0, 0.0, 0.0, 89.0, 2020-09-30 08:00:00, 0.0
228.0, 90.0, 2.6, 0.0, 8.7, 6.8, 10.3, 11.8, 266.0, 0.0, 0.0, 83.0, 2020-09-30 09:00:00, 0.0
180.0, 89.0, 6.7, 0.0, 8.9, 7.3, 10.6, 14.8, 231.0, 0.0, 0.0, 71.0, 2020-09-30 10:00:00, 0.0
205.0, 83.0, 6.8, 0.0, 9.0, 6.6, 11.8, 16.5, 228.0, 0.0, 0.0, 66.0, 2020-09-30 11:00:00, 0.0
190.0, 71.0, 7.3, 0.0, 9.6, 6.9, 14.8, 18.6, 180.0, 0.0, 0.0, 64.0, 2020-09-30 12:00:00, 0.0
173.0, 66.0, 6.6, 0.0, 10.1, 5.3, 16.5, 19.4, 205.0, 0.0, 0.0, 60.0, 2020-09-30 13:00:00, 0.0
196.0, 64.0, 6.9, 0.0, 11.7, 4.4, 18.6, 19.6, 190.0, 0.0, 0.0, 60.0, 2020-09-30 14:00:00, 0.0
207.0, 60.0, 5.3, 0.0, 11.4, 2.1, 19.4, 18.4, 173.0, 0.0, 0.0, 65.0, 2020-09-30 15:00:00, 0.0
16.0, 60.0, 4.4, 0.0, 11.6, 3.8, 19.6, 14.1, 196.0, 0.0, 0.0, 83.0, 2020-09-30 16:00:00, 0.0
25.0, 65.0, 2.1, 0.0, 11.7, 7.0, 18.4, 12.6, 207.0, 0.0, 0.0, 83.0, 2020-09-30 17:00:00, 0.0
26.0, 83.0, 3.8, 0.0, 11.3, 5.6, 14.1, 11.7, 16.0, 0.0, 0.0, 81.0, 2020-09-30 18:00:00, 0.0
11.0, 83.0, 7.0, 0.0, 9.8, 4.6, 12.6, 10.9, 25.0, 0.0, 0.0, 84.0, 2020-09-30 19:00:00, 0.0
6.0, 81.0, 5.6, 0.0, 8.6, 3.3, 11.7, 10.9, 26.0, 0.0, 0.0, 82.0, 2020-09-30 20:00:00, 0.0
25.0, 84.0, 4.6, 0.0, 8.3, 4.9, 10.9, 10.3, 11.0, 0.0, 0.0, 84.0, 2020-09-30 21:00:00, 0.0
50.0, 82.0, 3.3, 0.0, 8.0, 3.4, 10.9, 9.8, 6.0, 0.0, 0.0, 89.0, 2020-09-30 22:00:00, 0.0
55.0, 84.0, 4.9, 0.0, 7.7, 2.0, 10.3, 9.8, 25.0, 0.0, 0.0, 90.0, 2020-09-30 23:00:00, 0.0
109.0, 89.0, 3.4, 0.0, 8.1, 2.3, 9.8, 10.0, 50.0, 0.0, 0.0, 90.0, 2020-10-01 00:00:00, 0.0
76.0, 90.0, 2.0, 0.0, 8.2, 3.6, 9.8, 9.5, 55.0, 0.0, 0.0, 91.0, 2020-10-01 01:00:00, 0.0
343.0, None, None, 0.0, None, 2.6, None, 9.0, None, None, None, 96.0, 2020-10-01 02:00:00, None
272.0, 91.0, 3.6, 0.0, 8.1, 3.8, 9.5, 9.0, 76.0, 0.0, 0.0, 97.0, 2020-10-01 03:00:00, 0.0
66.0, 96.0, 2.6, 0.0, 8.4, 1.8, 9.0, 9.2, 343.0, 0.0, 0.0, 97.0, 2020-10-01 04:00:00, 0.0
104.0, 97.0, 3.8, 0.0, 8.5, 2.4, 9.0, 9.2, 272.0, 0.0, 0.0, 97.0, 2020-10-01 05:00:00, 0.0
173.0, 97.0, 1.8, 0.0, 8.7, 1.7, 9.2, 9.6, 66.0, 0.0, 0.0, 98.0, 2020-10-01 06:00:00, 0.0
202.0, 97.0, 2.4, 0.0, 8.7, 2.3, 9.2, 10.1, 104.0, 0.0, 0.0, 98.0, 2020-10-01 07:00:00, 0.0
179.0, 98.0, 1.7, 0.0, 9.3, 3.7, 9.6, 10.5, 173.0, 0.0, 0.0, 98.0, 2020-10-01 08:00:00, 0.0
165.0, 98.0, 2.3, 0.0, 9.8, 4.9, 10.1, 11.4, 202.0, 0.0, 0.0, 91.0, 2020-10-01 09:00:00, 0.0
175.0, 98.0, 3.7, 0.0, 10.2, 6.6, 10.5, 15.5, 179.0, 0.0, 0.0, 76.0, 2020-10-01 10:00:00, 0.0
199.0, 91.0, 4.9, 0.0, 10.0, 6.9, 11.4, 17.0, 165.0, 0.0, 0.0, 69.0, 2020-10-01 11:00:00, 0.0
176.0, 76.0, 6.6, 0.0, 11.3, 4.8, 15.5, 18.4, 175.0, 0.0, 0.0, 58.0, 2020-10-01 12:00:00, 0.0
196.0, 69.0, 6.9, 0.0, 11.3, 5.9, 17.0, 20.1, 199.0, 0.0, 0.0, 52.0, 2020-10-01 13:00:00, 0.0
207.0, 58.0, 4.8, 0.0, 10.0, 5.3, 18.4, 20.2, 176.0, 0.0, 0.0, 52.0, 2020-10-01 14:00:00, 0.0
182.0, 52.0, 5.9, 0.0, 9.9, 3.9, 20.1, 20.2, 196.0, 0.0, 0.0, 55.0, 2020-10-01 15:00:00, 0.0
22.0, 52.0, 5.3, 0.0, 10.0, 6.0, 20.2, 13.9, 207.0, 0.0, 0.0, 78.0, 2020-10-01 16:00:00, 0.0
24.0, 55.0, 3.9, 0.0, 10.9, 7.7, 20.2, 12.7, 182.0, 0.0, 0.0, 81.0, 2020-10-01 17:00:00, 0.0
20.0, 78.0, 6.0, 0.0, 10.1, 6.4, 13.9, 11.6, 22.0, 0.0, 0.0, 80.0, 2020-10-01 18:00:00, 0.0
22.0, 81.0, 7.7, 0.0, 9.5, 6.3, 12.7, 11.0, 24.0, 0.0, 0.0, 80.0, 2020-10-01 19:00:00, 0.0
26.0, 80.0, 6.4, 0.0, 8.3, 7.3, 11.6, 10.6, 20.0, 0.0, 0.0, 83.0, 2020-10-01 20:00:00, 0.0
7.0, 80.0, 6.3, 0.0, 7.7, 4.9, 11.0, 10.0, 22.0, 0.0, 0.0, 84.0, 2020-10-01 21:00:00, 0.0
17.0, 83.0, 7.3, 0.0, 7.8, 4.5, 10.6, 9.2, 26.0, 0.0, 0.0, 88.0, 2020-10-01 22:00:00, 0.0
322.0, None, None, 0.0, None, 5.6, None, 9.3, None, None, None, 87.0, 2020-10-01 23:00:00, None
15.0, None, None, 0.0, None, 3.8, None, 8.7, None, None, None, 89.0, 2020-10-02 00:00:00, None
16.0, None, None, 0.0, None, 3.4, None, 8.2, None, None, None, 90.0, 2020-10-02 01:00:00, None
357.0, None, None, 0.0, None, 4.6, None, 7.7, None, None, None, 94.0, 2020-10-02 02:00:00, None
9.0, 90.0, 3.4, 0.0, 6.7, 5.0, 8.2, 8.2, 16.0, 0.0, 0.0, 89.0, 2020-10-02 03:00:00, 0.0
348.0, 94.0, 4.6, 0.0, 6.8, 5.0, 7.7, 8.7, 357.0, 0.0, 0.0, 94.0, 2020-10-02 04:00:00, 0.0
5.0, 89.0, 5.0, 0.0, 6.5, 6.2, 8.2, 8.5, 9.0, 0.0, 0.0, 95.0, 2020-10-02 05:00:00, 0.0
358.0, 94.0, 5.0, 0.0, 7.8, 4.7, 8.7, 9.0, 348.0, 0.0, 0.0, 93.0, 2020-10-02 06:00:00, 0.0
341.0, 95.0, 6.2, 0.0, 7.7, 3.7, 8.5, 9.4, 5.0, 0.0, 0.0, 93.0, 2020-10-02 07:00:00, 0.0
241.0, 93.0, 4.7, 0.0, 7.9, 4.9, 9.0, 9.8, 358.0, 0.0, 0.0, 94.0, 2020-10-02 08:00:00, 0.0
212.0, 93.0, 3.7, 0.0, 8.3, 4.8, 9.4, 10.3, 341.0, 0.0, 0.0, 91.0, 2020-10-02 09:00:00, 0.0
214.0, 94.0, 4.9, 0.0, 8.9, 4.4, 9.8, 12.3, 241.0, 0.0, 0.0, 85.0, 2020-10-02 10:00:00, 0.0
179.0, 91.0, 4.8, 0.0, 8.9, 7.6, 10.3, 16.1, 212.0, 0.0, 0.0, 68.0, 2020-10-02 11:00:00, 0.0
198.0, 85.0, 4.4, 0.0, 9.9, 6.4, 12.3, 17.8, 214.0, 0.0, 0.0, 62.0, 2020-10-02 12:00:00, 0.0
196.0, 68.0, 7.6, 0.0, 10.2, 6.2, 16.1, 19.1, 179.0, 0.0, 0.0, 59.0, 2020-10-02 13:00:00, 0.0
228.0, 62.0, 6.4, 0.0, 10.4, 5.5, 17.8, 19.0, 198.0, 0.0, 0.0, 64.0, 2020-10-02 14:00:00, 0.0
231.0, 59.0, 6.2, 0.0, 10.9, 3.9, 19.1, 18.9, 196.0, 0.0, 0.0, 60.0, 2020-10-02 15:00:00, 0.0
20.0, 64.0, 5.5, 0.0, 12.0, 5.0, 19.0, 13.7, 228.0, 0.0, 0.0, 86.0, 2020-10-02 16:00:00, 0.0
22.0, 60.0, 3.9, 0.0, 11.0, 8.2, 18.9, 12.5, 231.0, 0.0, 0.0, 86.0, 2020-10-02 17:00:00, 0.0
18.0, 86.0, 5.0, 0.0, 11.4, 6.0, 13.7, 11.4, 20.0, 0.0, 0.0, 81.0, 2020-10-02 18:00:00, 0.0
15.0, 86.0, 8.2, 0.0, 10.2, 4.8, 12.5, 11.1, 22.0, 0.0, 0.0, 82.0, 2020-10-02 19:00:00, 0.0
14.0, 81.0, 6.0, 0.0, 8.3, 3.5, 11.4, 10.0, 18.0, 0.0, 0.0, 86.0, 2020-10-02 20:00:00, 0.0
15.0, 82.0, 4.8, 0.0, 8.1, 3.8, 11.1, 10.2, 15.0, 0.0, 0.0, 84.0, 2020-10-02 21:00:00, 0.0
20.0, 86.0, 3.5, 0.0, 7.8, 4.5, 10.0, 9.6, 14.0, 0.0, 0.0, 85.0, 2020-10-02 22:00:00, 0.0
32.0, 84.0, 3.8, 0.0, 7.6, 3.3, 10.2, 9.1, 15.0, 0.0, 0.0, 87.0, 2020-10-02 23:00:00, 0.0
1.0, 85.0, 4.5, 0.0, 7.2, 3.2, 9.6, 8.3, 20.0, 0.0, 0.0, 90.0, 2020-10-03 00:00:00, 0.0
299.0, 87.0, 3.3, 0.0, 7.1, 2.1, 9.1, 7.9, 32.0, 0.0, 0.0, 94.0, 2020-10-03 01:00:00, 0.0
248.0, 90.0, 3.2, 0.0, 6.8, 1.8, 8.3, 7.7, 1.0, 0.0, 0.0, 97.0, 2020-10-03 02:00:00, 0.0
65.0, 94.0, 2.1, 0.0, 7.0, 5.2, 7.9, 8.4, 299.0, 0.0, 0.0, 97.0, 2020-10-03 03:00:00, 0.0
71.0, 97.0, 1.8, 0.0, 7.3, 5.5, 7.7, 8.7, 248.0, 0.0, 0.0, 98.0, 2020-10-03 04:00:00, 0.0
103.0, 97.0, 5.2, 0.0, 8.0, 4.5, 8.4, 8.7, 65.0, 0.0, 0.0, 98.0, 2020-10-03 05:00:00, 0.0
79.0, 98.0, 5.5, 0.0, 8.4, 5.6, 8.7, 8.5, 71.0, 0.0, 0.0, 98.0, 2020-10-03 06:00:00, 0.0
137.0, 98.0, 4.5, 0.0, 8.4, 6.2, 8.7, 8.7, 103.0, 0.0, 0.0, 98.0, 2020-10-03 07:00:00, 0.0
135.0, None, None, 0.0, None, 5.9, None, 8.9, None, None, None, 99.0, 2020-10-03 08:00:00, None
154.0, None, None, 0.0, None, 6.6, None, 10.4, None, None, None, 96.0, 2020-10-03 09:00:00, None
166.0, 99.0, 5.9, 0.0, 8.8, 7.5, 8.9, 13.5, 135.0, 0.0, 0.0, 78.0, 2020-10-03 10:00:00, 0.0
179.0, 96.0, 6.6, 0.0, 9.8, 7.5, 10.4, 16.5, 154.0, 0.0, 0.0, 67.0, 2020-10-03 11:00:00, 0.0
181.0, 78.0, 7.5, 0.0, 9.7, 6.8, 13.5, 18.0, 166.0, 0.0, 0.0, 61.0, 2020-10-03 12:00:00, 0.0
195.0, 67.0, 7.5, 0.0, 10.4, 5.5, 16.5, 19.7, 179.0, 0.0, 0.0, 52.0, 2020-10-03 13:00:00, 0.0
185.0, 61.0, 6.8, 0.0, 10.4, 5.2, 18.0, 20.3, 181.0, 0.0, 0.0, 50.0, 2020-10-03 14:00:00, 0.0
196.0, 52.0, 5.5, 0.0, 9.6, 3.4, 19.7, 19.5, 195.0, 0.0, 0.0, 58.0, 2020-10-03 15:00:00, 0.0
25.0, 50.0, 5.2, 0.0, 9.5, 5.2, 20.3, 13.6, 185.0, 0.0, 0.0, 77.0, 2020-10-03 16:00:00, 0.0
34.0, None, None, 0.0, None, 6.0, None, 12.7, None, None, None, 79.0, 2020-10-03 17:00:00, None
17.0, 77.0, 5.2, 0.0, 9.6, 6.3, 13.6, 11.5, 25.0, 0.0, 0.0, 83.0, 2020-10-03 18:00:00, 0.0
15.0, 79.0, 6.0, 0.0, 9.2, 4.9, 12.7, 11.2, 34.0, 0.0, 0.0, 82.0, 2020-10-03 19:00:00, 0.0
42.0, 83.0, 6.3, 0.0, 8.7, 3.8, 11.5, 10.8, 17.0, 0.0, 0.0, 82.0, 2020-10-03 20:00:00, 0.0
20.0, 82.0, 4.9, 0.0, 8.2, 4.9, 11.2, 10.2, 15.0, 0.0, 0.0, 85.0, 2020-10-03 21:00:00, 0.0
324.0, 82.0, 3.8, 0.0, 7.9, 2.8, 10.8, 9.4, 42.0, 0.0, 0.0, 95.0, 2020-10-03 22:00:00, 0.0
66.0, 85.0, 4.9, 0.0, 7.8, 4.8, 10.2, 9.6, 20.0, 0.0, 0.0, 88.0, 2020-10-03 23:00:00, 0.0
78.0, 95.0, 2.8, 0.0, 8.6, 4.3, 9.4, 9.2, 324.0, 0.0, 0.0, 91.0, 2020-10-04 00:00:00, 0.0
266.0, 88.0, 4.8, 0.0, 7.7, 2.7, 9.6, 8.5, 66.0, 0.0, 0.0, 96.0, 2020-10-04 01:00:00, 0.0
77.0, 91.0, 4.3, 0.0, 7.8, 2.9, 9.2, 9.0, 78.0, 0.0, 0.0, 98.0, 2020-10-04 02:00:00, 0.0
91.0, 96.0, 2.7, 0.0, 7.9, 5.1, 8.5, 9.0, 266.0, 0.0, 0.0, 98.0, 2020-10-04 03:00:00, 0.0
135.0, 98.0, 2.9, 0.0, 8.7, 3.9, 9.0, 9.1, 77.0, 0.0, 0.0, 98.0, 2020-10-04 04:00:00, 0.0
120.0, 98.0, 5.1, 0.0, 8.7, 4.0, 9.0, 9.0, 91.0, 0.0, 0.0, 98.0, 2020-10-04 05:00:00, 0.0
103.0, 98.0, 3.9, 0.0, 8.8, 3.2, 9.1, 9.2, 135.0, 0.0, 0.0, 98.0, 2020-10-04 06:00:00, 0.0
273.0, 98.0, 4.0, 0.2, 8.7, 4.1, 9.0, 9.4, 120.0, 0.0, 0.0, 99.0, 2020-10-04 07:00:00, 0.0
185.0, 98.0, 3.2, 0.4, 8.9, 2.1, 9.2, 9.6, 103.0, 0.0, 0.0, 99.0, 2020-10-04 08:00:00, 0.0
275.0, 99.0, 4.1, 0.2, 9.3, 2.4, 9.4, 9.8, 273.0, 0.2, 0.2, 99.0, 2020-10-04 09:00:00, 0.0
143.0, None, None, 0.8, None, 3.1, None, 10.3, None, None, None, 99.0, 2020-10-04 10:00:00, None
149.0, None, None, 0.0, None, 4.0, None, 10.3, None, None, None, 100.0, 2020-10-04 11:00:00, None
18.0, 99.0, 3.1, 0.0, 10.1, 3.9, 10.3, 10.5, 143.0, 0.8, 1.6, 100.0, 2020-10-04 12:00:00, 0.0
255.0, 100.0, 4.0, 0.0, 10.3, 5.9, 10.3, 10.5, 149.0, 0.0, 1.6, 100.0, 2020-10-04 13:00:00, 0.0
142.0, 100.0, 3.9, 0.0, 10.5, 4.1, 10.5, 11.5, 18.0, 0.0, 1.6, 99.0, 2020-10-04 14:00:00, 0.0
79.0, 100.0, 5.9, 0.0, 10.5, 4.3, 10.5, 11.2, 255.0, 0.0, 1.6, 99.0, 2020-10-04 15:00:00, 0.0
350.0, 99.0, 4.1, 0.0, 11.3, 6.8, 11.5, 10.9, 142.0, 0.0, 1.6, 99.0, 2020-10-04 16:00:00, 0.0
322.0, 99.0, 4.3, 0.0, 11.0, 5.0, 11.2, 10.2, 79.0, 0.0, 1.6, 99.0, 2020-10-04 17:00:00, 0.0
321.0, 99.0, 6.8, 0.0, 10.7, 14.4, 10.9, 11.0, 350.0, 0.0, 1.6, 85.0, 2020-10-04 18:00:00, 0.0
338.0, 99.0, 5.0, 0.0, 10.0, 8.2, 10.2, 10.5, 322.0, 0.0, 1.6, 89.0, 2020-10-04 19:00:00, 0.0
315.0, 85.0, 14.4, 0.0, 8.6, 13.5, 11.0, 11.2, 321.0, 0.0, 1.6, 85.0, 2020-10-04 20:00:00, 0.0
359.0, 89.0, 8.2, 0.0, 8.8, 6.6, 10.5, 9.2, 338.0, 0.0, 1.6, 87.0, 2020-10-04 21:00:00, 0.0
344.0, 85.0, 13.5, 0.0, 8.8, 8.4, 11.2, 9.0, 315.0, 0.0, 1.6, 79.0, 2020-10-04 22:00:00, 0.0
2.0, 87.0, 6.6, 0.0, 7.2, 6.2, 9.2, 8.3, 359.0, 0.0, 1.6, 88.0, 2020-10-04 23:00:00, 0.0
28.0, 79.0, 8.4, 0.0, 5.6, 5.6, 9.0, 7.9, 344.0, 0.0, 1.6, 85.0, 2020-10-05 00:00:00, 0.0
19.0, 88.0, 6.2, 0.0, 6.4, 6.0, 8.3, 7.5, 2.0, 0.0, 1.6, 83.0, 2020-10-05 01:00:00, 0.0
22.0, 85.0, 5.6, 0.0, 5.5, 4.1, 7.9, 7.4, 28.0, 0.0, 1.6, 84.0, 2020-10-05 02:00:00, 0.0
15.0, 83.0, 6.0, 0.0, 4.8, 4.6, 7.5, 7.4, 19.0, 0.0, 1.6, 87.0, 2020-10-05 03:00:00, 0.0
1.0, 84.0, 4.1, 0.0, 4.9, 4.7, 7.4, 6.8, 22.0, 0.0, 1.6, 91.0, 2020-10-05 04:00:00, 0.0
76.0, 87.0, 4.6, 0.0, 5.4, 3.3, 7.4, 7.1, 15.0, 0.0, 1.6, 95.0, 2020-10-05 05:00:00, 0.0
136.0, 91.0, 4.7, 0.0, 5.4, 2.6, 6.8, 7.9, 1.0, 0.0, 1.6, 95.0, 2020-10-05 06:00:00, 0.0
211.0, 95.0, 3.3, 0.0, 6.4, 2.5, 7.1, 8.7, 76.0, 0.0, 1.6, 95.0, 2020-10-05 07:00:00, 0.0
160.0, 95.0, 2.6, 0.0, 7.1, 2.6, 7.9, 9.2, 136.0, 0.0, 1.6, 94.0, 2020-10-05 08:00:00, 0.0
116.0, 95.0, 2.5, 0.0, 7.9, 4.7, 8.7, 9.7, 211.0, 0.0, 1.4, 92.0, 2020-10-05 09:00:00, 0.0
209.0, 94.0, 2.6, 0.0, 8.3, 3.6, 9.2, 9.9, 160.0, 0.0, 1.0, 93.0, 2020-10-05 10:00:00, 0.0
280.0, 92.0, 4.7, 0.4, 8.5, 2.7, 9.7, 10.0, 116.0, 0.0, 0.8, 95.0, 2020-10-05 11:00:00, 0.0
153.0, 93.0, 3.6, 0.2, 8.8, 5.0, 9.9, 10.4, 209.0, 0.0, 0.0, 96.0, 2020-10-05 12:00:00, 0.0
144.0, 95.0, 2.7, 0.0, 9.2, 3.1, 10.0, 10.3, 280.0, 0.4, 0.4, 95.0, 2020-10-05 13:00:00, 0.0
115.0, 96.0, 5.0, 0.0, 9.8, 4.5, 10.4, 10.5, 153.0, 0.2, 0.6, 95.0, 2020-10-05 14:00:00, 0.0
200.0, 95.0, 3.1, 0.2, 9.5, 3.9, 10.3, 10.1, 144.0, 0.0, 0.6, 97.0, 2020-10-05 15:00:00, 0.0
70.0, 95.0, 4.5, 0.0, 9.7, 3.2, 10.5, 9.6, 115.0, 0.0, 0.6, 98.0, 2020-10-05 16:00:00, 0.0
171.0, 97.0, 3.9, 0.0, 9.6, 3.2, 10.1, 9.4, 200.0, 0.2, 0.8, 98.0, 2020-10-05 17:00:00, 0.0
346.0, None, None, 0.0, None, 3.6, None, 9.4, None, None, None, 99.0, 2020-10-05 18:00:00, None
17.0, None, None, 0.2, None, 5.1, None, 9.4, None, None, None, 98.0, 2020-10-05 19:00:00, None
44.0, 99.0, 3.6, 0.0, 9.3, 3.0, 9.4, 9.3, 346.0, 0.0, 0.8, 98.0, 2020-10-05 20:00:00, 0.0
336.0, 98.0, 5.1, 0.0, 9.1, 4.3, 9.4, 9.4, 17.0, 0.2, 1.0, 98.0, 2020-10-05 21:00:00, 0.0
313.0, 98.0, 3.0, 0.0, 9.0, 4.0, 9.3, 9.3, 44.0, 0.0, 1.0, 99.0, 2020-10-05 22:00:00, 0.0
5.0, 98.0, 4.3, 0.2, 9.1, 4.9, 9.4, 9.5, 336.0, 0.0, 1.0, 99.0, 2020-10-05 23:00:00, 0.0
17.0, 99.0, 4.0, 0.0, 9.2, 4.7, 9.3, 9.6, 313.0, 0.0, 1.0, 99.0, 2020-10-06 00:00:00, 0.0
107.0, 99.0, 4.9, 0.0, 9.4, 4.3, 9.5, 9.6, 5.0, 0.2, 1.2, 99.0, 2020-10-06 01:00:00, 0.0
325.0, 99.0, 4.7, 0.0, 9.5, 7.1, 9.6, 9.7, 17.0, 0.0, 1.2, 99.0, 2020-10-06 02:00:00, 0.0
312.0, 99.0, 4.3, 0.2, 9.5, 4.5, 9.6, 9.7, 107.0, 0.0, 1.2, 99.0, 2020-10-06 03:00:00, 0.0
92.0, 99.0, 7.1, 0.6, 9.6, 3.7, 9.7, 9.7, 325.0, 0.0, 1.2, 99.0, 2020-10-06 04:00:00, 0.0
48.0, 99.0, 4.5, 0.4, 9.6, 3.8, 9.7, 9.8, 312.0, 0.2, 1.4, 99.0, 2020-10-06 05:00:00, 0.0
219.0, 99.0, 3.7, 1.8, 9.6, 2.6, 9.7, 10.0, 92.0, 0.6, 2.0, 99.0, 2020-10-06 06:00:00, 0.0
31.0, 99.0, 3.8, 0.2, 9.7, 4.0, 9.8, 10.4, 48.0, 0.4, 2.4, 99.0, 2020-10-06 07:00:00, 0.0
237.0, 99.0, 2.6, 0.0, 9.9, 3.0, 10.0, 10.7, 219.0, 1.8, 4.2, 99.0, 2020-10-06 08:00:00, 0.0
273.0, 99.0, 4.0, 0.0, 10.2, 3.9, 10.4, 11.0, 31.0, 0.2, 4.4, 99.0, 2020-10-06 09:00:00, 0.0
54.0, 99.0, 3.0, 0.0, 10.5, 4.8, 10.7, 11.7, 237.0, 0.0, 4.4, 100.0, 2020-10-06 10:00:00, 0.0
220.0, 99.0, 3.9, 0.0, 10.8, 4.3, 11.0, 12.3, 273.0, 0.0, 4.4, 97.0, 2020-10-06 11:00:00, 0.0
237.0, 100.0, 4.8, 0.0, 11.7, 4.0, 11.7, 14.6, 54.0, 0.0, 4.4, 89.0, 2020-10-06 12:00:00, 0.0
275.0, 97.0, 4.3, 0.0, 11.8, 7.0, 12.3, 16.7, 220.0, 0.0, 4.0, 73.0, 2020-10-06 13:00:00, 0.0
359.0, 89.0, 4.0, 0.0, 12.8, 6.3, 14.6, 14.2, 237.0, 0.0, 3.8, 88.0, 2020-10-06 14:00:00, 0.0
14.0, 73.0, 7.0, 0.0, 11.8, 6.6, 16.7, 12.4, 275.0, 0.0, 3.8, 93.0, 2020-10-06 15:00:00, 0.0
12.0, 88.0, 6.3, 0.0, 12.2, 7.7, 14.2, 10.7, 359.0, 0.0, 3.8, 94.0, 2020-10-06 16:00:00, 0.0
20.0, 93.0, 6.6, 0.0, 11.3, 8.0, 12.4, 9.3, 14.0, 0.0, 3.6, 94.0, 2020-10-06 17:00:00, 0.0
354.0, 94.0, 7.7, 0.0, 9.8, 7.0, 10.7, 9.0, 12.0, 0.0, 3.6, 91.0, 2020-10-06 18:00:00, 0.0
19.0, 94.0, 8.0, 0.0, 8.4, 5.5, 9.3, 8.6, 20.0, 0.0, 3.6, 92.0, 2020-10-06 19:00:00, 0.0
5.0, 91.0, 7.0, 0.0, 7.6, 5.8, 9.0, 8.2, 354.0, 0.0, 3.6, 92.0, 2020-10-06 20:00:00, 0.0
35.0, 92.0, 5.5, 0.0, 7.4, 6.0, 8.6, 7.6, 19.0, 0.0, 3.4, 93.0, 2020-10-06 21:00:00, 0.0
28.0, 92.0, 5.8, 0.0, 7.0, 5.5, 8.2, 7.8, 5.0, 0.0, 3.4, 92.0, 2020-10-06 22:00:00, 0.0
34.0, 93.0, 6.0, 0.0, 6.5, 5.7, 7.6, 7.4, 35.0, 0.0, 3.4, 94.0, 2020-10-06 23:00:00, 0.0
26.0, 92.0, 5.5, 0.0, 6.6, 4.3, 7.8, 7.6, 28.0, 0.0, 3.4, 93.0, 2020-10-07 00:00:00, 0.0
88.0, 94.0, 5.7, 0.0, 6.5, 4.3, 7.4, 7.9, 34.0, 0.0, 3.2, 94.0, 2020-10-07 01:00:00, 0.0
350.0, 93.0, 4.3, 0.0, 6.5, 3.1, 7.6, 7.7, 26.0, 0.0, 3.2, 95.0, 2020-10-07 02:00:00, 0.0
11.0, 94.0, 4.3, 0.0, 7.0, 3.2, 7.9, 7.3, 88.0, 0.0, 3.2, 95.0, 2020-10-07 03:00:00, 0.0
3.0, 95.0, 3.1, 0.0, 6.9, 4.6, 7.7, 7.5, 350.0, 0.0, 3.2, 95.0, 2020-10-07 04:00:00, 0.0
27.0, 95.0, 3.2, 0.0, 6.6, 5.6, 7.3, 7.6, 11.0, 0.0, 3.0, 93.0, 2020-10-07 05:00:00, 0.0
76.0, 95.0, 4.6, 0.0, 6.8, 3.6, 7.5, 7.8, 3.0, 0.0, 2.4, 93.0, 2020-10-07 06:00:00, 0.0
237.0, 93.0, 5.6, 0.0, 6.5, 1.8, 7.6, 8.6, 27.0, 0.0, 2.0, 88.0, 2020-10-07 07:00:00, 0.0
200.0, 93.0, 3.6, 0.0, 6.7, 4.3, 7.8, 9.5, 76.0, 0.0, 0.2, 83.0, 2020-10-07 08:00:00, 0.0
156.0, 88.0, 1.8, 0.0, 6.7, 3.0, 8.6, 9.4, 237.0, 0.0, 0.0, 85.0, 2020-10-07 09:00:00, 0.0
193.0, 83.0, 4.3, 0.0, 6.8, 3.0, 9.5, 9.9, 200.0, 0.0, 0.0, 86.0, 2020-10-07 10:00:00, 0.0
151.0, 85.0, 3.0, 0.0, 7.0, 3.7, 9.4, 10.1, 156.0, 0.0, 0.0, 85.0, 2020-10-07 11:00:00, 0.0
166.0, 86.0, 3.0, 0.0, 7.7, 3.0, 9.9, 10.5, 193.0, 0.0, 0.0, 84.0, 2020-10-07 12:00:00, 0.0
211.0, 85.0, 3.7, 0.0, 7.7, 5.8, 10.1, 12.5, 151.0, 0.0, 0.0, 74.0, 2020-10-07 13:00:00, 0.0
121.0, 84.0, 3.0, 0.0, 7.9, 2.7, 10.5, 12.1, 166.0, 0.0, 0.0, 83.0, 2020-10-07 14:00:00, 0.0
266.0, 74.0, 5.8, 0.0, 8.0, 4.0, 12.5, 11.4, 211.0, 0.0, 0.0, 83.0, 2020-10-07 15:00:00, 0.0
7.0, 83.0, 2.7, 0.0, 9.3, 2.9, 12.1, 10.6, 121.0, 0.0, 0.0, 91.0, 2020-10-07 16:00:00, 0.0
4.0, 83.0, 4.0, 0.0, 8.6, 2.3, 11.4, 9.9, 266.0, 0.0, 0.0, 92.0, 2020-10-07 17:00:00, 0.0
40.0, 91.0, 2.9, 0.0, 9.2, 2.5, 10.6, 9.5, 7.0, 0.0, 0.0, 93.0, 2020-10-07 18:00:00, 0.0
9.0, 92.0, 2.3, 0.0, 8.7, 4.0, 9.9, 9.3, 4.0, 0.0, 0.0, 93.0, 2020-10-07 19:00:00, 0.0
31.0, 93.0, 2.5, 0.0, 8.4, 3.7, 9.5, 8.9, 40.0, 0.0, 0.0, 95.0, 2020-10-07 20:00:00, 0.0
346.0, 93.0, 4.0, 0.0, 8.2, 4.4, 9.3, 9.0, 9.0, 0.0, 0.0, 97.0, 2020-10-07 21:00:00, 0.0
88.0, 95.0, 3.7, 0.0, 8.1, 4.0, 8.9, 8.9, 31.0, 0.0, 0.0, 98.0, 2020-10-07 22:00:00, 0.0
37.0, None, None, 0.2, None, 5.4, None, 8.9, None, None, None, 98.0, 2020-10-07 23:00:00, None
98.0, None, None, 0.0, None, 6.8, None, 9.1, None, None, None, 98.0, 2020-10-08 00:00:00, None
128.0, 98.0, 5.4, 0.0, 8.6, 7.3, 8.9, 9.2, 37.0, 0.2, 0.2, 99.0, 2020-10-08 01:00:00, 0.0
54.0, 98.0, 6.8, 0.0, 8.8, 3.3, 9.1, 9.0, 98.0, 0.0, 0.2, 99.0, 2020-10-08 02:00:00, 0.0
25.0, 99.0, 7.3, 0.0, 9.1, 5.9, 9.2, 9.2, 128.0, 0.0, 0.2, 99.0, 2020-10-08 03:00:00, 0.0
349.0, 99.0, 3.3, 0.0, 8.9, 5.0, 9.0, 9.2, 54.0, 0.0, 0.2, 99.0, 2020-10-08 04:00:00, 0.0
90.0, 99.0, 5.9, 0.0, 9.1, 4.2, 9.2, 9.1, 25.0, 0.0, 0.2, 99.0, 2020-10-08 05:00:00, 0.0
126.0, 99.0, 5.0, 0.0, 9.1, 5.9, 9.2, 9.4, 349.0, 0.0, 0.2, 99.0, 2020-10-08 06:00:00, 0.0
200.0, 99.0, 4.2, 0.0, 9.0, 4.5, 9.1, 9.7, 90.0, 0.0, 0.2, 99.0, 2020-10-08 07:00:00, 0.0
266.0, 99.0, 5.9, 0.4, 9.3, 3.6, 9.4, 10.3, 126.0, 0.0, 0.2, 99.0, 2020-10-08 08:00:00, 0.0
125.0, 99.0, 4.5, 0.2, 9.6, 4.3, 9.7, 10.8, 200.0, 0.0, 0.2, 99.0, 2020-10-08 09:00:00, 0.0
317.0, 99.0, 3.6, 0.2, 10.1, 6.5, 10.3, 10.9, 266.0, 0.4, 0.6, 96.0, 2020-10-08 10:00:00, 0.0
283.0, 99.0, 4.3, 0.8, 10.6, 9.4, 10.8, 10.3, 125.0, 0.2, 0.8, 97.0, 2020-10-08 11:00:00, 0.0
173.0, 96.0, 6.5, 0.4, 10.3, 4.3, 10.9, 10.7, 317.0, 0.2, 1.0, 95.0, 2020-10-08 12:00:00, 0.0
319.0, 97.0, 9.4, 1.0, 9.8, 4.4, 10.3, 10.8, 283.0, 0.8, 1.8, 97.0, 2020-10-08 13:00:00, 0.0
272.0, 95.0, 4.3, 0.4, 9.9, 7.9, 10.7, 9.1, 173.0, 0.4, 2.2, 97.0, 2020-10-08 14:00:00, 0.0
309.0, 97.0, 4.4, 1.4, 10.3, 10.7, 10.8, 8.5, 319.0, 1.0, 3.2, 95.0, 2020-10-08 15:00:00, 0.0
302.0, 97.0, 7.9, 1.8, 8.6, 10.9, 9.1, 8.6, 272.0, 0.4, 3.6, 95.0, 2020-10-08 16:00:00, 0.0
97.0, 95.0, 10.7, 1.2, 7.7, 6.9, 8.5, 7.8, 309.0, 1.4, 5.0, 96.0, 2020-10-08 17:00:00, 0.0
358.0, 95.0, 10.9, 0.6, 7.8, 3.8, 8.6, 7.3, 302.0, 1.8, 6.8, 98.0, 2020-10-08 18:00:00, 0.0
16.0, 96.0, 6.9, 0.0, 7.2, 3.8, 7.8, 7.0, 97.0, 1.2, 8.0, 99.0, 2020-10-08 19:00:00, 0.0
316.0, 98.0, 3.8, 0.0, 7.0, 5.1, 7.3, 6.8, 358.0, 0.6, 8.6, 99.0, 2020-10-08 20:00:00, 0.0
44.0, 99.0, 3.8, 2.6, 6.9, 6.2, 7.0, 7.2, 16.0, 0.0, 8.6, 99.0, 2020-10-08 21:00:00, 0.0
68.0, 99.0, 5.1, 0.8, 6.7, 4.9, 6.8, 7.0, 316.0, 0.0, 8.6, 99.0, 2020-10-08 22:00:00, 0.0
43.0, 99.0, 6.2, 0.2, 7.1, 4.5, 7.2, 6.8, 44.0, 2.6, 11.2, 99.0, 2020-10-08 23:00:00, 0.0
115.0, 99.0, 4.9, 0.0, 6.9, 4.0, 7.0, 7.0, 68.0, 0.8, 12.0, 99.0, 2020-10-09 00:00:00, 0.0
45.0, 99.0, 4.5, 0.2, 6.7, 3.1, 6.8, 7.0, 43.0, 0.2, 12.0, 99.0, 2020-10-09 01:00:00, 0.0
54.0, 99.0, 4.0, 0.2, 6.9, 2.9, 7.0, 7.2, 115.0, 0.0, 12.0, 99.0, 2020-10-09 02:00:00, 0.0
80.0, 99.0, 3.1, 0.2, 6.9, 2.9, 7.0, 7.5, 45.0, 0.2, 12.2, 99.0, 2020-10-09 03:00:00, 0.0
66.0, 99.0, 2.9, 0.2, 7.1, 4.5, 7.2, 7.7, 54.0, 0.2, 12.4, 99.0, 2020-10-09 04:00:00, 0.0
78.0, 99.0, 2.9, 0.4, 7.4, 3.9, 7.5, 7.8, 80.0, 0.2, 12.6, 99.0, 2020-10-09 05:00:00, 0.0
101.0, 99.0, 4.5, 0.2, 7.6, 5.4, 7.7, 8.2, 66.0, 0.2, 12.8, 99.0, 2020-10-09 06:00:00, 0.0
89.0, 99.0, 3.9, 0.6, 7.7, 5.9, 7.8, 8.5, 78.0, 0.4, 13.2, 98.0, 2020-10-09 07:00:00, 0.0
95.0, 99.0, 5.4, 0.6, 8.1, 7.2, 8.2, 9.3, 101.0, 0.2, 13.4, 96.0, 2020-10-09 08:00:00, 0.0
114.0, 98.0, 5.9, 0.2, 8.2, 6.9, 8.5, 9.8, 89.0, 0.6, 14.0, 96.0, 2020-10-09 09:00:00, 0.0
151.0, 96.0, 7.2, 0.0, 8.7, 5.9, 9.3, 11.2, 95.0, 0.6, 14.2, 91.0, 2020-10-09 10:00:00, 0.0
142.0, 96.0, 6.9, 0.0, 9.2, 4.6, 9.8, 11.6, 114.0, 0.2, 14.2, 88.0, 2020-10-09 11:00:00, 0.0
77.0, 91.0, 5.9, 0.0, 9.8, 5.0, 11.2, 11.0, 151.0, 0.0, 14.0, 89.0, 2020-10-09 12:00:00, 0.0
85.0, 88.0, 4.6, 0.0, 9.7, 6.6, 11.6, 11.1, 142.0, 0.0, 13.2, 89.0, 2020-10-09 13:00:00, 0.0
68.0, 89.0, 5.0, 0.2, 9.3, 5.6, 11.0, 10.7, 77.0, 0.0, 12.8, 94.0, 2020-10-09 14:00:00, 0.0
69.0, 89.0, 6.6, 0.6, 9.4, 4.5, 11.1, 10.0, 85.0, 0.0, 11.8, 96.0, 2020-10-09 15:00:00, 0.0
69.0, 94.0, 5.6, 1.4, 9.8, 4.5, 10.7, 9.4, 68.0, 0.2, 11.6, 97.0, 2020-10-09 16:00:00, 0.0
75.0, None, None, 1.6, None, 5.4, None, 9.2, None, None, None, 98.0, 2020-10-09 17:00:00, None
100.0, 97.0, 4.5, 2.4, 8.9, 6.1, 9.4, 9.0, 69.0, 1.4, 10.4, 99.0, 2020-10-09 18:00:00, 0.0
103.0, 98.0, 5.4, 3.6, 8.9, 2.8, 9.2, 8.9, 75.0, 1.6, 10.8, 99.0, 2020-10-09 19:00:00, 0.0
132.0, 99.0, 6.1, 3.0, 8.9, 4.6, 9.0, 8.9, 100.0, 2.4, 12.6, 99.0, 2020-10-09 20:00:00, 0.0
104.0, 99.0, 2.8, 2.0, 8.8, 8.8, 8.9, 8.4, 103.0, 3.6, 16.2, 99.0, 2020-10-09 21:00:00, 0.0
105.0, 99.0, 4.6, 2.0, 8.8, 7.8, 8.9, 8.3, 132.0, 3.0, 19.2, 99.0, 2020-10-09 22:00:00, 0.0
87.0, 99.0, 8.8, 1.6, 8.3, 8.1, 8.4, 8.2, 104.0, 2.0, 18.6, 99.0, 2020-10-09 23:00:00, 0.0
90.0, 99.0, 7.8, 1.4, 8.2, 7.5, 8.3, 8.3, 105.0, 2.0, 19.8, 99.0, 2020-10-10 00:00:00, 0.0
125.0, 99.0, 8.1, 2.0, 8.1, 5.6, 8.2, 8.1, 87.0, 1.6, 21.2, 99.0, 2020-10-10 01:00:00, 0.0
128.0, 99.0, 7.5, 2.0, 8.2, 4.2, 8.3, 8.2, 90.0, 1.4, 22.6, 99.0, 2020-10-10 02:00:00, 0.0
109.0, 99.0, 5.6, 1.8, 8.0, 6.9, 8.1, 8.3, 125.0, 2.0, 24.4, 99.0, 2020-10-10 03:00:00, 0.0
132.0, 99.0, 4.2, 1.2, 8.1, 14.8, 8.2, 8.7, 128.0, 2.0, 26.2, 99.0, 2020-10-10 04:00:00, 0.0
141.0, 99.0, 6.9, 1.8, 8.2, 15.1, 8.3, 8.9, 109.0, 1.8, 27.8, 96.0, 2020-10-10 05:00:00, 0.0
150.0, 99.0, 14.8, 1.6, 8.6, 17.9, 8.7, 9.0, 132.0, 1.2, 28.8, 94.0, 2020-10-10 06:00:00, 0.0
141.0, 96.0, 15.1, 2.0, 8.3, 14.3, 8.9, 8.8, 141.0, 1.8, 30.2, 96.0, 2020-10-10 07:00:00, 0.0
93.0, 94.0, 17.9, 2.4, 8.1, 9.7, 9.0, 8.8, 150.0, 1.6, 31.6, 96.0, 2020-10-10 08:00:00, 0.0
9.0, 96.0, 14.3, 0.8, 8.2, 3.3, 8.8, 8.8, 141.0, 2.0, 33.0, 97.0, 2020-10-10 09:00:00, 0.0
88.0, 96.0, 9.7, 0.8, 8.2, 3.0, 8.8, 8.8, 93.0, 2.4, 34.8, 97.0, 2020-10-10 10:00:00, 0.0
129.0, 97.0, 3.3, 0.6, 8.4, 4.8, 8.8, 8.8, 9.0, 0.8, 35.4, 97.0, 2020-10-10 11:00:00, 0.0
144.0, None, None, 0.0, None, 4.7, None, 9.5, None, None, None, 96.0, 2020-10-10 12:00:00, None
125.0, 97.0, 4.8, 0.0, 8.4, 6.3, 8.8, 9.9, 129.0, 0.6, None, 90.0, 2020-10-10 13:00:00, 0.0
141.0, 96.0, 4.7, 0.0, 8.9, 3.5, 9.5, 9.6, 144.0, 0.0, 36.8, 90.0, 2020-10-10 14:00:00, 0.0
3.0, 90.0, 6.3, 3.2, 8.3, 14.8, 9.9, 5.2, 125.0, 0.0, 36.8, 87.0, 2020-10-10 15:00:00, 0.0
339.0, 90.0, 3.5, 0.4, 8.0, 7.4, 9.6, 5.1, 141.0, 0.0, 36.6, 93.0, 2020-10-10 16:00:00, 0.0
356.0, 87.0, 14.8, 0.0, 3.2, 5.4, 5.2, 4.5, 3.0, 3.2, 39.2, 98.0, 2020-10-10 17:00:00, 0.0
24.0, 93.0, 7.4, 0.0, 4.1, 6.6, 5.1, 4.4, 339.0, 0.4, 38.2, 96.0, 2020-10-10 18:00:00, 0.0
32.0, 98.0, 5.4, 0.0, 4.2, 6.1, 4.5, 3.9, 356.0, 0.0, 36.6, 97.0, 2020-10-10 19:00:00, 0.0
11.0, 96.0, 6.6, 0.0, 3.8, 8.1, 4.4, 3.5, 24.0, 0.0, 34.2, 97.0, 2020-10-10 20:00:00, 0.0
10.0, 97.0, 6.1, 0.0, 3.5, 8.8, 3.9, 3.8, 32.0, 0.0, 30.6, 93.0, 2020-10-10 21:00:00, 0.0
6.0, 97.0, 8.1, 0.0, 3.1, 9.9, 3.5, 3.7, 11.0, 0.0, 27.6, 88.0, 2020-10-10 22:00:00, 0.0
7.0, 93.0, 8.8, 0.0, 2.8, 11.2, 3.8, 3.7, 10.0, 0.0, 25.6, 84.0, 2020-10-10 23:00:00, 0.0
10.0, 88.0, 9.9, 0.0, 1.9, 9.1, 3.7, 2.9, 6.0, 0.0, 23.6, 94.0, 2020-10-11 00:00:00, 0.0
4.0, 84.0, 11.2, 0.0, 1.3, 9.3, 3.7, 3.1, 7.0, 0.0, 22.0, 91.0, 2020-10-11 01:00:00, 0.0
329.0, 94.0, 9.1, 0.0, 2.0, 9.8, 2.9, 3.7, 10.0, 0.0, 20.6, 84.0, 2020-10-11 02:00:00, 0.0
9.0, 91.0, 9.3, 0.0, 1.8, 5.3, 3.1, 3.1, 4.0, 0.0, 18.6, 92.0, 2020-10-11 03:00:00, 0.0
354.0, 84.0, 9.8, 0.0, 1.3, 6.9, 3.7, 3.6, 329.0, 0.0, 16.6, 89.0, 2020-10-11 04:00:00, 0.0
348.0, 92.0, 5.3, 0.0, 1.9, 7.9, 3.1, 3.2, 9.0, 0.0, 14.8, 86.0, 2020-10-11 05:00:00, 0.0
349.0, 89.0, 6.9, 0.0, 2.0, 7.1, 3.6, 3.9, 354.0, 0.0, 13.6, 79.0, 2020-10-11 06:00:00, 0.0
36.0, 86.0, 7.9, 0.0, 1.1, 4.8, 3.2, 4.5, 348.0, 0.0, 11.8, 87.0, 2020-10-11 07:00:00, 0.0
348.0, 79.0, 7.1, 0.0, 0.6, 7.2, 3.9, 5.4, 349.0, 0.0, 10.2, 84.0, 2020-10-11 08:00:00, 0.0
287.0, 87.0, 4.8, 0.0, 2.5, 3.3, 4.5, 6.6, 36.0, 0.0, 8.2, 70.0, 2020-10-11 09:00:00, 0.0
283.0, 84.0, 7.2, 0.0, 2.9, 5.1, 5.4, 7.4, 348.0, 0.0, 5.8, 65.0, 2020-10-11 10:00:00, 0.0
151.0, 70.0, 3.3, 0.0, 1.5, 2.3, 6.6, 8.4, 287.0, 0.0, 5.0, 54.0, 2020-10-11 11:00:00, 0.0
181.0, 65.0, 5.1, 0.0, 1.3, 11.2, 7.4, 12.6, 283.0, 0.0, 4.2, 46.0, 2020-10-11 12:00:00, 0.0
235.0, 54.0, 2.3, 0.0, -0.4, 6.3, 8.4, 8.5, 151.0, 0.0, 3.6, 60.0, 2020-10-11 13:00:00, 0.0
248.0, 46.0, 11.2, 0.0, 1.3, 8.5, 12.6, 6.4, 181.0, 0.0, 3.6, 63.0, 2020-10-11 14:00:00, 0.0
28.0, 60.0, 6.3, 0.0, 1.2, 3.7, 8.5, 5.1, 235.0, 0.0, 3.6, 82.0, 2020-10-11 15:00:00, 0.0
18.0, 63.0, 8.5, 0.0, -0.1, 5.2, 6.4, 4.0, 248.0, 0.0, 3.6, 87.0, 2020-10-11 16:00:00, 0.0
29.0, 82.0, 3.7, 0.0, 2.3, 7.3, 5.1, 3.6, 28.0, 0.0, 0.4, 86.0, 2020-10-11 17:00:00, 0.0
83.0, 87.0, 5.2, 0.0, 2.0, 6.8, 4.0, 3.7, 18.0, 0.0, 0.0, 87.0, 2020-10-11 18:00:00, 0.0
54.0, 86.0, 7.3, 0.0, 1.5, 5.3, 3.6, 3.8, 29.0, 0.0, 0.0, 85.0, 2020-10-11 19:00:00, 0.0
112.0, 87.0, 6.8, 0.0, 1.7, 6.1, 3.7, 4.1, 83.0, 0.0, 0.0, 76.0, 2020-10-11 20:00:00, 0.0
95.0, 85.0, 5.3, 0.4, 1.5, 7.4, 3.8, 3.1, 54.0, 0.0, 0.0, 92.0, 2020-10-11 21:00:00, 0.0
91.0, 76.0, 6.1, 0.4, 0.3, 6.0, 4.1, 2.8, 112.0, 0.0, 0.0, 92.0, 2020-10-11 22:00:00, 0.0
74.0, 92.0, 7.4, 0.4, 1.9, 8.7, 3.1, 2.5, 95.0, 0.4, 0.4, 94.0, 2020-10-11 23:00:00, 0.0
73.0, 92.0, 6.0, 1.2, 1.6, 7.4, 2.8, 2.1, 91.0, 0.4, 0.8, 95.0, 2020-10-12 00:00:00, 0.0
43.0, 94.0, 8.7, 0.8, 1.6, 4.3, 2.5, 2.0, 74.0, 0.4, 1.2, 96.0, 2020-10-12 01:00:00, 0.0
7.0, 95.0, 7.4, 1.2, 1.4, 3.3, 2.1, 1.7, 73.0, 1.2, 2.4, 97.0, 2020-10-12 02:00:00, 0.0
332.0, 96.0, 4.3, 0.8, 1.4, 3.6, 2.0, 1.7, 43.0, 0.8, 3.2, 96.0, 2020-10-12 03:00:00, 0.0
26.0, 97.0, 3.3, 1.0, 1.3, 2.9, 1.7, 1.7, 7.0, 1.2, 4.4, 96.0, 2020-10-12 04:00:00, 0.0
337.0, 96.0, 3.6, 0.2, 1.1, 4.5, 1.7, 2.0, 332.0, 0.8, 5.2, 96.0, 2020-10-12 05:00:00, 0.0
294.0, 96.0, 2.9, 0.0, 1.1, 8.0, 1.7, 2.4, 26.0, 1.0, 6.2, 93.0, 2020-10-12 06:00:00, 0.0
290.0, 96.0, 4.5, 0.0, 1.4, 10.5, 2.0, 2.6, 337.0, 0.2, 6.4, 93.0, 2020-10-12 07:00:00, 0.0
341.0, 93.0, 8.0, 1.4, 1.4, 6.7, 2.4, 2.1, 294.0, 0.0, 6.4, 92.0, 2020-10-12 08:00:00, 0.0
339.0, 93.0, 10.5, 0.0, 1.6, 11.3, 2.6, 3.3, 290.0, 0.0, 6.4, 86.0, 2020-10-12 09:00:00, 0.0
316.0, 92.0, 6.7, 0.2, 0.9, 12.5, 2.1, 3.0, 341.0, 1.4, 7.8, 88.0, 2020-10-12 10:00:00, 0.0
312.0, 86.0, 11.3, 1.4, 1.2, 8.5, 3.3, 1.3, 339.0, 0.0, 7.8, 93.0, 2020-10-12 11:00:00, 0.0
215.0, 88.0, 12.5, 1.4, 1.2, 9.2, 3.0, 5.4, 316.0, 0.2, 8.0, 92.0, 2020-10-12 12:00:00, 0.0
253.0, 93.0, 8.5, 0.0, 0.3, 6.7, 1.3, 6.5, 312.0, 1.4, 9.4, 85.0, 2020-10-12 13:00:00, 0.0
334.0, 92.0, 9.2, 0.0, 4.2, 3.6, 5.4, 5.0, 215.0, 1.4, 10.8, 92.0, 2020-10-12 14:00:00, 0.0
357.0, 85.0, 6.7, 0.0, 4.2, 6.7, 6.5, 4.2, 253.0, 0.0, 10.8, 90.0, 2020-10-12 15:00:00, 0.0
6.0, None, None, 0.0, None, 7.6, None, 2.8, None, None, None, 94.0, 2020-10-12 16:00:00, None
5.0, 90.0, 6.7, 0.0, 2.7, 6.7, 4.2, 2.1, 357.0, 0.0, 10.8, 92.0, 2020-10-12 17:00:00, 0.0
9.0, 94.0, 7.6, 0.0, 1.9, 7.0, 2.8, 1.8, 6.0, 0.0, 10.8, 96.0, 2020-10-12 18:00:00, 0.0
15.0, 92.0, 6.7, 0.0, 0.9, 7.6, 2.1, 1.4, 5.0, 0.0, 10.8, 96.0, 2020-10-12 19:00:00, 0.0
25.0, 96.0, 7.0, 0.0, 1.2, 6.9, 1.8, 0.4, 9.0, 0.0, 10.8, 96.0, 2020-10-12 20:00:00, 0.0
19.0, 96.0, 7.6, 0.0, 0.8, 7.0, 1.4, 0.1, 15.0, 0.0, 10.8, 97.0, 2020-10-12 21:00:00, 0.0
25.0, 96.0, 6.9, 0.0, -0.2, 6.8, 0.4, 0.1, 25.0, 0.0, 10.8, 97.0, 2020-10-12 22:00:00, 0.0
37.0, 97.0, 7.0, 0.0, -0.3, 6.6, 0.1, 0.3, 19.0, 0.0, 10.4, 97.0, 2020-10-12 23:00:00, 0.0
35.0, 97.0, 6.8, 0.0, -0.3, 5.7, 0.1, 0.3, 25.0, 0.0, 10.0, 96.0, 2020-10-13 00:00:00, 0.0
93.0, 97.0, 6.6, 0.0, -0.1, 5.2, 0.3, 0.9, 37.0, 0.0, 9.6, 98.0, 2020-10-13 01:00:00, 0.0
103.0, 96.0, 5.7, 0.0, -0.3, 6.1, 0.3, 1.7, 35.0, 0.0, 8.4, 95.0, 2020-10-13 02:00:00, 0.0
90.0, 98.0, 5.2, 0.0, 0.6, 7.6, 0.9, 1.5, 93.0, 0.0, 7.6, 94.0, 2020-10-13 03:00:00, 0.0
80.0, 95.0, 6.1, 0.0, 1.0, 4.5, 1.7, 1.2, 103.0, 0.0, 6.4, 93.0, 2020-10-13 04:00:00, 0.0
93.0, 94.0, 7.6, 0.0, 0.6, 6.5, 1.5, 1.4, 90.0, 0.0, 5.6, 91.0, 2020-10-13 05:00:00, 0.0
111.0, None, None, 0.0, None, 8.4, None, 1.6, None, None, None, 83.0, 2020-10-13 06:00:00, None
131.0, 91.0, 6.5, 0.0, 0.1, 17.8, 1.4, 1.1, 93.0, 0.0, 4.4, 89.0, 2020-10-13 07:00:00, 0.0
153.0, None, None, 0.0, None, 18.0, None, 1.5, None, None, None, 88.0, 2020-10-13 08:00:00, None
148.0, None, None, 0.0, None, 13.3, None, 1.4, None, None, None, 90.0, 2020-10-13 09:00:00, None
137.0, 88.0, 18.0, 0.2, -0.3, 15.2, 1.5, 0.3, 153.0, 0.0, 3.0, 94.0, 2020-10-13 10:00:00, 0.0
138.0, 90.0, 13.3, 0.0, -0.1, 11.9, 1.4, 0.1, 148.0, 0.0, 3.0, 97.0, 2020-10-13 11:00:00, 0.0
113.0, 94.0, 15.2, 0.0, -0.6, 7.5, 0.3, 0.3, 137.0, 0.2, 3.0, 98.0, 2020-10-13 12:00:00, 0.0
110.0, 97.0, 11.9, 0.0, -0.3, 9.0, 0.1, 0.3, 138.0, 0.0, 1.6, 98.0, 2020-10-13 13:00:00, 0.0
99.0, 98.0, 7.5, 0.0, 0.0, 7.0, 0.3, 0.4, 113.0, 0.0, 0.2, 97.0, 2020-10-13 14:00:00, 0.0
99.0, 98.0, 9.0, 0.0, 0.0, 4.9, 0.3, 0.3, 110.0, 0.0, 0.2, 98.0, 2020-10-13 15:00:00, 0.0
96.0, 97.0, 7.0, 0.0, 0.0, 4.5, 0.4, 0.2, 99.0, 0.0, 0.2, 98.0, 2020-10-13 16:00:00, 0.0
90.0, 98.0, 4.9, 0.0, 0.0, 3.2, 0.3, 0.2, 99.0, 0.0, 0.2, 98.0, 2020-10-13 17:00:00, 0.0
78.0, 98.0, 4.5, 0.0, -0.1, 0.0, 0.2, 0.2, 96.0, 0.0, 0.2, 98.0, 2020-10-13 18:00:00, 0.0
276.0, 98.0, 3.2, 0.0, -0.1, 1.7, 0.2, 0.2, 90.0, 0.0, 0.2, 99.0, 2020-10-13 19:00:00, 0.0
6.0, 98.0, 0.0, 0.0, -0.1, 0.0, 0.2, 0.2, 78.0, 0.0, 0.2, 98.0, 2020-10-13 20:00:00, 0.0
307.0, 99.0, 1.7, 0.0, 0.1, 8.8, 0.2, 0.9, 276.0, 0.0, 0.2, 93.0, 2020-10-13 21:00:00, 0.0
306.0, 98.0, 0.0, 0.0, -0.1, 7.4, 0.2, 1.2, 6.0, 0.0, 0.2, 91.0, 2020-10-13 22:00:00, 0.0
309.0, 93.0, 8.8, 0.0, -0.1, 10.3, 0.9, 1.4, 307.0, 0.0, 0.2, 90.0, 2020-10-13 23:00:00, 0.0
322.0, 91.0, 7.4, 0.6, -0.1, 6.3, 1.2, 1.5, 306.0, 0.0, 0.2, 84.0, 2020-10-14 00:00:00, 0.0
330.0, 90.0, 10.3, 0.6, -0.1, 8.6, 1.4, 1.6, 309.0, 0.0, 0.2, 84.0, 2020-10-14 01:00:00, 0.0
318.0, 84.0, 6.3, 0.4, -0.9, 10.6, 1.5, 1.3, 322.0, 0.6, 0.8, 89.0, 2020-10-14 02:00:00, 0.0
303.0, 84.0, 8.6, 0.6, -0.8, 9.7, 1.6, 1.1, 330.0, 0.6, 1.4, 90.0, 2020-10-14 03:00:00, 0.0
326.0, 89.0, 10.6, 0.4, -0.3, 12.3, 1.3, 1.4, 318.0, 0.4, 1.8, 86.0, 2020-10-14 04:00:00, 0.0
336.0, 90.0, 9.7, 0.4, -0.4, 8.3, 1.1, 1.2, 303.0, 0.6, 2.4, 87.0, 2020-10-14 05:00:00, 0.0
333.0, 86.0, 12.3, 0.2, -0.7, 11.8, 1.4, 1.3, 326.0, 0.4, 2.8, 90.0, 2020-10-14 06:00:00, 0.0
324.0, 87.0, 8.3, 1.2, -0.7, 7.2, 1.2, 2.2, 336.0, 0.4, 3.2, 87.0, 2020-10-14 07:00:00, 0.0
277.0, 90.0, 11.8, 1.6, -0.2, 7.9, 1.3, 3.0, 333.0, 0.2, 3.4, 88.0, 2020-10-14 08:00:00, 0.0
295.0, 87.0, 7.2, 3.0, 0.3, 6.0, 2.2, 3.2, 324.0, 1.2, 4.6, 88.0, 2020-10-14 09:00:00, 0.0
352.0, 88.0, 7.9, 2.2, 1.2, 5.0, 3.0, 3.3, 277.0, 1.6, 6.2, 90.0, 2020-10-14 10:00:00, 0.0
9.0, 88.0, 6.0, 1.6, 1.4, 7.6, 3.2, 3.1, 295.0, 3.0, 9.2, 87.0, 2020-10-14 11:00:00, 0.0
16.0, 90.0, 5.0, 1.6, 1.8, 4.0, 3.3, 4.6, 352.0, 2.2, 11.2, 88.0, 2020-10-14 12:00:00, 0.0
271.0, 87.0, 7.6, 0.8, 1.1, 7.9, 3.1, 4.3, 9.0, 1.6, 12.8, 80.0, 2020-10-14 13:00:00, 0.0
345.0, 88.0, 4.0, 0.0, 2.8, 6.3, 4.6, 4.5, 16.0, 1.6, 14.4, 82.0, 2020-10-14 14:00:00, 0.0
3.0, 80.0, 7.9, 0.0, 1.2, 8.6, 4.3, 3.0, 271.0, 0.8, 15.2, 91.0, 2020-10-14 15:00:00, 0.0
8.0, 82.0, 6.3, 0.0, 1.7, 7.0, 4.5, 1.3, 345.0, 0.0, 15.2, 94.0, 2020-10-14 16:00:00, 0.0
11.0, 91.0, 8.6, 0.0, 1.7, 9.0, 3.0, 0.5, 3.0, 0.0, 15.2, 95.0, 2020-10-14 17:00:00, 0.0
13.0, 94.0, 7.0, 0.0, 0.4, 8.1, 1.3, 0.5, 8.0, 0.0, 15.2, 98.0, 2020-10-14 18:00:00, 0.0
16.0, 95.0, 9.0, 0.0, -0.2, 6.4, 0.5, 0.4, 11.0, 0.0, 15.2, 96.0, 2020-10-14 19:00:00, 0.0
3.0, 98.0, 8.1, 0.0, 0.2, 7.2, 0.5, 0.3, 13.0, 0.0, 15.2, 97.0, 2020-10-14 20:00:00, 0.0
1.0, 96.0, 6.4, 0.0, -0.2, 5.8, 0.4, 0.8, 16.0, 0.0, 15.2, 95.0, 2020-10-14 21:00:00, 0.0
332.0, 97.0, 7.2, 0.0, -0.1, 8.7, 0.3, 0.6, 3.0, 0.0, 15.2, 90.0, 2020-10-14 22:00:00, 0.0
34.0, 95.0, 5.8, 0.0, 0.1, 5.5, 0.8, 0.4, 1.0, 0.0, 15.2, 90.0, 2020-10-14 23:00:00, 0.0
351.0, 90.0, 8.7, 0.0, -0.8, 6.1, 0.6, 0.5, 332.0, 0.0, 15.2, 93.0, 2020-10-15 00:00:00, 0.0
10.0, 90.0, 5.5, 0.0, -1.0, 5.6, 0.4, 0.2, 34.0, 0.0, 15.2, 94.0, 2020-10-15 01:00:00, 0.0
327.0, 93.0, 6.1, 0.0, -0.5, 10.1, 0.5, 0.9, 351.0, 0.0, 14.6, 85.0, 2020-10-15 02:00:00, 0.0
314.0, 94.0, 5.6, 0.0, -0.6, 12.7, 0.2, 1.0, 10.0, 0.0, 14.0, 88.0, 2020-10-15 03:00:00, 0.0
306.0, 85.0, 10.1, 0.0, -1.3, 9.8, 0.9, 1.3, 327.0, 0.0, 13.6, 89.0, 2020-10-15 04:00:00, 0.0
326.0, 88.0, 12.7, 0.0, -0.8, 9.8, 1.0, 1.2, 314.0, 0.0, 13.0, 87.0, 2020-10-15 05:00:00, 0.0
None, 89.0, 9.8, None, -0.3, None, 1.3, None, 306.0, 0.0, 12.6, None, 2020-10-15 06:00:00, 0.0
None, 87.0, 9.8, None, -0.7, None, 1.2, None, 326.0, 0.0, 12.2, None, 2020-10-15 07:00:00, 0.0
