AirTemperature,Precipitation,Rain,WindSpeed,SnowDepth,time,WindDirection,RelativeHumidity,week_of_year
9.0, 1.0,0.0,0.3, 0.0,2016-04-08 00:00:00,45.0,82.0,15
8.7, None,0.0,1.5, None,2016-04-08 00:15:00,295.0,88.0,15
8.6, None,0.0,1.0, None,2016-04-08 00:30:00,357.0,83.0,15
8.5, None,0.0,0.1, None,2016-04-08 00:45:00,332.0,84.0,15
8.4, 0.0,0.0,0.0, 0.0,2016-04-08 01:00:00,21.0,83.0,15
8.3, None,0.0,1.0, None,2016-04-08 01:15:00,49.0,83.0,15
8.1, None,0.0,0.1, None,2016-04-08 01:30:00,235.0,87.0,15
8.0, None,0.0,0.7, None,2016-04-08 01:45:00,345.0,88.0,15
8.1, 0.0,0.0,1.0, 0.0,2016-04-08 02:00:00,262.0,89.0,15
8.2, None,0.0,0.2, None,2016-04-08 02:15:00,49.0,86.0,15
8.2, None,0.0,0.0, None,2016-04-08 02:30:00,22.0,85.0,15
7.9, None,0.0,0.5, None,2016-04-08 02:45:00,259.0,88.0,15
7.8, 0.0,0.0,2.2, 0.001,2016-04-08 03:00:00,28.0,90.0,15
7.8, None,0.0,0.4, None,2016-04-08 03:15:00,277.0,88.0,15
7.8, None,0.0,0.8, None,2016-04-08 03:30:00,295.0,89.0,15
7.5, None,0.0,0.1, None,2016-04-08 03:45:00,239.0,91.0,15
7.7, 0.0,0.0,0.8, 0.0,2016-04-08 04:00:00,20.0,88.0,15
7.4, None,0.0,0.2, None,2016-04-08 04:15:00,156.0,92.0,15
7.0, None,0.0,0.0, None,2016-04-08 04:30:00,251.0,94.0,15
6.8, None,0.0,0.1, None,2016-04-08 04:45:00,169.0,93.0,15
6.6, 0.0,0.0,0.3, 0.001,2016-04-08 05:00:00,230.0,95.0,15
6.6, None,0.0,0.1, None,2016-04-08 05:15:00,25.0,95.0,15
6.8, None,0.0,2.3, None,2016-04-08 05:30:00,31.0,91.0,15
7.1, None,0.0,0.3, None,2016-04-08 05:45:00,317.0,90.0,15
7.0, 0.0,0.0,2.2, 0.0,2016-04-08 06:00:00,47.0,89.0,15
6.9, None,0.0,0.1, None,2016-04-08 06:15:00,337.0,93.0,15
7.2, None,0.0,0.0, None,2016-04-08 06:30:00,274.0,90.0,15
7.5, None,0.0,0.0, None,2016-04-08 06:45:00,22.0,88.0,15
9.5, 0.0,0.0,0.9, 0.0,2016-04-08 07:00:00,274.0,81.0,15
11.5, None,0.0,1.8, None,2016-04-08 07:15:00,30.0,79.0,15
12.4, None,0.0,2.4, None,2016-04-08 07:30:00,58.0,73.0,15
13.2, None,0.0,2.6, None,2016-04-08 07:45:00,222.0,77.0,15
13.2, -2.0,0.0,3.9, 0.0,2016-04-08 08:00:00,260.0,73.0,15
14.9, None,0.0,1.9, None,2016-04-08 08:15:00,245.0,64.0,15
16.1, None,0.0,4.7, None,2016-04-08 08:30:00,271.0,56.0,15
17.8, None,0.0,3.9, None,2016-04-08 08:45:00,223.0,48.0,15
19.8, -1.0,0.0,2.4, 0.0,2016-04-08 09:00:00,299.0,38.0,15
20.4, None,0.0,5.5, None,2016-04-08 09:15:00,248.0,37.0,15
20.3, None,0.0,6.5, None,2016-04-08 09:30:00,280.0,32.0,15
20.6, None,0.0,6.0, None,2016-04-08 09:45:00,285.0,31.0,15
21.6, 0.0,0.0,2.8, 0.0,2016-04-08 10:00:00,356.0,30.0,15
21.8, None,0.0,5.7, None,2016-04-08 10:15:00,312.0,30.0,15
22.1, None,0.0,8.9, None,2016-04-08 10:30:00,264.0,26.0,15
22.0, None,0.0,12.5, None,2016-04-08 10:45:00,292.0,23.0,15
21.3, -1.0,0.0,12.7, 0.0,2016-04-08 11:00:00,289.0,24.0,15
21.2, None,0.0,15.0, None,2016-04-08 11:15:00,281.0,23.0,15
21.1, None,0.0,14.3, None,2016-04-08 11:30:00,284.0,19.0,15
21.0, None,0.0,13.9, None,2016-04-08 11:45:00,284.0,22.0,15
20.5, 0.0,0.0,15.6, 0.0,2016-04-08 12:00:00,283.0,21.0,15
20.6, None,0.0,12.1, None,2016-04-08 12:15:00,284.0,23.0,15
20.8, None,0.0,12.9, None,2016-04-08 12:30:00,282.0,22.0,15
20.6, None,0.0,15.1, None,2016-04-08 12:45:00,255.0,23.0,15
21.6, 0.0,0.0,9.5, 0.0,2016-04-08 13:00:00,286.0,27.0,15
21.7, None,0.0,10.1, None,2016-04-08 13:15:00,270.0,29.0,15
21.9, None,0.0,9.4, None,2016-04-08 13:30:00,267.0,27.0,15
21.8, None,0.0,11.6, None,2016-04-08 13:45:00,239.0,27.0,15
21.8, 0.0,0.0,10.5, 0.007,2016-04-08 14:00:00,269.0,28.0,15
21.9, None,0.0,9.6, None,2016-04-08 14:15:00,272.0,27.0,15
21.7, None,0.0,11.7, None,2016-04-08 14:30:00,288.0,27.0,15
22.1, None,0.0,11.2, None,2016-04-08 14:45:00,275.0,27.0,15
21.9, 0.0,0.0,11.1, 0.0,2016-04-08 15:00:00,279.0,26.0,15
20.9, None,0.0,11.1, None,2016-04-08 15:15:00,288.0,27.0,15
20.2, None,0.0,12.8, None,2016-04-08 15:30:00,291.0,31.0,15
20.0, None,0.0,11.2, None,2016-04-08 15:45:00,255.0,31.0,15
20.4, 1.0,0.0,6.6, 0.001,2016-04-08 16:00:00,284.0,33.0,15
20.2, None,0.0,8.9, None,2016-04-08 16:15:00,287.0,32.0,15
19.9, None,0.0,11.5, None,2016-04-08 16:30:00,278.0,35.0,15
19.3, None,0.0,10.9, None,2016-04-08 16:45:00,278.0,39.0,15
18.3, 0.0,0.0,8.2, 0.0,2016-04-08 17:00:00,282.0,43.0,15
18.3, None,0.0,9.2, None,2016-04-08 17:15:00,232.0,42.0,15
17.9, None,0.0,8.7, None,2016-04-08 17:30:00,230.0,43.0,15
17.0, None,0.0,11.2, None,2016-04-08 17:45:00,235.0,43.0,15
15.7, 1.0,0.0,11.0, 0.0,2016-04-08 18:00:00,250.0,47.0,15
14.9, None,0.0,8.6, None,2016-04-08 18:15:00,256.0,52.0,15
13.9, None,0.0,4.9, None,2016-04-08 18:30:00,268.0,54.0,15
12.7, None,0.0,0.6, None,2016-04-08 18:45:00,43.0,61.0,15
11.6, 0.0,0.0,2.7, 0.0,2016-04-08 19:00:00,258.0,63.0,15
10.4, None,0.0,7.0, None,2016-04-08 19:15:00,37.0,68.0,15
9.4, None,0.0,6.7, None,2016-04-08 19:30:00,49.0,72.0,15
8.6, None,0.0,7.5, None,2016-04-08 19:45:00,33.0,74.0,15
8.1, 2.0,0.0,8.0, 0.0,2016-04-08 20:00:00,41.0,77.0,15
7.5, None,0.0,7.6, None,2016-04-08 20:15:00,45.0,79.0,15
7.4, None,0.0,8.0, None,2016-04-08 20:30:00,43.0,78.0,15
6.7, None,0.0,4.3, None,2016-04-08 20:45:00,26.0,83.0,15
6.3, 0.0,0.0,3.2, 0.0,2016-04-08 21:00:00,65.0,83.0,15
6.2, None,0.0,4.4, None,2016-04-08 21:15:00,40.0,82.0,15
5.9, None,0.0,5.0, None,2016-04-08 21:30:00,35.0,82.0,15
5.8, None,0.0,3.1, None,2016-04-08 21:45:00,30.0,83.0,15
5.6, 0.0,0.0,1.8, 0.0,2016-04-08 22:00:00,62.0,83.0,15
5.4, None,0.0,0.9, None,2016-04-08 22:15:00,30.0,84.0,15
5.1, None,0.0,1.4, None,2016-04-08 22:30:00,41.0,85.0,15
5.1, None,0.0,1.6, None,2016-04-08 22:45:00,39.0,85.0,15
4.9, 0.0,0.0,1.4, 0.0,2016-04-08 23:00:00,59.0,87.0,15
4.9, None,0.0,0.4, None,2016-04-08 23:15:00,32.0,87.0,15
4.7, None,0.0,0.7, None,2016-04-08 23:30:00,28.0,89.0,15
4.9, None,0.0,1.9, None,2016-04-08 23:45:00,49.0,88.0,15
4.9, 0.0,0.0,1.4, 0.0,2016-04-09 00:00:00,24.0,89.0,15
5.0, None,0.0,0.0, None,2016-04-09 00:15:00,239.0,90.0,15
4.8, None,0.0,0.6, None,2016-04-09 00:30:00,336.0,92.0,15
4.8, None,0.0,0.8, None,2016-04-09 00:45:00,314.0,93.0,15
4.7, 0.0,0.0,0.7, 0.0,2016-04-09 01:00:00,266.0,93.0,15
4.6, None,0.0,1.0, None,2016-04-09 01:15:00,358.0,94.0,15
4.5, None,0.0,0.2, None,2016-04-09 01:30:00,229.0,95.0,15
4.4, None,0.0,0.4, None,2016-04-09 01:45:00,356.0,96.0,15
4.3, 0.0,0.0,1.0, 0.0,2016-04-09 02:00:00,127.0,96.0,15
4.3, None,0.0,0.0, None,2016-04-09 02:15:00,10.0,97.0,15
4.2, None,0.0,0.0, None,2016-04-09 02:30:00,355.0,97.0,15
4.1, None,0.0,0.0, None,2016-04-09 02:45:00,6.0,97.0,15
3.9, 1.0,0.0,1.7, 0.0,2016-04-09 03:00:00,54.0,96.0,15
3.4, None,0.0,5.9, None,2016-04-09 03:15:00,57.0,96.0,15
3.4, None,0.0,1.5, None,2016-04-09 03:30:00,322.0,98.0,15
3.4, None,0.0,0.0, None,2016-04-09 03:45:00,285.0,98.0,15
3.3, -1.0,0.0,2.6, 0.0,2016-04-09 04:00:00,53.0,98.0,15
3.4, None,0.0,0.8, None,2016-04-09 04:15:00,16.0,98.0,15
3.4, None,0.0,0.1, None,2016-04-09 04:30:00,282.0,98.0,15
3.1, None,0.0,2.6, None,2016-04-09 04:45:00,27.0,98.0,15
3.3, 1.0,0.0,1.7, 0.0,2016-04-09 05:00:00,30.0,99.0,15
3.0, None,0.0,1.6, None,2016-04-09 05:15:00,26.0,98.0,15
3.2, None,0.0,1.5, None,2016-04-09 05:30:00,11.0,99.0,15
3.2, None,0.0,1.1, None,2016-04-09 05:45:00,39.0,99.0,15
3.1, 0.0,0.0,0.2, 0.0,2016-04-09 06:00:00,334.0,99.0,15
3.0, None,0.0,2.5, None,2016-04-09 06:15:00,27.0,99.0,15
3.1, None,0.0,0.0, None,2016-04-09 06:30:00,40.0,99.0,15
3.0, None,0.0,1.6, None,2016-04-09 06:45:00,16.0,98.0,15
5.2, -1.0,0.0,0.6, 0.0,2016-04-09 07:00:00,51.0,92.0,15
7.3, None,0.0,0.0, None,2016-04-09 07:15:00,20.0,89.0,15
8.5, None,0.0,0.7, None,2016-04-09 07:30:00,249.0,86.0,15
9.7, None,0.0,0.2, None,2016-04-09 07:45:00,273.0,84.0,15
10.8, -1.0,0.0,1.7, 0.0,2016-04-09 08:00:00,270.0,79.0,15
11.1, None,0.0,3.8, None,2016-04-09 08:15:00,218.0,70.0,15
12.1, None,0.0,1.4, None,2016-04-09 08:30:00,230.0,68.0,15
13.6, None,0.0,3.7, None,2016-04-09 08:45:00,176.0,60.0,15
13.6, -1.0,0.0,7.9, 0.0,2016-04-09 09:00:00,107.0,56.0,15
14.0, None,0.0,9.4, None,2016-04-09 09:15:00,150.0,52.0,15
14.2, None,0.0,10.6, None,2016-04-09 09:30:00,149.0,48.0,15
14.3, None,0.0,11.7, None,2016-04-09 09:45:00,150.0,47.0,15
14.1, -1.0,0.0,12.1, 0.0,2016-04-09 10:00:00,143.0,53.0,15
14.7, None,0.0,10.9, None,2016-04-09 10:15:00,150.0,47.0,15
15.4, None,0.0,10.1, None,2016-04-09 10:30:00,161.0,39.0,15
15.7, None,0.0,10.6, None,2016-04-09 10:45:00,165.0,39.0,15
16.0, 0.0,0.0,9.4, 0.0,2016-04-09 11:00:00,162.0,38.0,15
15.9, None,0.0,8.3, None,2016-04-09 11:15:00,104.0,39.0,15
16.3, None,0.0,8.1, None,2016-04-09 11:30:00,145.0,38.0,15
16.8, None,0.0,7.4, None,2016-04-09 11:45:00,107.0,39.0,15
17.1, 0.0,0.0,9.1, 0.0,2016-04-09 12:00:00,114.0,34.0,15
17.1, None,0.0,8.4, None,2016-04-09 12:15:00,120.0,35.0,15
17.5, None,0.0,10.6, None,2016-04-09 12:30:00,133.0,36.0,15
17.9, None,0.0,10.2, None,2016-04-09 12:45:00,148.0,37.0,15
17.4, 0.0,0.0,9.5, 0.0,2016-04-09 13:00:00,129.0,39.0,15
17.9, None,0.0,9.4, None,2016-04-09 13:15:00,159.0,39.0,15
17.7, None,0.0,13.1, None,2016-04-09 13:30:00,171.0,41.0,15
17.7, None,0.0,12.4, None,2016-04-09 13:45:00,155.0,45.0,15
17.3, -1.0,0.0,14.1, 0.0,2016-04-09 14:00:00,161.0,47.0,15
17.5, None,0.0,12.5, None,2016-04-09 14:15:00,151.0,48.0,15
17.1, None,0.0,14.2, None,2016-04-09 14:30:00,147.0,49.0,15
16.7, None,0.0,14.3, None,2016-04-09 14:45:00,149.0,50.0,15
16.8, 1.0,0.0,11.9, 0.001,2016-04-09 15:00:00,139.0,50.0,15
16.7, None,0.0,13.9, None,2016-04-09 15:15:00,154.0,50.0,15
16.7, None,0.0,11.6, None,2016-04-09 15:30:00,151.0,50.0,15
16.9, None,0.0,13.4, None,2016-04-09 15:45:00,166.0,49.0,15
16.4, 0.0,0.0,13.5, 0.0,2016-04-09 16:00:00,157.0,50.0,15
16.1, None,0.0,12.9, None,2016-04-09 16:15:00,149.0,49.0,15
16.0, None,0.0,11.8, None,2016-04-09 16:30:00,153.0,48.0,15
15.6, None,0.0,12.6, None,2016-04-09 16:45:00,155.0,49.0,15
16.1, 0.0,0.0,10.9, 0.0,2016-04-09 17:00:00,171.0,49.0,15
15.5, None,0.0,11.2, None,2016-04-09 17:15:00,169.0,51.0,15
15.0, None,0.0,10.2, None,2016-04-09 17:30:00,157.0,52.0,15
14.8, None,0.0,8.5, None,2016-04-09 17:45:00,147.0,52.0,15
14.3, 1.0,0.0,9.1, 0.0,2016-04-09 18:00:00,152.0,54.0,15
13.8, None,0.0,7.9, None,2016-04-09 18:15:00,151.0,56.0,15
13.3, None,0.0,3.9, None,2016-04-09 18:30:00,162.0,61.0,15
12.0, None,0.0,2.2, None,2016-04-09 18:45:00,72.0,67.0,15
9.9, 0.0,0.0,2.2, 0.0,2016-04-09 19:00:00,78.0,80.0,15
8.9, None,0.0,4.4, None,2016-04-09 19:15:00,339.0,84.0,15
8.4, None,0.0,3.3, None,2016-04-09 19:30:00,350.0,86.0,15
7.9, None,0.0,4.1, None,2016-04-09 19:45:00,358.0,88.0,15
7.3, 1.0,0.0,3.0, 0.0,2016-04-09 20:00:00,18.0,89.0,15
6.6, None,0.0,3.6, None,2016-04-09 20:15:00,42.0,92.0,15
6.3, None,0.0,4.1, None,2016-04-09 20:30:00,4.0,95.0,15
6.0, None,0.0,2.5, None,2016-04-09 20:45:00,27.0,93.0,15
5.7, 1.0,0.0,3.1, 0.0,2016-04-09 21:00:00,29.0,96.0,15
5.6, None,0.0,3.5, None,2016-04-09 21:15:00,346.0,97.0,15
5.4, None,0.0,2.2, None,2016-04-09 21:30:00,30.0,95.0,15
5.1, None,0.0,2.8, None,2016-04-09 21:45:00,13.0,97.0,15
5.0, 0.0,0.0,3.6, 0.0,2016-04-09 22:00:00,348.0,98.0,15
4.6, None,0.0,1.8, None,2016-04-09 22:15:00,358.0,98.0,15
4.7, None,0.0,1.4, None,2016-04-09 22:30:00,348.0,98.0,15
4.7, None,0.0,3.0, None,2016-04-09 22:45:00,37.0,98.0,15
4.5, 0.0,0.0,0.3, 0.0,2016-04-09 23:00:00,17.0,98.0,15
4.5, None,0.0,1.0, None,2016-04-09 23:15:00,44.0,98.0,15
4.3, None,0.0,0.4, None,2016-04-09 23:30:00,70.0,98.0,15
4.3, None,0.0,2.4, None,2016-04-09 23:45:00,36.0,99.0,15
4.3, 0.0,0.0,0.0, 0.0,2016-04-10 00:00:00,295.0,99.0,15
4.4, None,0.0,0.0, None,2016-04-10 00:15:00,239.0,99.0,15
4.3, None,0.0,0.0, None,2016-04-10 00:30:00,315.0,100.0,15
4.1, None,0.0,0.0, None,2016-04-10 00:45:00,236.0,100.0,15
4.3, 0.0,0.0,0.5, 0.0,2016-04-10 01:00:00,34.0,100.0,15
4.1, None,0.0,0.0, None,2016-04-10 01:15:00,358.0,100.0,15
4.2, None,0.0,0.0, None,2016-04-10 01:30:00,252.0,100.0,15
3.9, None,0.0,0.0, None,2016-04-10 01:45:00,273.0,100.0,15
3.7, 0.0,0.0,0.2, 0.0,2016-04-10 02:00:00,42.0,100.0,15
3.5, None,0.0,0.0, None,2016-04-10 02:15:00,9.0,100.0,15
3.6, None,0.0,0.0, None,2016-04-10 02:30:00,11.0,100.0,15
3.6, None,0.0,0.0, None,2016-04-10 02:45:00,189.0,100.0,15
3.3, 0.0,0.0,0.0, 0.0,2016-04-10 03:00:00,204.0,99.0,15
3.3, None,0.0,0.2, None,2016-04-10 03:15:00,211.0,100.0,15
3.5, None,0.0,2.1, None,2016-04-10 03:30:00,6.0,100.0,15
3.3, None,0.0,0.0, None,2016-04-10 03:45:00,196.0,100.0,15
3.0, 0.0,0.0,0.0, 0.0,2016-04-10 04:00:00,194.0,100.0,15
3.0, None,0.0,0.0, None,2016-04-10 04:15:00,141.0,100.0,15
3.2, None,0.0,0.0, None,2016-04-10 04:30:00,286.0,100.0,15
3.2, None,0.0,0.8, None,2016-04-10 04:45:00,209.0,100.0,15
3.7, 0.0,0.0,1.4, 0.002,2016-04-10 05:00:00,14.0,100.0,15
3.8, None,0.0,1.3, None,2016-04-10 05:15:00,291.0,100.0,15
3.8, None,0.0,4.1, None,2016-04-10 05:30:00,277.0,100.0,15
3.7, None,0.0,5.4, None,2016-04-10 05:45:00,296.0,100.0,15
3.6, 0.0,0.0,5.0, 0.0,2016-04-10 06:00:00,293.0,100.0,15
3.7, None,0.0,3.2, None,2016-04-10 06:15:00,340.0,100.0,15
4.0, None,0.0,3.1, None,2016-04-10 06:30:00,320.0,100.0,15
4.0, None,0.0,1.8, None,2016-04-10 06:45:00,357.0,100.0,15
4.5, 0.0,0.0,0.4, 0.0,2016-04-10 07:00:00,13.0,100.0,15
4.7, None,0.0,1.0, None,2016-04-10 07:15:00,353.0,100.0,15
5.1, None,0.0,1.8, None,2016-04-10 07:30:00,46.0,100.0,15
5.7, None,0.0,1.4, None,2016-04-10 07:45:00,345.0,100.0,15
6.4, -1.0,0.0,1.4, 0.0,2016-04-10 08:00:00,195.0,100.0,15
6.4, None,0.0,1.9, None,2016-04-10 08:15:00,274.0,100.0,15
6.8, None,0.0,1.6, None,2016-04-10 08:30:00,303.0,99.0,15
7.0, None,0.0,3.2, None,2016-04-10 08:45:00,259.0,97.0,15
7.8, 0.0,0.0,4.4, 0.0,2016-04-10 09:00:00,225.0,95.0,15
8.0, None,0.0,7.0, None,2016-04-10 09:15:00,275.0,92.0,15
8.6, None,0.0,6.0, None,2016-04-10 09:30:00,271.0,89.0,15
9.1, None,0.0,7.1, None,2016-04-10 09:45:00,270.0,85.0,15
9.7, -1.0,0.0,5.5, 0.0,2016-04-10 10:00:00,292.0,82.0,15
10.7, None,0.0,8.1, None,2016-04-10 10:15:00,148.0,74.0,15
11.5, None,0.0,10.9, None,2016-04-10 10:30:00,149.0,70.0,15
12.2, None,0.0,12.6, None,2016-04-10 10:45:00,169.0,66.0,15
12.0, -1.0,0.0,13.3, 0.0,2016-04-10 11:00:00,146.0,67.0,15
11.4, None,0.0,13.5, None,2016-04-10 11:15:00,155.0,69.0,15
12.4, None,0.0,14.4, None,2016-04-10 11:30:00,159.0,65.0,15
12.1, None,0.0,13.4, None,2016-04-10 11:45:00,171.0,65.0,15
11.8, 1.0,0.0,10.8, 0.0,2016-04-10 12:00:00,160.0,67.0,15
12.1, None,0.0,12.5, None,2016-04-10 12:15:00,140.0,64.0,15
12.2, None,0.0,10.7, None,2016-04-10 12:30:00,168.0,65.0,15
12.0, None,0.0,10.2, None,2016-04-10 12:45:00,159.0,65.0,15
12.3, -2.0,0.0,12.7, 0.0,2016-04-10 13:00:00,164.0,64.0,15
12.6, None,0.0,11.6, None,2016-04-10 13:15:00,159.0,62.0,15
12.3, None,0.0,13.2, None,2016-04-10 13:30:00,171.0,63.0,15
12.2, None,0.0,9.8, None,2016-04-10 13:45:00,155.0,64.0,15
13.5, 1.0,0.0,11.9, 0.0,2016-04-10 14:00:00,163.0,57.0,15
14.0, None,0.0,10.5, None,2016-04-10 14:15:00,196.0,55.0,15
13.8, None,0.0,9.8, None,2016-04-10 14:30:00,191.0,57.0,15
13.8, None,0.0,10.4, None,2016-04-10 14:45:00,172.0,58.0,15
14.3, 0.0,0.0,9.3, 0.0,2016-04-10 15:00:00,180.0,55.0,15
13.6, None,0.0,10.9, None,2016-04-10 15:15:00,223.0,62.0,15
13.6, None,0.0,13.4, None,2016-04-10 15:30:00,234.0,62.0,15
13.5, None,0.0,12.3, None,2016-04-10 15:45:00,236.0,61.0,15
13.0, -1.0,0.0,10.7, 0.0,2016-04-10 16:00:00,264.0,64.0,15
11.8, None,0.0,14.0, None,2016-04-10 16:15:00,251.0,66.0,15
12.3, None,0.0,12.0, None,2016-04-10 16:30:00,262.0,64.0,15
11.5, None,0.0,13.6, None,2016-04-10 16:45:00,264.0,67.0,15
11.3, 2.0,0.0,11.3, 0.0,2016-04-10 17:00:00,257.0,67.0,15
10.9, None,0.0,10.6, None,2016-04-10 17:15:00,270.0,70.0,15
9.9, None,0.0,9.0, None,2016-04-10 17:30:00,266.0,76.0,15
8.6, None,0.0,8.4, None,2016-04-10 17:45:00,251.0,81.0,15
7.9, 1.0,0.0,10.1, 0.0,2016-04-10 18:00:00,267.0,84.0,15
7.7, None,0.0,11.3, None,2016-04-10 18:15:00,269.0,86.0,15
7.3, None,0.0,10.3, None,2016-04-10 18:30:00,269.0,88.0,15
7.1, None,0.0,10.0, None,2016-04-10 18:45:00,278.0,89.0,15
6.8, 0.0,0.0,10.5, 0.0,2016-04-10 19:00:00,279.0,91.0,15
6.7, None,0.0,7.7, None,2016-04-10 19:15:00,273.0,91.0,15
6.6, None,0.0,10.6, None,2016-04-10 19:30:00,259.0,90.0,15
6.5, None,0.0,11.4, None,2016-04-10 19:45:00,271.0,91.0,15
6.5, 0.0,0.0,8.7, 0.0,2016-04-10 20:00:00,269.0,92.0,15
6.4, None,0.0,10.6, None,2016-04-10 20:15:00,280.0,92.0,15
6.4, None,0.0,8.6, None,2016-04-10 20:30:00,274.0,92.0,15
6.3, None,0.0,8.7, None,2016-04-10 20:45:00,296.0,92.0,15
6.3, 1.0,0.0,7.0, 0.0,2016-04-10 21:00:00,286.0,90.0,15
6.3, None,0.0,7.3, None,2016-04-10 21:15:00,288.0,89.0,15
6.2, None,0.0,5.6, None,2016-04-10 21:30:00,262.0,88.0,15
6.2, None,0.0,4.9, None,2016-04-10 21:45:00,233.0,87.0,15
6.2, -1.0,0.0,7.1, 0.0,2016-04-10 22:00:00,250.0,84.0,15
6.0, None,0.0,6.4, None,2016-04-10 22:15:00,203.0,84.0,15
5.9, None,0.0,6.8, None,2016-04-10 22:30:00,223.0,85.0,15
5.8, None,0.0,4.3, None,2016-04-10 22:45:00,226.0,86.0,15
5.8, 1.0,0.0,6.0, 0.0,2016-04-10 23:00:00,220.0,86.0,15
5.8, None,0.0,7.9, None,2016-04-10 23:15:00,244.0,83.0,15
5.8, None,0.0,6.9, None,2016-04-10 23:30:00,234.0,83.0,15
5.7, None,0.0,6.7, None,2016-04-10 23:45:00,242.0,83.0,15
5.8, -1.0,0.0,9.2, 0.0,2016-04-11 00:00:00,278.0,83.0,15
5.7, None,0.0,5.0, None,2016-04-11 00:15:00,241.0,85.0,15
5.6, None,0.0,4.8, None,2016-04-11 00:30:00,225.0,87.0,15
5.5, None,0.0,4.9, None,2016-04-11 00:45:00,211.0,89.0,15
5.3, 1.0,0.0,5.3, 0.0,2016-04-11 01:00:00,213.0,91.0,15
5.2, None,0.0,4.9, None,2016-04-11 01:15:00,220.0,92.0,15
5.2, None,0.0,2.6, None,2016-04-11 01:30:00,251.0,93.0,15
5.3, None,0.0,1.1, None,2016-04-11 01:45:00,232.0,93.0,15
5.2, 0.0,0.0,4.6, 0.0,2016-04-11 02:00:00,196.0,95.0,15
5.2, None,0.0,1.3, None,2016-04-11 02:15:00,49.0,96.0,15
5.2, None,0.0,0.3, None,2016-04-11 02:30:00,101.0,95.0,15
5.2, None,0.0,3.6, None,2016-04-11 02:45:00,196.0,95.0,15
5.2, 0.0,0.0,3.0, 0.0,2016-04-11 03:00:00,178.0,94.0,15
5.2, None,0.0,3.5, None,2016-04-11 03:15:00,167.0,94.0,15
5.1, None,0.0,5.6, None,2016-04-11 03:30:00,220.0,95.0,15
5.1, None,0.0,7.7, None,2016-04-11 03:45:00,224.0,95.0,15
5.2, 0.0,0.0,7.3, 0.0,2016-04-11 04:00:00,232.0,93.0,15
5.2, None,0.0,6.1, None,2016-04-11 04:15:00,245.0,90.0,15
5.2, None,0.0,7.4, None,2016-04-11 04:30:00,219.0,90.0,15
5.0, None,0.0,6.1, None,2016-04-11 04:45:00,220.0,92.0,15
5.0, 0.0,0.0,5.4, 0.0,2016-04-11 05:00:00,218.0,92.0,15
4.9, None,0.0,4.8, None,2016-04-11 05:15:00,193.0,94.0,15
4.9, None,0.0,3.8, None,2016-04-11 05:30:00,212.0,94.0,15
4.7, None,0.0,6.5, None,2016-04-11 05:45:00,281.0,93.0,15
4.6, 0.0,0.0,5.8, 0.0,2016-04-11 06:00:00,271.0,95.0,15
4.5, None,0.0,1.7, None,2016-04-11 06:15:00,197.0,97.0,15
4.7, None,0.0,2.0, None,2016-04-11 06:30:00,100.0,97.0,15
5.1, None,0.0,4.3, None,2016-04-11 06:45:00,184.0,93.0,15
5.3, 0.0,0.0,10.3, 0.0,2016-04-11 07:00:00,218.0,89.0,15
6.2, None,0.0,5.8, None,2016-04-11 07:15:00,192.0,84.0,15
6.3, None,0.0,8.0, None,2016-04-11 07:30:00,181.0,80.0,15
6.1, None,0.0,15.4, None,2016-04-11 07:45:00,226.0,78.0,15
6.1, -1.0,0.0,13.3, 0.0,2016-04-11 08:00:00,221.0,81.0,15
6.2, None,0.0,10.2, None,2016-04-11 08:15:00,246.0,80.0,15
6.5, None,0.0,9.6, None,2016-04-11 08:30:00,214.0,81.0,15
7.0, None,0.0,9.8, None,2016-04-11 08:45:00,174.0,80.0,15
7.3, 0.0,0.0,9.9, 0.0,2016-04-11 09:00:00,190.0,79.0,15
7.4, None,0.0,8.0, None,2016-04-11 09:15:00,217.0,80.0,15
7.8, None,0.0,8.6, None,2016-04-11 09:30:00,215.0,78.0,15
7.6, None,0.0,13.5, None,2016-04-11 09:45:00,224.0,74.0,15
8.1, -1.0,0.0,13.7, 0.0,2016-04-11 10:00:00,218.0,73.0,15
8.5, None,0.0,13.8, None,2016-04-11 10:15:00,221.0,71.0,15
8.5, None,0.0,16.2, None,2016-04-11 10:30:00,218.0,71.0,15
9.2, None,0.0,13.4, None,2016-04-11 10:45:00,211.0,68.0,15
8.7, 0.0,0.0,11.3, 0.0,2016-04-11 11:00:00,220.0,68.0,15
8.7, None,0.0,12.1, None,2016-04-11 11:15:00,238.0,71.0,15
7.8, None,0.0,11.0, None,2016-04-11 11:30:00,226.0,82.0,15
7.6, None,0.0,7.1, None,2016-04-11 11:45:00,301.0,86.0,15
7.9, 1.0,0.0,6.1, 0.0,2016-04-11 12:00:00,335.0,88.0,15
8.1, None,0.0,8.6, None,2016-04-11 12:15:00,263.0,89.0,15
7.1, None,0.25,12.1, None,2016-04-11 12:30:00,263.0,92.0,15
6.9, None,0.0,12.2, None,2016-04-11 12:45:00,285.0,94.0,15
7.3, 0.0,0.26,9.9, 0.0,2016-04-11 13:00:00,269.0,94.0,15
7.0, None,0.0,11.0, None,2016-04-11 13:15:00,264.0,94.0,15
7.0, None,0.25,8.6, None,2016-04-11 13:30:00,255.0,93.0,15
7.3, None,0.0,8.5, None,2016-04-11 13:45:00,261.0,89.0,15
7.1, 1.0,0.0,10.7, 0.0,2016-04-11 14:00:00,270.0,89.0,15
6.9, None,0.0,12.2, None,2016-04-11 14:15:00,276.0,89.0,15
6.9, None,0.0,9.1, None,2016-04-11 14:30:00,263.0,88.0,15
6.7, None,0.0,6.9, None,2016-04-11 14:45:00,260.0,89.0,15
6.8, 0.0,0.0,7.8, 0.0,2016-04-11 15:00:00,271.0,86.0,15
8.4, None,0.0,5.7, None,2016-04-11 15:15:00,258.0,83.0,15
8.6, None,0.0,7.4, None,2016-04-11 15:30:00,273.0,76.0,15
8.3, None,0.0,5.7, None,2016-04-11 15:45:00,275.0,76.0,15
8.3, -1.0,0.0,7.6, 0.0,2016-04-11 16:00:00,277.0,73.0,15
8.1, None,0.0,7.1, None,2016-04-11 16:15:00,266.0,77.0,15
7.7, None,0.0,9.7, None,2016-04-11 16:30:00,235.0,79.0,15
7.6, None,0.0,10.5, None,2016-04-11 16:45:00,248.0,80.0,15
7.6, 0.0,0.0,9.1, 0.0,2016-04-11 17:00:00,259.0,81.0,15
7.7, None,0.0,7.8, None,2016-04-11 17:15:00,248.0,81.0,15
7.6, None,0.0,8.7, None,2016-04-11 17:30:00,253.0,81.0,15
7.6, None,0.0,7.8, None,2016-04-11 17:45:00,254.0,78.0,15
6.9, 1.0,0.0,8.4, 0.0,2016-04-11 18:00:00,247.0,83.0,15
6.5, None,0.0,6.5, None,2016-04-11 18:15:00,294.0,85.0,15
6.3, None,0.0,5.4, None,2016-04-11 18:30:00,290.0,85.0,15
6.0, None,0.0,8.8, None,2016-04-11 18:45:00,296.0,84.0,15
5.8, 0.0,0.0,4.2, 0.0,2016-04-11 19:00:00,243.0,87.0,15
5.6, None,0.0,1.4, None,2016-04-11 19:15:00,288.0,90.0,15
5.5, None,0.0,2.6, None,2016-04-11 19:30:00,198.0,89.0,15
5.4, None,0.0,1.2, None,2016-04-11 19:45:00,105.0,91.0,15
5.3, 0.0,0.0,1.3, 0.0,2016-04-11 20:00:00,325.0,93.0,15
5.2, None,0.0,1.1, None,2016-04-11 20:15:00,23.0,93.0,15
5.3, None,0.0,0.9, None,2016-04-11 20:30:00,345.0,91.0,15
5.2, None,0.0,5.7, None,2016-04-11 20:45:00,310.0,85.0,15
5.0, 0.0,0.0,2.0, 0.0,2016-04-11 21:00:00,9.0,87.0,15
5.0, None,0.0,0.4, None,2016-04-11 21:15:00,23.0,89.0,15
4.9, None,0.0,2.7, None,2016-04-11 21:30:00,50.0,90.0,15
4.9, None,0.0,1.8, None,2016-04-11 21:45:00,38.0,90.0,15
4.7, 0.0,0.0,1.3, 0.0,2016-04-11 22:00:00,62.0,94.0,15
4.6, None,0.0,1.3, None,2016-04-11 22:15:00,28.0,92.0,15
4.7, None,0.0,2.0, None,2016-04-11 22:30:00,52.0,95.0,15
4.7, None,0.0,1.8, None,2016-04-11 22:45:00,64.0,93.0,15
4.8, 0.0,0.0,2.6, 0.0,2016-04-11 23:00:00,47.0,92.0,15
4.8, None,0.0,1.1, None,2016-04-11 23:15:00,35.0,95.0,15
4.6, None,0.0,2.6, None,2016-04-11 23:30:00,352.0,95.0,15
4.6, None,0.0,3.7, None,2016-04-11 23:45:00,313.0,93.0,15
4.5, 1.0,0.0,0.9, 0.0,2016-04-12 00:00:00,16.0,95.0,15
4.5, None,0.0,5.0, None,2016-04-12 00:15:00,234.0,95.0,15
4.3, None,0.0,0.4, None,2016-04-12 00:30:00,109.0,96.0,15
4.2, None,0.0,3.5, None,2016-04-12 00:45:00,253.0,95.0,15
4.1, -1.0,0.0,4.0, 0.0,2016-04-12 01:00:00,323.0,91.0,15
4.2, None,0.0,2.8, None,2016-04-12 01:15:00,259.0,90.0,15
4.3, None,0.0,4.2, None,2016-04-12 01:30:00,247.0,87.0,15
4.6, None,0.0,9.7, None,2016-04-12 01:45:00,231.0,83.0,15
4.8, -1.0,0.0,18.0, 0.0,2016-04-12 02:00:00,228.0,83.0,15
4.6, None,0.0,11.2, None,2016-04-12 02:15:00,223.0,85.0,15
4.9, None,0.0,18.5, None,2016-04-12 02:30:00,225.0,82.0,15
4.8, None,0.0,14.2, None,2016-04-12 02:45:00,229.0,79.0,15
4.9, 1.0,0.0,11.8, 0.0,2016-04-12 03:00:00,240.0,80.0,15
4.8, None,0.0,14.0, None,2016-04-12 03:15:00,230.0,81.0,15
4.8, None,0.0,14.2, None,2016-04-12 03:30:00,236.0,81.0,15
4.7, None,0.26,12.7, None,2016-04-12 03:45:00,220.0,86.0,15
4.3, 0.0,0.25,4.8, 0.0,2016-04-12 04:00:00,202.0,90.0,15
4.0, None,0.25,6.0, None,2016-04-12 04:15:00,199.0,90.0,15
3.8, None,0.26,5.2, None,2016-04-12 04:30:00,194.0,92.0,15
3.8, None,0.25,8.3, None,2016-04-12 04:45:00,190.0,91.0,15
3.8, 1.0,0.0,4.5, 0.0,2016-04-12 05:00:00,181.0,93.0,15
3.7, None,0.26,4.3, None,2016-04-12 05:15:00,143.0,95.0,15
3.7, None,0.0,5.7, None,2016-04-12 05:30:00,177.0,95.0,15
3.7, None,0.0,6.8, None,2016-04-12 05:45:00,176.0,96.0,15
3.7, 0.0,0.25,6.5, 0.0,2016-04-12 06:00:00,173.0,96.0,15
3.8, None,0.0,8.5, None,2016-04-12 06:15:00,155.0,95.0,15
4.1, None,0.0,9.0, None,2016-04-12 06:30:00,192.0,93.0,15
4.4, None,0.25,11.3, None,2016-04-12 06:45:00,196.0,91.0,15
4.4, 1.0,0.26,10.8, 0.0,2016-04-12 07:00:00,194.0,93.0,15
4.4, None,0.25,12.0, None,2016-04-12 07:15:00,193.0,93.0,15
4.3, None,0.26,11.0, None,2016-04-12 07:30:00,174.0,95.0,15
4.4, None,0.0,10.1, None,2016-04-12 07:45:00,194.0,96.0,15
4.9, 1.0,0.0,10.8, 0.0,2016-04-12 08:00:00,196.0,94.0,15
5.2, None,0.0,7.2, None,2016-04-12 08:15:00,186.0,94.0,15
5.2, None,0.25,8.2, None,2016-04-12 08:30:00,182.0,94.0,15
5.4, None,0.0,8.3, None,2016-04-12 08:45:00,190.0,94.0,15
5.7, -1.0,0.25,10.6, 0.0,2016-04-12 09:00:00,192.0,92.0,15
5.9, None,0.0,9.1, None,2016-04-12 09:15:00,205.0,91.0,15
6.1, None,0.26,8.6, None,2016-04-12 09:30:00,169.0,94.0,15
6.2, None,0.0,8.3, None,2016-04-12 09:45:00,172.0,93.0,15
6.2, 0.0,0.0,8.5, 0.0,2016-04-12 10:00:00,159.0,94.0,15
6.2, None,0.0,7.9, None,2016-04-12 10:15:00,164.0,94.0,15
6.8, None,0.0,9.8, None,2016-04-12 10:30:00,164.0,94.0,15
7.2, None,0.0,14.5, None,2016-04-12 10:45:00,187.0,89.0,15
7.7, 6.0,0.25,12.4, 0.003,2016-04-12 11:00:00,189.0,91.0,15
7.8, None,0.0,12.2, None,2016-04-12 11:15:00,166.0,87.0,15
6.7, None,1.02,15.3, None,2016-04-12 11:30:00,192.0,90.0,15
6.3, None,1.01,12.0, None,2016-04-12 11:45:00,191.0,93.0,15
6.4, 2.0,0.51,16.1, 0.002,2016-04-12 12:00:00,191.0,92.0,15
6.8, None,0.0,12.8, None,2016-04-12 12:15:00,188.0,91.0,15
7.1, None,0.0,17.1, None,2016-04-12 12:30:00,179.0,91.0,15
7.3, None,0.0,14.3, None,2016-04-12 12:45:00,203.0,86.0,15
7.3, 0.0,0.0,14.6, 0.0,2016-04-12 13:00:00,190.0,88.0,15
7.4, None,0.0,16.4, None,2016-04-12 13:15:00,186.0,87.0,15
7.4, None,0.0,15.9, None,2016-04-12 13:30:00,198.0,81.0,15
7.6, None,0.0,13.4, None,2016-04-12 13:45:00,201.0,75.0,15
7.7, 0.0,0.0,13.0, 0.0,2016-04-12 14:00:00,202.0,81.0,15
7.3, None,0.0,20.6, None,2016-04-12 14:15:00,215.0,79.0,15
7.3, None,0.0,16.7, None,2016-04-12 14:30:00,229.0,80.0,15
7.4, None,0.0,16.6, None,2016-04-12 14:45:00,223.0,79.0,15
7.7, -3.0,0.0,15.6, 0.0,2016-04-12 15:00:00,207.0,78.0,15
7.4, None,0.0,13.9, None,2016-04-12 15:15:00,203.0,77.0,15
7.0, None,0.0,18.4, None,2016-04-12 15:30:00,208.0,73.0,15
6.0, None,0.26,14.0, None,2016-04-12 15:45:00,223.0,82.0,15
5.2, 4.0,0.5,15.0, 0.0,2016-04-12 16:00:00,225.0,88.0,15
4.8, None,1.02,14.0, None,2016-04-12 16:15:00,217.0,90.0,15
4.6, None,0.25,13.7, None,2016-04-12 16:30:00,221.0,88.0,15
4.6, None,0.26,18.5, None,2016-04-12 16:45:00,218.0,88.0,15
4.4, 2.0,0.25,16.2, 0.0,2016-04-12 17:00:00,231.0,87.0,15
4.3, None,0.51,19.0, None,2016-04-12 17:15:00,227.0,89.0,15
3.9, None,1.02,18.9, None,2016-04-12 17:30:00,232.0,92.0,15
2.9, None,1.27,15.6, None,2016-04-12 17:45:00,251.0,92.0,15
2.5, 4.0,0.5,7.1, 0.0,2016-04-12 18:00:00,240.0,95.0,15
2.6, None,0.51,10.6, None,2016-04-12 18:15:00,251.0,95.0,15
2.8, None,0.26,9.6, None,2016-04-12 18:30:00,245.0,95.0,15
3.0, None,0.25,8.7, None,2016-04-12 18:45:00,168.0,92.0,15
2.6, 1.0,0.0,10.3, 0.0,2016-04-12 19:00:00,141.0,95.0,15
2.7, None,0.0,8.1, None,2016-04-12 19:15:00,162.0,94.0,15
2.9, None,0.0,8.0, None,2016-04-12 19:30:00,190.0,95.0,15
3.0, None,0.0,3.1, None,2016-04-12 19:45:00,219.0,96.0,15
3.2, 0.0,0.0,4.7, 0.0,2016-04-12 20:00:00,196.0,97.0,15
3.7, None,0.0,9.2, None,2016-04-12 20:15:00,250.0,95.0,15
3.8, None,0.0,7.5, None,2016-04-12 20:30:00,249.0,95.0,15
3.8, None,0.0,8.4, None,2016-04-12 20:45:00,233.0,94.0,15
4.1, -1.0,0.0,12.4, 0.0,2016-04-12 21:00:00,228.0,94.0,15
4.0, None,0.51,10.3, None,2016-04-12 21:15:00,241.0,94.0,15
4.2, None,0.0,13.5, None,2016-04-12 21:30:00,236.0,93.0,15
4.1, None,0.0,11.3, None,2016-04-12 21:45:00,224.0,93.0,15
4.0, 1.0,0.0,14.1, 0.0,2016-04-12 22:00:00,213.0,93.0,15
3.9, None,0.25,11.5, None,2016-04-12 22:15:00,216.0,93.0,15
3.6, None,0.0,12.4, None,2016-04-12 22:30:00,229.0,90.0,15
3.5, None,0.0,7.9, None,2016-04-12 22:45:00,220.0,92.0,15
3.3, 1.0,0.76,7.1, 0.0,2016-04-12 23:00:00,239.0,95.0,15
3.2, None,0.26,11.2, None,2016-04-12 23:15:00,243.0,92.0,15
3.1, None,0.25,10.2, None,2016-04-12 23:30:00,220.0,90.0,15
2.9, None,0.0,2.8, None,2016-04-12 23:45:00,46.0,93.0,15
2.8, 1.0,0.0,2.7, 0.0,2016-04-13 00:00:00,49.0,96.0,15
2.7, None,0.0,4.7, None,2016-04-13 00:15:00,168.0,97.0,15
2.8, None,0.0,4.0, None,2016-04-13 00:30:00,163.0,98.0,15
3.1, None,0.26,6.7, None,2016-04-13 00:45:00,175.0,91.0,15
3.1, 0.0,0.0,7.9, 0.002,2016-04-13 01:00:00,158.0,93.0,15
3.1, None,0.0,4.0, None,2016-04-13 01:15:00,157.0,94.0,15
3.1, None,0.25,1.6, None,2016-04-13 01:30:00,133.0,95.0,15
2.8, None,0.25,2.6, None,2016-04-13 01:45:00,31.0,97.0,15
2.7, 0.0,0.0,3.8, 0.0,2016-04-13 02:00:00,69.0,98.0,15
2.7, None,0.0,2.6, None,2016-04-13 02:15:00,40.0,98.0,15
2.8, None,0.0,3.0, None,2016-04-13 02:30:00,48.0,99.0,15
2.9, None,0.0,3.3, None,2016-04-13 02:45:00,134.0,99.0,15
3.2, 0.0,0.26,10.5, 0.0,2016-04-13 03:00:00,183.0,95.0,15
3.1, None,0.0,8.9, None,2016-04-13 03:15:00,170.0,94.0,15
3.0, None,0.0,5.8, None,2016-04-13 03:30:00,166.0,96.0,15
3.0, None,0.0,5.7, None,2016-04-13 03:45:00,144.0,96.0,15
2.8, 1.0,0.25,2.4, 0.0,2016-04-13 04:00:00,72.0,98.0,15
2.5, None,0.0,3.2, None,2016-04-13 04:15:00,33.0,98.0,15
2.3, None,0.0,3.8, None,2016-04-13 04:30:00,66.0,98.0,15
2.3, None,0.0,3.5, None,2016-04-13 04:45:00,69.0,98.0,15
2.2, 0.0,0.0,4.7, 0.0,2016-04-13 05:00:00,60.0,98.0,15
2.0, None,0.0,3.6, None,2016-04-13 05:15:00,58.0,98.0,15
2.0, None,0.0,4.8, None,2016-04-13 05:30:00,103.0,98.0,15
2.2, None,0.0,5.4, None,2016-04-13 05:45:00,114.0,99.0,15
2.4, 0.0,0.0,5.0, 0.0,2016-04-13 06:00:00,120.0,100.0,15
2.6, None,0.0,3.3, None,2016-04-13 06:15:00,89.0,100.0,15
2.9, None,0.0,5.7, None,2016-04-13 06:30:00,121.0,100.0,15
3.0, None,0.0,3.0, None,2016-04-13 06:45:00,99.0,100.0,15
3.3, 0.0,0.0,4.7, 0.0,2016-04-13 07:00:00,141.0,100.0,15
3.6, None,0.0,5.8, None,2016-04-13 07:15:00,132.0,99.0,15
3.7, None,0.0,6.4, None,2016-04-13 07:30:00,135.0,98.0,15
3.9, None,0.0,6.2, None,2016-04-13 07:45:00,147.0,98.0,15
4.2, -1.0,0.0,6.3, 0.0,2016-04-13 08:00:00,136.0,98.0,15
4.7, None,0.0,7.3, None,2016-04-13 08:15:00,152.0,93.0,15
5.0, None,0.0,8.8, None,2016-04-13 08:30:00,161.0,91.0,15
5.0, None,0.0,6.4, None,2016-04-13 08:45:00,145.0,91.0,15
5.0, 0.0,0.0,6.3, 0.0,2016-04-13 09:00:00,155.0,92.0,15
5.4, None,0.0,6.8, None,2016-04-13 09:15:00,158.0,83.0,15
5.8, None,0.0,7.0, None,2016-04-13 09:30:00,129.0,81.0,15
7.1, None,0.0,8.0, None,2016-04-13 09:45:00,91.0,78.0,15
6.5, 0.0,0.0,8.9, 0.0,2016-04-13 10:00:00,107.0,73.0,15
6.6, None,0.0,8.6, None,2016-04-13 10:15:00,146.0,77.0,15
6.6, None,0.0,7.6, None,2016-04-13 10:30:00,124.0,76.0,15
8.6, None,0.0,8.4, None,2016-04-13 10:45:00,123.0,65.0,15
8.2, -1.0,0.0,11.4, 0.0,2016-04-13 11:00:00,93.0,64.0,15
8.8, None,0.0,7.4, None,2016-04-13 11:15:00,107.0,66.0,15
8.3, None,0.0,7.6, None,2016-04-13 11:30:00,89.0,66.0,15
7.3, None,0.0,11.5, None,2016-04-13 11:45:00,69.0,73.0,15
8.0, 0.0,0.0,9.6, 0.0,2016-04-13 12:00:00,78.0,67.0,15
7.5, None,0.0,13.2, None,2016-04-13 12:15:00,79.0,71.0,15
7.3, None,0.0,15.1, None,2016-04-13 12:30:00,83.0,71.0,15
7.3, None,0.0,14.0, None,2016-04-13 12:45:00,85.0,69.0,15
7.2, 0.0,0.0,11.9, 0.0,2016-04-13 13:00:00,99.0,70.0,15
7.1, None,0.0,12.2, None,2016-04-13 13:15:00,88.0,71.0,15
7.3, None,0.0,8.5, None,2016-04-13 13:30:00,78.0,72.0,15
7.2, None,0.0,13.1, None,2016-04-13 13:45:00,99.0,68.0,15
7.5, 0.0,0.0,12.2, 0.0,2016-04-13 14:00:00,65.0,69.0,15
7.5, None,0.0,14.7, None,2016-04-13 14:15:00,93.0,66.0,15
7.2, None,0.0,14.3, None,2016-04-13 14:30:00,68.0,69.0,15
7.2, None,0.0,12.3, None,2016-04-13 14:45:00,79.0,68.0,15
7.1, -1.0,0.0,15.0, 0.0,2016-04-13 15:00:00,68.0,67.0,15
7.0, None,0.0,11.2, None,2016-04-13 15:15:00,63.0,70.0,15
7.1, None,0.0,10.5, None,2016-04-13 15:30:00,65.0,71.0,15
6.8, None,0.0,15.2, None,2016-04-13 15:45:00,62.0,70.0,15
6.7, 1.0,0.0,14.0, 0.0,2016-04-13 16:00:00,67.0,71.0,15
6.6, None,0.0,10.7, None,2016-04-13 16:15:00,60.0,74.0,15
6.5, None,0.0,11.8, None,2016-04-13 16:30:00,52.0,77.0,15
6.6, None,0.0,7.7, None,2016-04-13 16:45:00,36.0,79.0,15
6.7, 1.0,0.0,8.6, 0.0,2016-04-13 17:00:00,68.0,79.0,15
6.5, None,0.0,9.2, None,2016-04-13 17:15:00,44.0,72.0,15
6.5, None,0.0,6.7, None,2016-04-13 17:30:00,196.0,74.0,15
6.3, None,0.0,7.7, None,2016-04-13 17:45:00,50.0,75.0,15
6.2, 0.0,0.0,7.1, 0.0,2016-04-13 18:00:00,75.0,77.0,15
6.0, None,0.0,7.6, None,2016-04-13 18:15:00,81.0,80.0,15
5.8, None,0.0,12.4, None,2016-04-13 18:30:00,81.0,80.0,15
5.6, None,0.0,10.4, None,2016-04-13 18:45:00,75.0,82.0,15
5.6, 0.0,0.0,10.4, 0.0,2016-04-13 19:00:00,73.0,81.0,15
5.5, None,0.0,8.1, None,2016-04-13 19:15:00,82.0,80.0,15
5.2, None,0.0,8.0, None,2016-04-13 19:30:00,69.0,82.0,15
5.5, None,0.0,10.8, None,2016-04-13 19:45:00,61.0,79.0,15
5.4, 0.0,0.0,10.6, 0.0,2016-04-13 20:00:00,70.0,82.0,15
5.2, None,0.0,7.8, None,2016-04-13 20:15:00,82.0,82.0,15
5.1, None,0.0,7.3, None,2016-04-13 20:30:00,77.0,83.0,15
5.0, None,0.0,7.1, None,2016-04-13 20:45:00,91.0,83.0,15
4.9, 0.0,0.0,8.1, 0.0,2016-04-13 21:00:00,86.0,84.0,15
4.8, None,0.0,9.6, None,2016-04-13 21:15:00,61.0,88.0,15
4.8, None,0.0,10.0, None,2016-04-13 21:30:00,60.0,89.0,15
5.0, None,0.0,10.5, None,2016-04-13 21:45:00,76.0,86.0,15
5.0, 0.0,0.0,11.2, 0.0,2016-04-13 22:00:00,65.0,85.0,15
5.1, None,0.0,11.8, None,2016-04-13 22:15:00,67.0,84.0,15
5.2, None,0.0,12.6, None,2016-04-13 22:30:00,63.0,83.0,15
5.2, None,0.0,10.8, None,2016-04-13 22:45:00,58.0,82.0,15
5.3, 0.0,0.0,13.1, 0.0,2016-04-13 23:00:00,47.0,83.0,15
5.3, None,0.0,10.9, None,2016-04-13 23:15:00,87.0,84.0,15
5.2, None,0.0,10.5, None,2016-04-13 23:30:00,61.0,87.0,15
5.0, None,0.0,10.1, None,2016-04-13 23:45:00,54.0,87.0,15
5.0, 0.0,0.0,13.6, 0.0,2016-04-14 00:00:00,54.0,86.0,15
5.0, None,0.0,10.8, None,2016-04-14 00:15:00,68.0,85.0,15
5.0, None,0.0,6.1, None,2016-04-14 00:30:00,76.0,86.0,15
5.0, None,0.0,4.6, None,2016-04-14 00:45:00,80.0,88.0,15
4.8, 0.0,0.26,2.8, 0.0,2016-04-14 01:00:00,59.0,91.0,15
4.4, None,0.25,5.5, None,2016-04-14 01:15:00,65.0,94.0,15
4.5, None,0.76,11.1, None,2016-04-14 01:30:00,68.0,88.0,15
4.2, None,0.76,7.7, None,2016-04-14 01:45:00,69.0,93.0,15
3.9, 2.0,0.51,6.6, 0.0,2016-04-14 02:00:00,71.0,95.0,15
3.9, None,0.26,7.1, None,2016-04-14 02:15:00,52.0,95.0,15
3.9, None,0.0,5.4, None,2016-04-14 02:30:00,336.0,93.0,15
3.8, None,0.0,4.0, None,2016-04-14 02:45:00,269.0,95.0,15
3.7, 1.0,0.0,0.2, 0.0,2016-04-14 03:00:00,339.0,97.0,15
3.6, None,0.0,3.2, None,2016-04-14 03:15:00,261.0,98.0,15
3.6, None,0.25,1.4, None,2016-04-14 03:30:00,194.0,99.0,15
3.6, None,0.0,0.3, None,2016-04-14 03:45:00,77.0,99.0,15
3.6, 0.0,0.25,0.7, 0.0,2016-04-14 04:00:00,80.0,99.0,15
3.6, None,1.27,4.7, None,2016-04-14 04:15:00,295.0,100.0,15
3.6, None,1.02,2.1, None,2016-04-14 04:30:00,303.0,100.0,15
3.6, None,1.02,3.0, None,2016-04-14 04:45:00,31.0,100.0,15
3.7, 4.0,1.01,3.5, 0.0,2016-04-14 05:00:00,33.0,100.0,15
3.9, None,0.0,11.0, None,2016-04-14 05:15:00,27.0,99.0,15
4.1, None,0.26,9.2, None,2016-04-14 05:30:00,30.0,97.0,15
4.0, None,0.0,7.9, None,2016-04-14 05:45:00,30.0,97.0,15
3.9, 0.0,0.0,7.0, 0.0,2016-04-14 06:00:00,5.0,98.0,15
3.9, None,0.0,5.0, None,2016-04-14 06:15:00,355.0,99.0,15
3.9, None,0.0,4.5, None,2016-04-14 06:30:00,231.0,99.0,15
3.9, None,0.0,5.7, None,2016-04-14 06:45:00,41.0,99.0,15
4.0, 0.0,0.0,6.7, 0.0,2016-04-14 07:00:00,68.0,98.0,15
4.0, None,0.0,10.0, None,2016-04-14 07:15:00,56.0,97.0,15
4.0, None,0.0,5.3, None,2016-04-14 07:30:00,67.0,97.0,15
4.1, None,0.0,4.2, None,2016-04-14 07:45:00,271.0,98.0,15
4.3, 0.0,0.0,7.3, 0.0,2016-04-14 08:00:00,3.0,97.0,15
4.4, None,0.0,10.3, None,2016-04-14 08:15:00,36.0,94.0,15
4.8, None,0.0,4.7, None,2016-04-14 08:30:00,35.0,93.0,15
5.2, None,0.0,5.6, None,2016-04-14 08:45:00,31.0,90.0,15
5.6, -1.0,0.0,5.1, 0.0,2016-04-14 09:00:00,105.0,86.0,15
6.0, None,0.0,6.8, None,2016-04-14 09:15:00,68.0,82.0,15
6.6, None,0.0,6.5, None,2016-04-14 09:30:00,336.0,78.0,15
6.8, None,0.0,8.2, None,2016-04-14 09:45:00,8.0,78.0,15
6.8, 0.0,0.0,8.0, 0.0,2016-04-14 10:00:00,33.0,73.0,15
6.9, None,0.0,6.0, None,2016-04-14 10:15:00,23.0,78.0,15
7.0, None,0.0,7.0, None,2016-04-14 10:30:00,359.0,75.0,15
7.1, None,0.0,7.1, None,2016-04-14 10:45:00,279.0,82.0,15
7.4, 0.0,0.0,7.8, 0.0,2016-04-14 11:00:00,8.0,74.0,15
7.7, None,0.0,5.9, None,2016-04-14 11:15:00,25.0,72.0,15
7.3, None,0.0,7.7, None,2016-04-14 11:30:00,20.0,76.0,15
7.5, None,0.0,6.7, None,2016-04-14 11:45:00,48.0,72.0,15
7.7, 0.0,0.0,6.3, 0.0,2016-04-14 12:00:00,93.0,73.0,15
8.1, None,0.0,5.3, None,2016-04-14 12:15:00,59.0,72.0,15
7.6, None,0.0,6.7, None,2016-04-14 12:30:00,77.0,74.0,15
7.5, None,0.0,6.9, None,2016-04-14 12:45:00,84.0,72.0,15
7.8, 0.0,0.0,5.4, 0.0,2016-04-14 13:00:00,65.0,73.0,15
7.9, None,0.0,6.7, None,2016-04-14 13:15:00,183.0,72.0,15
8.1, None,0.0,4.3, None,2016-04-14 13:30:00,120.0,72.0,15
8.6, None,0.0,4.6, None,2016-04-14 13:45:00,181.0,64.0,15
8.7, 0.0,0.0,4.8, 0.0,2016-04-14 14:00:00,198.0,67.0,15
9.0, None,0.0,4.4, None,2016-04-14 14:15:00,119.0,65.0,15
9.2, None,0.0,6.0, None,2016-04-14 14:30:00,131.0,63.0,15
9.6, None,0.0,7.4, None,2016-04-14 14:45:00,153.0,63.0,15
10.9, -1.0,0.0,6.6, 0.0,2016-04-14 15:00:00,201.0,57.0,15
10.7, None,0.0,8.3, None,2016-04-14 15:15:00,196.0,61.0,15
10.9, None,0.0,6.0, None,2016-04-14 15:30:00,259.0,60.0,15
10.8, None,0.0,8.7, None,2016-04-14 15:45:00,224.0,63.0,15
10.4, 0.0,0.0,12.4, 0.001,2016-04-14 16:00:00,222.0,68.0,15
9.3, None,0.0,13.9, None,2016-04-14 16:15:00,277.0,75.0,15
9.6, None,0.0,13.6, None,2016-04-14 16:30:00,276.0,73.0,15
10.0, None,0.0,13.1, None,2016-04-14 16:45:00,266.0,71.0,15
9.1, 0.0,0.0,13.5, 0.0,2016-04-14 17:00:00,255.0,73.0,15
9.0, None,0.0,8.9, None,2016-04-14 17:15:00,254.0,73.0,15
9.0, None,0.0,8.0, None,2016-04-14 17:30:00,249.0,72.0,15
8.7, None,0.0,7.2, None,2016-04-14 17:45:00,227.0,75.0,15
8.4, 1.0,0.0,7.9, 0.0,2016-04-14 18:00:00,270.0,74.0,15
8.4, None,0.0,7.3, None,2016-04-14 18:15:00,262.0,75.0,15
7.9, None,0.0,8.6, None,2016-04-14 18:30:00,232.0,76.0,15
7.8, None,0.0,4.4, None,2016-04-14 18:45:00,252.0,79.0,15
7.1, 0.0,0.0,6.7, 0.0,2016-04-14 19:00:00,275.0,79.0,15
6.8, None,0.0,8.3, None,2016-04-14 19:15:00,248.0,81.0,15
6.6, None,0.0,7.2, None,2016-04-14 19:30:00,275.0,81.0,15
5.9, None,0.0,4.9, None,2016-04-14 19:45:00,96.0,88.0,15
5.2, 1.0,0.0,3.6, 0.0,2016-04-14 20:00:00,27.0,90.0,15
4.6, None,0.0,5.3, None,2016-04-14 20:15:00,48.0,92.0,15
4.3, None,0.0,5.9, None,2016-04-14 20:30:00,51.0,90.0,15
3.7, None,0.0,5.5, None,2016-04-14 20:45:00,53.0,92.0,15
3.4, 0.0,0.0,4.7, 0.0,2016-04-14 21:00:00,45.0,94.0,15
3.7, None,0.0,6.6, None,2016-04-14 21:15:00,47.0,92.0,15
3.9, None,0.0,5.8, None,2016-04-14 21:30:00,50.0,91.0,15
3.6, None,0.0,4.9, None,2016-04-14 21:45:00,44.0,93.0,15
3.5, 0.0,0.0,6.7, 0.0,2016-04-14 22:00:00,40.0,91.0,15
3.3, None,0.0,6.6, None,2016-04-14 22:15:00,2.0,89.0,15
2.4, None,0.0,2.5, None,2016-04-14 22:30:00,43.0,93.0,15
2.3, None,0.0,3.3, None,2016-04-14 22:45:00,61.0,96.0,15
2.7, 0.0,0.0,5.4, 0.0,2016-04-14 23:00:00,19.0,96.0,15
2.4, None,0.0,1.1, None,2016-04-14 23:15:00,53.0,94.0,15
2.4, None,0.0,3.3, None,2016-04-14 23:30:00,10.0,97.0,15
2.8, None,0.0,4.8, None,2016-04-14 23:45:00,82.0,93.0,15
