station_observations
ONE_DAY_PRECIPITATION, pcpn_amt_pst1hr, snw_dpth_wtr_equiv, SWE, ONE_DAY_SNOW, time, air_temp_1, MIN_TEMP, snw_dpth, MAX_TEMP
None, 371.0, None, None, None, 2015-01-01 00:00:00, -4.4, None, 62.0, None
None, 371.0, None, None, None, 2015-01-01 01:00:00, -4.6, None, 62.0, None
None, 372.0, None, None, None, 2015-01-01 02:00:00, -4.8, None, 62.0, None
None, 372.0, None, None, None, 2015-01-01 03:00:00, -5.0, None, 62.0, None
None, 372.0, None, None, None, 2015-01-01 04:00:00, -5.0, None, 62.0, None
None, 372.0, None, None, None, 2015-01-01 05:00:00, -5.4, None, 63.0, None
None, 372.0, None, None, None, 2015-01-01 06:00:00, -5.8, None, 63.0, None
None, 372.0, None, None, None, 2015-01-01 07:00:00, -5.6, None, 63.0, None
None, 372.0, None, None, None, 2015-01-01 08:00:00, -6.0, None, 63.0, None
None, 373.0, None, None, None, 2015-01-01 09:00:00, -6.2, None, 63.0, None
None, 373.0, None, None, None, 2015-01-01 10:00:00, -6.6, None, 63.0, None
None, 373.0, None, None, None, 2015-01-01 11:00:00, -6.8, None, 63.0, None
None, 373.0, None, None, None, 2015-01-01 12:00:00, -6.5, None, 63.0, None
None, 373.0, None, None, None, 2015-01-01 13:00:00, -7.2, None, 63.0, None
None, 373.0, None, None, None, 2015-01-01 14:00:00, -7.1, None, 62.0, None
None, 374.0, None, None, None, 2015-01-01 15:00:00, -6.9, None, 62.0, None
None, 374.0, None, 285.0, None, 2015-01-01 16:00:00, -7.6, None, 63.0, None
None, 375.0, None, None, None, 2015-01-01 17:00:00, -7.7, None, 63.0, None
None, 376.0, None, None, None, 2015-01-01 18:00:00, -7.1, None, 64.0, None
None, 376.0, None, None, None, 2015-01-01 19:00:00, -7.0, None, 65.0, None
None, 378.0, None, None, None, 2015-01-01 20:00:00, -7.0, None, 66.0, None
None, 379.0, None, None, None, 2015-01-01 21:00:00, -7.0, None, 66.0, None
None, 380.0, None, None, None, 2015-01-01 22:00:00, -8.0, None, 66.0, None
None, 381.0, None, None, None, 2015-01-01 23:00:00, -8.4, None, 67.0, None
None, 381.0, None, None, None, 2015-01-02 00:00:00, -9.0, None, 68.0, None
None, 383.0, None, None, None, 2015-01-02 01:00:00, -10.0, None, 69.0, None
None, 383.0, None, None, None, 2015-01-02 02:00:00, -10.5, None, 70.0, None
None, 384.0, None, None, None, 2015-01-02 03:00:00, -11.4, None, 71.0, None
None, 385.0, None, None, None, 2015-01-02 04:00:00, -11.8, None, 72.0, None
None, 386.0, None, None, None, 2015-01-02 05:00:00, -12.5, None, 73.0, None
None, 386.0, None, None, None, 2015-01-02 06:00:00, -13.6, None, 74.0, None
None, 387.0, None, None, None, 2015-01-02 07:00:00, -15.0, None, 75.0, None
None, 387.0, None, None, None, 2015-01-02 08:00:00, -15.2, None, 76.0, None
None, 388.0, None, None, None, 2015-01-02 09:00:00, -15.9, None, 77.0, None
None, 389.0, None, None, None, 2015-01-02 10:00:00, -17.4, None, 78.0, None
None, 390.0, None, None, None, 2015-01-02 11:00:00, -18.2, None, 79.0, None
None, 391.0, None, None, None, 2015-01-02 12:00:00, -19.2, None, 79.0, None
None, 392.0, None, None, None, 2015-01-02 13:00:00, -19.9, None, 80.0, None
None, 392.0, None, None, None, 2015-01-02 14:00:00, -20.5, None, 81.0, None
None, 393.0, None, None, None, 2015-01-02 15:00:00, -20.9, None, 82.0, None
None, 393.0, None, 274.0, None, 2015-01-02 16:00:00, -21.2, None, 83.0, None
None, 393.0, None, None, None, 2015-01-02 17:00:00, -21.3, None, 84.0, None
None, 394.0, None, None, None, 2015-01-02 18:00:00, -21.4, None, 84.0, None
None, 394.0, None, None, None, 2015-01-02 19:00:00, -21.1, None, 84.0, None
None, 394.0, None, None, None, 2015-01-02 20:00:00, -21.5, None, 84.0, None
None, 394.0, None, None, None, 2015-01-02 21:00:00, -21.7, None, 84.0, None
None, 395.0, None, None, None, 2015-01-02 22:00:00, -22.2, None, 84.0, None
None, 395.0, None, None, None, 2015-01-02 23:00:00, -22.8, None, 84.0, None
None, 395.0, None, None, None, 2015-01-03 00:00:00, -23.9, None, 84.0, None
None, 395.0, None, None, None, 2015-01-03 01:00:00, -24.7, None, 84.0, None
None, 395.0, None, None, None, 2015-01-03 02:00:00, -24.7, None, 84.0, None
None, 395.0, None, None, None, 2015-01-03 03:00:00, -24.9, None, 84.0, None
None, 395.0, None, None, None, 2015-01-03 04:00:00, -25.0, None, 84.0, None
None, 395.0, None, None, None, 2015-01-03 05:00:00, -25.6, None, 84.0, None
None, 395.0, None, None, None, 2015-01-03 06:00:00, -26.2, None, 84.0, None
None, 395.0, None, None, None, 2015-01-03 07:00:00, -25.5, None, 84.0, None
None, 395.0, None, None, None, 2015-01-03 08:00:00, -25.4, None, 84.0, None
None, 395.0, None, None, None, 2015-01-03 09:00:00, -25.4, None, 84.0, None
None, 395.0, None, None, None, 2015-01-03 10:00:00, -27.2, None, 83.0, None
None, 395.0, None, None, None, 2015-01-03 11:00:00, -27.9, None, 83.0, None
None, 395.0, None, None, None, 2015-01-03 12:00:00, -27.6, None, 83.0, None
None, 396.0, None, None, None, 2015-01-03 13:00:00, -26.9, None, 83.0, None
None, 396.0, None, None, None, 2015-01-03 14:00:00, -26.7, None, 83.0, None
None, 396.0, None, None, None, 2015-01-03 15:00:00, -28.3, None, 83.0, None
None, 396.0, None, 278.0, None, 2015-01-03 16:00:00, -27.9, None, 83.0, None
None, 396.0, None, None, None, 2015-01-03 17:00:00, -28.4, None, 83.0, None
None, 396.0, None, None, None, 2015-01-03 18:00:00, -25.2, None, 83.0, None
None, 396.0, None, None, None, 2015-01-03 19:00:00, -21.7, None, 83.0, None
None, 395.0, None, None, None, 2015-01-03 20:00:00, -22.4, None, 82.0, None
None, 395.0, None, None, None, 2015-01-03 21:00:00, -18.8, None, 82.0, None
None, 395.0, None, None, None, 2015-01-03 22:00:00, -18.6, None, 81.0, None
None, 395.0, None, None, None, 2015-01-03 23:00:00, -23.3, None, 80.0, None
None, 396.0, None, None, None, 2015-01-04 00:00:00, -27.5, None, 79.0, None
None, 396.0, None, None, None, 2015-01-04 01:00:00, -28.0, None, 79.0, None
None, 396.0, None, None, None, 2015-01-04 02:00:00, -26.3, None, 79.0, None
None, 396.0, None, None, None, 2015-01-04 03:00:00, -26.8, None, 80.0, None
None, 396.0, None, None, None, 2015-01-04 04:00:00, -26.8, None, 81.0, None
None, 396.0, None, None, None, 2015-01-04 05:00:00, -27.0, None, 81.0, None
None, 396.0, None, None, None, 2015-01-04 06:00:00, -27.1, None, 82.0, None
None, 396.0, None, None, None, 2015-01-04 07:00:00, -26.8, None, 82.0, None
None, 396.0, None, None, None, 2015-01-04 08:00:00, -27.2, None, 82.0, None
None, 396.0, None, None, None, 2015-01-04 09:00:00, -26.7, None, 82.0, None
None, 396.0, None, None, None, 2015-01-04 10:00:00, -27.4, None, 82.0, None
None, 396.0, None, None, None, 2015-01-04 11:00:00, -26.6, None, 82.0, None
None, 396.0, None, None, None, 2015-01-04 12:00:00, -26.1, None, 81.0, None
None, 396.0, None, None, None, 2015-01-04 13:00:00, -25.6, None, 81.0, None
None, 396.0, None, None, None, 2015-01-04 14:00:00, -25.6, None, 81.0, None
None, 397.0, None, None, None, 2015-01-04 15:00:00, -23.6, None, 81.0, None
None, 397.0, None, 278.0, None, 2015-01-04 16:00:00, -23.8, None, 81.0, None
None, 396.0, None, None, None, 2015-01-04 17:00:00, -24.4, None, 81.0, None
None, 396.0, None, None, None, 2015-01-04 18:00:00, -21.3, None, 81.0, None
None, 396.0, None, None, None, 2015-01-04 19:00:00, -19.0, None, 81.0, None
None, 396.0, None, None, None, 2015-01-04 20:00:00, -19.7, None, 80.0, None
None, 396.0, None, None, None, 2015-01-04 21:00:00, -21.0, None, 80.0, None
None, 396.0, None, None, None, 2015-01-04 22:00:00, -20.8, None, 80.0, None
None, 396.0, None, None, None, 2015-01-04 23:00:00, -21.4, None, 80.0, None
None, 396.0, None, None, None, 2015-01-05 00:00:00, -21.6, None, 80.0, None
None, 396.0, None, None, None, 2015-01-05 01:00:00, -20.1, None, 80.0, None
None, 396.0, None, None, None, 2015-01-05 02:00:00, -21.1, None, 80.0, None
None, 396.0, None, None, None, 2015-01-05 03:00:00, -21.8, None, 80.0, None
None, 396.0, None, None, None, 2015-01-05 04:00:00, -22.4, None, 80.0, None
None, 396.0, None, None, None, 2015-01-05 05:00:00, -21.7, None, 80.0, None
None, 396.0, None, None, None, 2015-01-05 06:00:00, -22.7, None, 80.0, None
None, 396.0, None, None, None, 2015-01-05 07:00:00, -22.3, None, 80.0, None
None, 397.0, None, None, None, 2015-01-05 08:00:00, -21.2, None, 80.0, None
None, 396.0, None, None, None, 2015-01-05 09:00:00, -21.7, None, 80.0, None
None, 396.0, None, None, None, 2015-01-05 10:00:00, -22.8, None, 79.0, None
None, 397.0, None, None, None, 2015-01-05 11:00:00, -21.3, None, 79.0, None
None, 396.0, None, None, None, 2015-01-05 12:00:00, -22.0, None, 79.0, None
None, 396.0, None, None, None, 2015-01-05 13:00:00, -22.0, None, 79.0, None
None, 397.0, None, None, None, 2015-01-05 14:00:00, -20.4, None, 79.0, None
None, 396.0, None, None, None, 2015-01-05 15:00:00, -21.6, None, 79.0, None
None, 396.0, None, 274.0, None, 2015-01-05 16:00:00, -19.6, None, 79.0, None
None, 397.0, None, None, None, 2015-01-05 17:00:00, -21.8, None, 79.0, None
None, 396.0, None, None, None, 2015-01-05 18:00:00, -18.2, None, 79.0, None
None, 396.0, None, None, None, 2015-01-05 19:00:00, -15.6, None, 79.0, None
None, 205.0, None, None, None, 2015-01-05 20:00:00, -16.3, None, 78.0, None
None, 236.0, None, None, None, 2015-01-05 21:00:00, -16.6, None, 78.0, None
None, 236.0, None, None, None, 2015-01-05 22:00:00, -17.8, None, 78.0, None
None, 236.0, None, None, None, 2015-01-05 23:00:00, -19.5, None, 78.0, None
None, 236.0, None, None, None, 2015-01-06 00:00:00, -18.8, None, 78.0, None
None, 236.0, None, None, None, 2015-01-06 01:00:00, -17.8, None, 78.0, None
None, 236.0, None, None, None, 2015-01-06 02:00:00, -18.2, None, 78.0, None
None, 236.0, None, None, None, 2015-01-06 03:00:00, -17.8, None, 78.0, None
None, 236.0, None, None, None, 2015-01-06 04:00:00, -17.6, None, 78.0, None
None, 236.0, None, None, None, 2015-01-06 05:00:00, -17.3, None, 78.0, None
None, 236.0, None, None, None, 2015-01-06 06:00:00, -16.7, None, 78.0, None
None, 236.0, None, None, None, 2015-01-06 07:00:00, -17.0, None, 78.0, None
None, 236.0, None, None, None, 2015-01-06 08:00:00, -16.6, None, 78.0, None
None, 236.0, None, None, None, 2015-01-06 09:00:00, -16.9, None, 78.0, None
None, 236.0, None, None, None, 2015-01-06 10:00:00, -17.1, None, 78.0, None
None, 236.0, None, None, None, 2015-01-06 11:00:00, -17.1, None, 78.0, None
None, 237.0, None, None, None, 2015-01-06 12:00:00, -17.1, None, 78.0, None
None, 237.0, None, None, None, 2015-01-06 13:00:00, -17.0, None, 78.0, None
None, 237.0, None, None, None, 2015-01-06 14:00:00, -16.9, None, 78.0, None
None, 238.0, None, None, None, 2015-01-06 15:00:00, -16.9, None, 78.0, None
None, 238.0, None, 267.0, None, 2015-01-06 16:00:00, -16.8, None, 78.0, None
None, 238.0, None, None, None, 2015-01-06 17:00:00, -17.0, None, 78.0, None
None, 238.0, None, None, None, 2015-01-06 18:00:00, -16.8, None, 78.0, None
None, 238.0, None, None, None, 2015-01-06 19:00:00, -16.2, None, 78.0, None
None, 238.0, None, None, None, 2015-01-06 20:00:00, -15.8, None, 78.0, None
None, 238.0, None, None, None, 2015-01-06 21:00:00, -15.5, None, 78.0, None
None, 239.0, None, None, None, 2015-01-06 22:00:00, -15.4, None, 78.0, None
None, 239.0, None, None, None, 2015-01-06 23:00:00, -15.4, None, 78.0, None
None, 239.0, None, None, None, 2015-01-07 00:00:00, -15.4, None, 78.0, None
None, 239.0, None, None, None, 2015-01-07 01:00:00, -14.9, None, 78.0, None
None, 239.0, None, None, None, 2015-01-07 02:00:00, -15.0, None, 78.0, None
None, 239.0, None, None, None, 2015-01-07 03:00:00, -14.3, None, 79.0, None
None, 239.0, None, None, None, 2015-01-07 04:00:00, -13.6, None, 79.0, None
None, 239.0, None, None, None, 2015-01-07 05:00:00, -13.4, None, 78.0, None
None, 239.0, None, None, None, 2015-01-07 06:00:00, -12.9, None, 79.0, None
None, 239.0, None, None, None, 2015-01-07 07:00:00, -13.2, None, 79.0, None
None, 240.0, None, None, None, 2015-01-07 08:00:00, -12.1, None, 79.0, None
None, 240.0, None, None, None, 2015-01-07 09:00:00, -11.4, None, 79.0, None
None, 241.0, None, None, None, 2015-01-07 10:00:00, -10.8, None, 79.0, None
None, 242.0, None, None, None, 2015-01-07 11:00:00, -10.7, None, 79.0, None
None, 242.0, None, None, None, 2015-01-07 12:00:00, -10.1, None, 79.0, None
None, 243.0, None, None, None, 2015-01-07 13:00:00, -10.1, None, 80.0, None
None, 243.0, None, None, None, 2015-01-07 14:00:00, -10.1, None, 80.0, None
None, 243.0, None, None, None, 2015-01-07 15:00:00, -10.3, None, 80.0, None
None, 244.0, None, 262.0, None, 2015-01-07 16:00:00, -10.1, None, 81.0, None
None, 245.0, None, None, None, 2015-01-07 17:00:00, -10.2, None, 81.0, None
None, 247.0, None, None, None, 2015-01-07 18:00:00, -9.9, None, 82.0, None
None, 248.0, None, None, None, 2015-01-07 19:00:00, -10.3, None, 82.0, None
None, 249.0, None, None, None, 2015-01-07 20:00:00, -10.5, None, 82.0, None
None, 250.0, None, None, None, 2015-01-07 21:00:00, -11.5, None, 83.0, None
None, 250.0, None, None, None, 2015-01-07 22:00:00, -11.5, None, 84.0, None
None, 251.0, None, None, None, 2015-01-07 23:00:00, -12.9, None, 84.0, None
None, 251.0, None, None, None, 2015-01-08 00:00:00, -13.4, None, 85.0, None
None, 251.0, None, None, None, 2015-01-08 01:00:00, -13.5, None, 86.0, None
None, 251.0, None, None, None, 2015-01-08 02:00:00, -14.5, None, 86.0, None
None, 252.0, None, None, None, 2015-01-08 03:00:00, -14.7, None, 87.0, None
None, 252.0, None, None, None, 2015-01-08 04:00:00, -15.6, None, 87.0, None
None, 252.0, None, None, None, 2015-01-08 05:00:00, -16.3, None, 88.0, None
None, 252.0, None, None, None, 2015-01-08 06:00:00, -17.1, None, 88.0, None
None, 252.0, None, None, None, 2015-01-08 07:00:00, -16.9, None, 88.0, None
None, 252.0, None, None, None, 2015-01-08 08:00:00, -18.0, None, 89.0, None
None, 252.0, None, None, None, 2015-01-08 09:00:00, -18.6, None, 89.0, None
None, 252.0, None, None, None, 2015-01-08 10:00:00, -18.2, None, 89.0, None
None, 252.0, None, None, None, 2015-01-08 11:00:00, -17.7, None, 90.0, None
None, 252.0, None, None, None, 2015-01-08 12:00:00, -18.3, None, 90.0, None
None, 252.0, None, None, None, 2015-01-08 13:00:00, -16.7, None, 90.0, None
None, 252.0, None, None, None, 2015-01-08 14:00:00, -18.0, None, 90.0, None
None, 252.0, None, None, None, 2015-01-08 15:00:00, -17.2, None, 91.0, None
None, 252.0, None, 262.0, None, 2015-01-08 16:00:00, -17.3, None, 91.0, None
None, 252.0, None, None, None, 2015-01-08 17:00:00, -17.2, None, 91.0, None
None, 252.0, None, None, None, 2015-01-08 18:00:00, -15.1, None, 91.0, None
None, 252.0, None, None, None, 2015-01-08 19:00:00, -13.6, None, 90.0, None
None, 252.0, None, None, None, 2015-01-08 20:00:00, -13.7, None, 90.0, None
None, 252.0, None, None, None, 2015-01-08 21:00:00, -12.4, None, 90.0, None
None, 252.0, None, None, None, 2015-01-08 22:00:00, -13.2, None, 90.0, None
None, 252.0, None, None, None, 2015-01-08 23:00:00, -14.6, None, 90.0, None
None, 252.0, None, None, None, 2015-01-09 00:00:00, -14.1, None, 90.0, None
None, 252.0, None, None, None, 2015-01-09 01:00:00, -13.6, None, 90.0, None
None, 252.0, None, None, None, 2015-01-09 02:00:00, -13.9, None, 90.0, None
None, 252.0, None, None, None, 2015-01-09 03:00:00, -13.0, None, 90.0, None
None, 252.0, None, None, None, 2015-01-09 04:00:00, -12.3, None, 90.0, None
None, 252.0, None, None, None, 2015-01-09 05:00:00, -11.8, None, 90.0, None
None, 252.0, None, None, None, 2015-01-09 06:00:00, -11.4, None, 90.0, None
None, 252.0, None, None, None, 2015-01-09 07:00:00, -11.1, None, 90.0, None
None, 252.0, None, None, None, 2015-01-09 08:00:00, -10.3, None, 90.0, None
None, 252.0, None, None, None, 2015-01-09 09:00:00, -10.6, None, 90.0, None
None, 252.0, None, None, None, 2015-01-09 10:00:00, -11.4, None, 90.0, None
None, 252.0, None, None, None, 2015-01-09 11:00:00, -11.2, None, 90.0, None
None, 252.0, None, None, None, 2015-01-09 12:00:00, -10.4, None, 89.0, None
None, 252.0, None, None, None, 2015-01-09 13:00:00, -11.2, None, 89.0, None
None, 252.0, None, None, None, 2015-01-09 14:00:00, -10.6, None, 89.0, None
None, 252.0, None, None, None, 2015-01-09 15:00:00, -11.3, None, 89.0, None
None, 252.0, None, 259.0, None, 2015-01-09 16:00:00, -10.5, None, 89.0, None
None, 252.0, None, None, None, 2015-01-09 17:00:00, -10.2, None, 89.0, None
None, 252.0, None, None, None, 2015-01-09 18:00:00, -8.2, None, 89.0, None
None, 252.0, None, None, None, 2015-01-09 19:00:00, -8.8, None, 89.0, None
None, 252.0, None, None, None, 2015-01-09 20:00:00, -7.8, None, 89.0, None
None, 252.0, None, None, None, 2015-01-09 21:00:00, -7.2, None, 88.0, None
None, 252.0, None, None, None, 2015-01-09 22:00:00, -8.7, None, 88.0, None
None, 252.0, None, None, None, 2015-01-09 23:00:00, -9.5, None, 88.0, None
None, 252.0, None, None, None, 2015-01-10 00:00:00, -9.3, None, 88.0, None
None, 252.0, None, None, None, 2015-01-10 01:00:00, -9.5, None, 88.0, None
None, 252.0, None, None, None, 2015-01-10 02:00:00, -8.7, None, 88.0, None
None, 252.0, None, None, None, 2015-01-10 03:00:00, -9.4, None, 88.0, None
None, 252.0, None, None, None, 2015-01-10 04:00:00, -9.2, None, 88.0, None
None, 252.0, None, None, None, 2015-01-10 05:00:00, -10.0, None, 88.0, None
None, 252.0, None, None, None, 2015-01-10 06:00:00, -10.3, None, 88.0, None
None, 252.0, None, None, None, 2015-01-10 07:00:00, -10.3, None, 88.0, None
None, 252.0, None, None, None, 2015-01-10 08:00:00, -10.2, None, 87.0, None
None, 252.0, None, None, None, 2015-01-10 09:00:00, -10.5, None, 87.0, None
None, 253.0, None, None, None, 2015-01-10 10:00:00, -10.6, None, 87.0, None
None, 253.0, None, None, None, 2015-01-10 11:00:00, -10.2, None, 87.0, None
None, 253.0, None, None, None, 2015-01-10 12:00:00, -10.5, None, 87.0, None
None, 253.0, None, None, None, 2015-01-10 13:00:00, -10.5, None, 87.0, None
None, 253.0, None, None, None, 2015-01-10 14:00:00, -11.4, None, 87.0, None
None, 253.0, None, None, None, 2015-01-10 15:00:00, -11.0, None, 88.0, None
None, 253.0, None, 255.0, None, 2015-01-10 16:00:00, -10.8, None, 88.0, None
None, 253.0, None, None, None, 2015-01-10 17:00:00, -10.4, None, 88.0, None
None, 253.0, None, None, None, 2015-01-10 18:00:00, -10.2, None, 88.0, None
None, 253.0, None, None, None, 2015-01-10 19:00:00, -9.1, None, 88.0, None
None, 253.0, None, None, None, 2015-01-10 20:00:00, -8.7, None, 88.0, None
None, 253.0, None, None, None, 2015-01-10 21:00:00, -7.7, None, 88.0, None
None, 253.0, None, None, None, 2015-01-10 22:00:00, -8.7, None, 88.0, None
None, 253.0, None, None, None, 2015-01-10 23:00:00, -8.2, None, 88.0, None
None, 253.0, None, None, None, 2015-01-11 00:00:00, -8.0, None, 88.0, None
None, 253.0, None, None, None, 2015-01-11 01:00:00, -8.5, None, 88.0, None
None, 253.0, None, None, None, 2015-01-11 02:00:00, -7.6, None, 88.0, None
None, 253.0, None, None, None, 2015-01-11 03:00:00, -7.4, None, 88.0, None
None, 253.0, None, None, None, 2015-01-11 04:00:00, -7.9, None, 88.0, None
None, 253.0, None, None, None, 2015-01-11 05:00:00, -7.8, None, 88.0, None
None, 253.0, None, None, None, 2015-01-11 06:00:00, -7.7, None, 88.0, None
None, 253.0, None, None, None, 2015-01-11 07:00:00, -8.2, None, 88.0, None
None, 253.0, None, None, None, 2015-01-11 08:00:00, -8.0, None, 88.0, None
None, 253.0, None, None, None, 2015-01-11 09:00:00, -7.6, None, 88.0, None
None, 253.0, None, None, None, 2015-01-11 10:00:00, -7.5, None, 88.0, None
None, 253.0, None, None, None, 2015-01-11 11:00:00, -7.3, None, 88.0, None
None, 253.0, None, None, None, 2015-01-11 12:00:00, -6.9, None, 88.0, None
None, 253.0, None, None, None, 2015-01-11 13:00:00, -7.0, None, 87.0, None
None, 253.0, None, None, None, 2015-01-11 14:00:00, -7.0, None, 87.0, None
None, 253.0, None, None, None, 2015-01-11 15:00:00, -7.0, None, 87.0, None
None, 253.0, None, 255.0, None, 2015-01-11 16:00:00, -6.9, None, 87.0, None
None, 253.0, None, None, None, 2015-01-11 17:00:00, -6.7, None, 88.0, None
None, 253.0, None, None, None, 2015-01-11 18:00:00, -6.4, None, 88.0, None
None, 253.0, None, None, None, 2015-01-11 19:00:00, -6.0, None, 88.0, None
None, 253.0, None, None, None, 2015-01-11 20:00:00, -5.8, None, 88.0, None
None, 253.0, None, None, None, 2015-01-11 21:00:00, -5.6, None, 88.0, None
None, 253.0, None, None, None, 2015-01-11 22:00:00, -6.4, None, 88.0, None
None, 253.0, None, None, None, 2015-01-11 23:00:00, -6.5, None, 88.0, None
None, 253.0, None, None, None, 2015-01-12 00:00:00, -6.9, None, 87.0, None
None, 254.0, None, None, None, 2015-01-12 01:00:00, -7.0, None, 88.0, None
None, 254.0, None, None, None, 2015-01-12 02:00:00, -7.2, None, 88.0, None
None, 254.0, None, None, None, 2015-01-12 03:00:00, -7.1, None, 88.0, None
None, 254.0, None, None, None, 2015-01-12 04:00:00, -7.3, None, 87.0, None
None, 254.0, None, None, None, 2015-01-12 05:00:00, -7.2, None, 87.0, None
None, 254.0, None, None, None, 2015-01-12 06:00:00, -7.4, None, 87.0, None
None, 254.0, None, None, None, 2015-01-12 07:00:00, -7.5, None, 87.0, None
None, 254.0, None, None, None, 2015-01-12 08:00:00, -7.7, None, 87.0, None
None, 254.0, None, None, None, 2015-01-12 09:00:00, -7.8, None, 87.0, None
None, 254.0, None, None, None, 2015-01-12 10:00:00, -7.8, None, 87.0, None
None, 254.0, None, None, None, 2015-01-12 11:00:00, -7.8, None, 87.0, None
None, 254.0, None, None, None, 2015-01-12 12:00:00, -8.0, None, 87.0, None
None, 254.0, None, None, None, 2015-01-12 13:00:00, -8.1, None, 87.0, None
None, 254.0, None, None, None, 2015-01-12 14:00:00, -8.3, None, 87.0, None
None, 254.0, None, None, None, 2015-01-12 15:00:00, -8.3, None, 86.0, None
None, 254.0, None, 262.0, None, 2015-01-12 16:00:00, -8.4, None, 86.0, None
None, 254.0, None, None, None, 2015-01-12 17:00:00, -8.3, None, 87.0, None
None, 254.0, None, None, None, 2015-01-12 18:00:00, -7.8, None, 86.0, None
None, 254.0, None, None, None, 2015-01-12 19:00:00, -7.5, None, 86.0, None
None, 254.0, None, None, None, 2015-01-12 20:00:00, -7.6, None, 86.0, None
None, 254.0, None, None, None, 2015-01-12 21:00:00, -7.3, None, 86.0, None
None, 254.0, None, None, None, 2015-01-12 22:00:00, -7.9, None, 86.0, None
None, 254.0, None, None, None, 2015-01-12 23:00:00, -8.1, None, 86.0, None
None, 255.0, None, None, None, 2015-01-13 00:00:00, -8.4, None, 86.0, None
None, 256.0, None, None, None, 2015-01-13 01:00:00, -8.5, None, 86.0, None
None, 256.0, None, None, None, 2015-01-13 02:00:00, -8.5, None, 86.0, None
None, 256.0, None, None, None, 2015-01-13 03:00:00, -8.6, None, 86.0, None
None, 256.0, None, None, None, 2015-01-13 04:00:00, -8.3, None, 86.0, None
None, 257.0, None, None, None, 2015-01-13 05:00:00, -8.1, None, 86.0, None
None, 257.0, None, None, None, 2015-01-13 06:00:00, -7.8, None, 86.0, None
None, 258.0, None, None, None, 2015-01-13 07:00:00, -7.6, None, 86.0, None
None, 258.0, None, None, None, 2015-01-13 08:00:00, -7.4, None, 87.0, None
None, 259.0, None, None, None, 2015-01-13 09:00:00, -7.7, None, 87.0, None
None, 259.0, None, None, None, 2015-01-13 10:00:00, -7.3, None, 87.0, None
None, 259.0, None, None, None, 2015-01-13 11:00:00, -7.6, None, 87.0, None
None, 259.0, None, None, None, 2015-01-13 12:00:00, -7.2, None, 87.0, None
None, 259.0, None, None, None, 2015-01-13 13:00:00, -6.7, None, 87.0, None
None, 260.0, None, None, None, 2015-01-13 14:00:00, -6.1, None, 87.0, None
None, 260.0, None, None, None, 2015-01-13 15:00:00, -5.8, None, 88.0, None
None, 260.0, None, 262.0, None, 2015-01-13 16:00:00, -5.0, None, 88.0, None
None, 260.0, None, None, None, 2015-01-13 17:00:00, -5.2, None, 88.0, None
None, 260.0, None, None, None, 2015-01-13 18:00:00, -4.8, None, 88.0, None
None, 260.0, None, None, None, 2015-01-13 19:00:00, -4.3, None, 88.0, None
None, 260.0, None, None, None, 2015-01-13 20:00:00, -3.6, None, 89.0, None
None, 260.0, None, None, None, 2015-01-13 21:00:00, -2.5, None, 89.0, None
None, 260.0, None, None, None, 2015-01-13 22:00:00, -2.1, None, 89.0, None
None, 260.0, None, None, None, 2015-01-13 23:00:00, -2.8, None, 89.0, None
None, 260.0, None, None, None, 2015-01-14 00:00:00, -3.2, None, 89.0, None
None, 260.0, None, None, None, 2015-01-14 01:00:00, -3.0, None, 89.0, None
None, 260.0, None, None, None, 2015-01-14 02:00:00, -3.0, None, 89.0, None
None, 260.0, None, None, None, 2015-01-14 03:00:00, -3.1, None, 89.0, None
None, 260.0, None, None, None, 2015-01-14 04:00:00, -3.2, None, 89.0, None
None, 260.0, None, None, None, 2015-01-14 05:00:00, -2.4, None, 89.0, None
None, 260.0, None, None, None, 2015-01-14 06:00:00, -3.1, None, 89.0, None
None, 260.0, None, None, None, 2015-01-14 07:00:00, -3.3, None, 88.0, None
None, 260.0, None, None, None, 2015-01-14 08:00:00, -3.2, None, 88.0, None
None, 260.0, None, None, None, 2015-01-14 09:00:00, -3.7, None, 88.0, None
None, 260.0, None, None, None, 2015-01-14 10:00:00, -3.6, None, 88.0, None
None, 260.0, None, None, None, 2015-01-14 11:00:00, -3.7, None, 88.0, None
None, 260.0, None, None, None, 2015-01-14 12:00:00, -3.7, None, 88.0, None
None, 260.0, None, None, None, 2015-01-14 13:00:00, -2.9, None, 88.0, None
None, 260.0, None, None, None, 2015-01-14 14:00:00, -2.6, None, 88.0, None
None, 260.0, None, None, None, 2015-01-14 15:00:00, -3.0, None, 88.0, None
None, 260.0, None, 262.0, None, 2015-01-14 16:00:00, -2.9, None, 88.0, None
None, 260.0, None, None, None, 2015-01-14 17:00:00, -3.5, None, 88.0, None
None, 260.0, None, None, None, 2015-01-14 18:00:00, -2.6, None, 88.0, None
None, 260.0, None, None, None, 2015-01-14 19:00:00, -2.2, None, 88.0, None
None, 260.0, None, None, None, 2015-01-14 20:00:00, -1.6, None, 88.0, None
None, 260.0, None, None, None, 2015-01-14 21:00:00, -1.8, None, 88.0, None
None, 260.0, None, None, None, 2015-01-14 22:00:00, -1.9, None, 87.0, None
None, 260.0, None, None, None, 2015-01-14 23:00:00, -2.8, None, 87.0, None
None, 260.0, None, None, None, 2015-01-15 00:00:00, -3.6, None, 87.0, None
None, 260.0, None, None, None, 2015-01-15 01:00:00, -3.9, None, 87.0, None
None, 260.0, None, None, None, 2015-01-15 02:00:00, -4.0, None, 88.0, None
None, 260.0, None, None, None, 2015-01-15 03:00:00, -4.3, None, 88.0, None
None, 260.0, None, None, None, 2015-01-15 04:00:00, -4.1, None, 88.0, None
None, 260.0, None, None, None, 2015-01-15 05:00:00, -4.2, None, 88.0, None
None, 260.0, None, None, None, 2015-01-15 06:00:00, -4.0, None, 87.0, None
None, 260.0, None, None, None, 2015-01-15 07:00:00, -3.9, None, 87.0, None
None, 260.0, None, None, None, 2015-01-15 08:00:00, -4.1, None, 87.0, None
None, 260.0, None, None, None, 2015-01-15 09:00:00, -4.4, None, 87.0, None
None, 260.0, None, None, None, 2015-01-15 10:00:00, -4.4, None, 87.0, None
None, 260.0, None, None, None, 2015-01-15 11:00:00, -4.8, None, 87.0, None
None, 260.0, None, None, None, 2015-01-15 12:00:00, -4.8, None, 87.0, None
None, 260.0, None, None, None, 2015-01-15 13:00:00, -5.0, None, 87.0, None
None, 260.0, None, None, None, 2015-01-15 14:00:00, -6.3, None, 87.0, None
None, 260.0, None, None, None, 2015-01-15 15:00:00, -4.4, None, 87.0, None
None, 260.0, None, 262.0, None, 2015-01-15 16:00:00, -4.5, None, 87.0, None
None, 260.0, None, None, None, 2015-01-15 17:00:00, -4.3, None, 87.0, None
None, 260.0, None, None, None, 2015-01-15 18:00:00, -3.8, None, 87.0, None
None, 261.0, None, None, None, 2015-01-15 19:00:00, -4.0, None, 87.0, None
None, 262.0, None, None, None, 2015-01-15 20:00:00, -4.0, None, 87.0, None
None, 262.0, None, None, None, 2015-01-15 21:00:00, -4.0, None, 87.0, None
None, 263.0, None, None, None, 2015-01-15 22:00:00, -3.8, None, 87.0, None
None, 263.0, None, None, None, 2015-01-15 23:00:00, -3.8, None, 87.0, None
None, 263.0, None, None, None, 2015-01-16 00:00:00, -3.5, None, 87.0, None
None, 263.0, None, None, None, 2015-01-16 01:00:00, -3.3, None, 87.0, None
None, 263.0, None, None, None, 2015-01-16 02:00:00, -3.1, None, 87.0, None
None, 263.0, None, None, None, 2015-01-16 03:00:00, -3.7, None, 87.0, None
None, 263.0, None, None, None, 2015-01-16 04:00:00, -4.1, None, 87.0, None
None, 263.0, None, None, None, 2015-01-16 05:00:00, -4.2, None, 87.0, None
None, 263.0, None, None, None, 2015-01-16 06:00:00, -4.1, None, 87.0, None
None, 263.0, None, None, None, 2015-01-16 07:00:00, -5.5, None, 87.0, None
None, 263.0, None, None, None, 2015-01-16 08:00:00, -5.1, None, 87.0, None
None, 263.0, None, None, None, 2015-01-16 09:00:00, -5.6, None, 87.0, None
None, 263.0, None, None, None, 2015-01-16 10:00:00, -5.6, None, 87.0, None
None, 263.0, None, None, None, 2015-01-16 11:00:00, -5.4, None, 87.0, None
None, 263.0, None, None, None, 2015-01-16 12:00:00, -5.3, None, 87.0, None
None, 263.0, None, None, None, 2015-01-16 13:00:00, -5.6, None, 87.0, None
None, 263.0, None, None, None, 2015-01-16 14:00:00, -6.6, None, 87.0, None
None, 263.0, None, None, None, 2015-01-16 15:00:00, -6.2, None, 87.0, None
None, 263.0, None, 266.0, None, 2015-01-16 16:00:00, -6.1, None, 87.0, None
None, 263.0, None, None, None, 2015-01-16 17:00:00, -6.6, None, 87.0, None
None, 263.0, None, None, None, 2015-01-16 18:00:00, -5.8, None, 87.0, None
None, 263.0, None, None, None, 2015-01-16 19:00:00, -4.1, None, 87.0, None
None, 263.0, None, None, None, 2015-01-16 20:00:00, -3.3, None, 87.0, None
None, 263.0, None, None, None, 2015-01-16 21:00:00, -5.3, None, 87.0, None
None, 263.0, None, None, None, 2015-01-16 22:00:00, -5.2, None, 87.0, None
None, 263.0, None, None, None, 2015-01-16 23:00:00, -5.5, None, 87.0, None
None, 263.0, None, None, None, 2015-01-17 00:00:00, -5.6, None, 87.0, None
None, 263.0, None, None, None, 2015-01-17 01:00:00, -5.6, None, 87.0, None
None, 263.0, None, None, None, 2015-01-17 02:00:00, -5.1, None, 87.0, None
None, 263.0, None, None, None, 2015-01-17 03:00:00, -5.4, None, 86.0, None
None, 263.0, None, None, None, 2015-01-17 04:00:00, -5.3, None, 87.0, None
None, 263.0, None, None, None, 2015-01-17 05:00:00, -5.2, None, 87.0, None
None, 263.0, None, None, None, 2015-01-17 06:00:00, -6.2, None, 86.0, None
None, 263.0, None, None, None, 2015-01-17 07:00:00, -5.9, None, 86.0, None
None, 263.0, None, None, None, 2015-01-17 08:00:00, -6.4, None, 86.0, None
None, 263.0, None, None, None, 2015-01-17 09:00:00, -5.6, None, 86.0, None
None, 263.0, None, None, None, 2015-01-17 10:00:00, -6.6, None, 86.0, None
None, 263.0, None, None, None, 2015-01-17 11:00:00, -7.0, None, 86.0, None
None, 263.0, None, None, None, 2015-01-17 12:00:00, -6.6, None, 86.0, None
None, 263.0, None, None, None, 2015-01-17 13:00:00, -6.1, None, 86.0, None
None, 263.0, None, None, None, 2015-01-17 14:00:00, -6.5, None, 86.0, None
None, 263.0, None, None, None, 2015-01-17 15:00:00, -7.0, None, 86.0, None
None, 264.0, None, 266.0, None, 2015-01-17 16:00:00, -6.7, None, 86.0, None
None, 264.0, None, None, None, 2015-01-17 17:00:00, -6.5, None, 86.0, None
None, 264.0, None, None, None, 2015-01-17 18:00:00, -6.2, None, 86.0, None
None, 264.0, None, None, None, 2015-01-17 19:00:00, -5.5, None, 86.0, None
None, 265.0, None, None, None, 2015-01-17 20:00:00, -5.3, None, 87.0, None
None, 265.0, None, None, None, 2015-01-17 21:00:00, -5.1, None, 87.0, None
None, 265.0, None, None, None, 2015-01-17 22:00:00, -5.4, None, 87.0, None
None, 265.0, None, None, None, 2015-01-17 23:00:00, -5.5, None, 87.0, None
None, 265.0, None, None, None, 2015-01-18 00:00:00, -7.3, None, 87.0, None
None, 265.0, None, None, None, 2015-01-18 01:00:00, -7.5, None, 87.0, None
None, 265.0, None, None, None, 2015-01-18 02:00:00, -6.6, None, 87.0, None
None, 265.0, None, None, None, 2015-01-18 03:00:00, -6.5, None, 87.0, None
None, 265.0, None, None, None, 2015-01-18 04:00:00, -6.2, None, 87.0, None
None, 265.0, None, None, None, 2015-01-18 05:00:00, -6.1, None, 87.0, None
None, 265.0, None, None, None, 2015-01-18 06:00:00, -5.8, None, 87.0, None
None, 265.0, None, None, None, 2015-01-18 07:00:00, -5.8, None, 87.0, None
None, 265.0, None, None, None, 2015-01-18 08:00:00, -6.0, None, 87.0, None
None, 265.0, None, None, None, 2015-01-18 09:00:00, -5.9, None, 87.0, None
None, 265.0, None, None, None, 2015-01-18 10:00:00, -6.2, None, 87.0, None
None, 265.0, None, None, None, 2015-01-18 11:00:00, -7.6, None, 87.0, None
None, 265.0, None, None, None, 2015-01-18 12:00:00, -6.8, None, 87.0, None
None, 265.0, None, None, None, 2015-01-18 13:00:00, -6.0, None, 87.0, None
None, 265.0, None, None, None, 2015-01-18 14:00:00, -6.1, None, 87.0, None
None, 265.0, None, None, None, 2015-01-18 15:00:00, -6.4, None, 87.0, None
None, 265.0, None, 266.0, None, 2015-01-18 16:00:00, -6.4, None, 87.0, None
None, 265.0, None, None, None, 2015-01-18 17:00:00, -6.4, None, 87.0, None
None, 265.0, None, None, None, 2015-01-18 18:00:00, -5.7, None, 87.0, None
None, 265.0, None, None, None, 2015-01-18 19:00:00, -5.0, None, 87.0, None
None, 265.0, None, None, None, 2015-01-18 20:00:00, -4.1, None, 87.0, None
None, 265.0, None, None, None, 2015-01-18 21:00:00, -4.2, None, 87.0, None
None, 265.0, None, None, None, 2015-01-18 22:00:00, -4.9, None, 87.0, None
None, 265.0, None, None, None, 2015-01-18 23:00:00, -5.9, None, 87.0, None
None, 265.0, None, None, None, 2015-01-19 00:00:00, -7.8, None, 86.0, None
None, 265.0, None, None, None, 2015-01-19 01:00:00, -8.4, None, 86.0, None
None, 265.0, None, None, None, 2015-01-19 02:00:00, -7.4, None, 86.0, None
None, 265.0, None, None, None, 2015-01-19 03:00:00, -7.4, None, 86.0, None
None, 265.0, None, None, None, 2015-01-19 04:00:00, -7.4, None, 86.0, None
None, 265.0, None, None, None, 2015-01-19 05:00:00, -7.1, None, 86.0, None
None, 265.0, None, None, None, 2015-01-19 06:00:00, -7.1, None, 86.0, None
None, 265.0, None, None, None, 2015-01-19 07:00:00, -6.6, None, 86.0, None
None, 266.0, None, None, None, 2015-01-19 08:00:00, -6.3, None, 86.0, None
None, 266.0, None, None, None, 2015-01-19 09:00:00, -6.5, None, 86.0, None
None, 266.0, None, None, None, 2015-01-19 10:00:00, -6.7, None, 86.0, None
None, 267.0, None, None, None, 2015-01-19 11:00:00, -6.4, None, 86.0, None
None, 267.0, None, None, None, 2015-01-19 12:00:00, -6.3, None, 86.0, None
None, 268.0, None, None, None, 2015-01-19 13:00:00, -6.3, None, 87.0, None
None, 268.0, None, None, None, 2015-01-19 14:00:00, -6.2, None, 87.0, None
None, 268.0, None, None, None, 2015-01-19 15:00:00, -6.1, None, 87.0, None
None, 268.0, None, 266.0, None, 2015-01-19 16:00:00, -6.2, None, 87.0, None
None, 268.0, None, None, None, 2015-01-19 17:00:00, -5.9, None, 87.0, None
None, 268.0, None, None, None, 2015-01-19 18:00:00, -5.5, None, 87.0, None
None, 268.0, None, None, None, 2015-01-19 19:00:00, -4.8, None, 88.0, None
None, 268.0, None, None, None, 2015-01-19 20:00:00, -4.0, None, 88.0, None
None, 268.0, None, None, None, 2015-01-19 21:00:00, -4.0, None, 88.0, None
None, 268.0, None, None, None, 2015-01-19 22:00:00, -1.0, None, 88.0, None
None, 268.0, None, None, None, 2015-01-19 23:00:00, -4.7, None, 88.0, None
None, 268.0, None, None, None, 2015-01-20 00:00:00, -6.0, None, 88.0, None
None, 268.0, None, None, None, 2015-01-20 01:00:00, -6.8, None, 88.0, None
None, 268.0, None, None, None, 2015-01-20 02:00:00, -6.3, None, 88.0, None
None, 268.0, None, None, None, 2015-01-20 03:00:00, -6.6, None, 89.0, None
None, 268.0, None, None, None, 2015-01-20 04:00:00, -6.9, None, 89.0, None
None, 268.0, None, None, None, 2015-01-20 05:00:00, -6.6, None, 89.0, None
None, 268.0, None, None, None, 2015-01-20 06:00:00, -6.8, None, 89.0, None
None, 268.0, None, None, None, 2015-01-20 07:00:00, -6.9, None, 89.0, None
None, 268.0, None, None, None, 2015-01-20 08:00:00, -7.0, None, 89.0, None
None, 268.0, None, None, None, 2015-01-20 09:00:00, -7.0, None, 89.0, None
None, 268.0, None, None, None, 2015-01-20 10:00:00, -7.1, None, 89.0, None
None, 269.0, None, None, None, 2015-01-20 11:00:00, -7.2, None, 88.0, None
None, 268.0, None, None, None, 2015-01-20 12:00:00, -7.3, None, 88.0, None
None, 269.0, None, None, None, 2015-01-20 13:00:00, -7.7, None, 88.0, None
None, 269.0, None, None, None, 2015-01-20 14:00:00, -7.3, None, 88.0, None
None, 268.0, None, None, None, 2015-01-20 15:00:00, -7.4, None, 88.0, None
None, 269.0, None, 262.0, None, 2015-01-20 16:00:00, -7.9, None, 88.0, None
None, 269.0, None, None, None, 2015-01-20 17:00:00, -7.4, None, 88.0, None
None, 269.0, None, None, None, 2015-01-20 18:00:00, -6.6, None, 87.0, None
None, 269.0, None, None, None, 2015-01-20 19:00:00, -6.5, None, 87.0, None
None, 269.0, None, None, None, 2015-01-20 20:00:00, -6.8, None, 87.0, None
None, 270.0, None, None, None, 2015-01-20 21:00:00, -6.9, None, 87.0, None
None, 270.0, None, None, None, 2015-01-20 22:00:00, -6.3, None, 87.0, None
None, 270.0, None, None, None, 2015-01-20 23:00:00, -6.6, None, 87.0, None
None, 270.0, None, None, None, 2015-01-21 00:00:00, -6.8, None, 87.0, None
None, 271.0, None, None, None, 2015-01-21 01:00:00, -6.3, None, 87.0, None
None, 271.0, None, None, None, 2015-01-21 02:00:00, -6.3, None, 88.0, None
None, 271.0, None, None, None, 2015-01-21 03:00:00, -6.3, None, 88.0, None
None, 272.0, None, None, None, 2015-01-21 04:00:00, -6.1, None, 88.0, None
None, 273.0, None, None, None, 2015-01-21 05:00:00, -6.0, None, 88.0, None
None, 273.0, None, None, None, 2015-01-21 06:00:00, -5.6, None, 88.0, None
None, 273.0, None, None, None, 2015-01-21 07:00:00, -5.0, None, 88.0, None
None, 274.0, None, None, None, 2015-01-21 08:00:00, -4.8, None, 89.0, None
None, 274.0, None, None, None, 2015-01-21 09:00:00, -4.8, None, 89.0, None
None, 275.0, None, None, None, 2015-01-21 10:00:00, -4.7, None, 89.0, None
None, 276.0, None, None, None, 2015-01-21 11:00:00, -4.6, None, 90.0, None
None, 277.0, None, None, None, 2015-01-21 12:00:00, -4.7, None, 90.0, None
None, 277.0, None, None, None, 2015-01-21 13:00:00, -4.7, None, 90.0, None
None, 278.0, None, None, None, 2015-01-21 14:00:00, -4.3, None, 91.0, None
None, 277.0, None, None, None, 2015-01-21 15:00:00, -4.2, None, 91.0, None
None, 278.0, None, 259.0, None, 2015-01-21 16:00:00, -3.9, None, 91.0, None
None, 278.0, None, None, None, 2015-01-21 17:00:00, -3.7, None, 92.0, None
None, 278.0, None, None, None, 2015-01-21 18:00:00, -3.2, None, 92.0, None
None, 278.0, None, None, None, 2015-01-21 19:00:00, -2.5, None, 92.0, None
None, 278.0, None, None, None, 2015-01-21 20:00:00, -2.1, None, 92.0, None
None, 278.0, None, None, None, 2015-01-21 21:00:00, -1.9, None, 92.0, None
None, 278.0, None, None, None, 2015-01-21 22:00:00, -1.8, None, 92.0, None
None, 278.0, None, None, None, 2015-01-21 23:00:00, -1.9, None, 93.0, None
None, 278.0, None, None, None, 2015-01-22 00:00:00, -2.4, None, 93.0, None
None, 278.0, None, None, None, 2015-01-22 01:00:00, -2.1, None, 93.0, None
None, 278.0, None, None, None, 2015-01-22 02:00:00, -1.9, None, 93.0, None
None, 278.0, None, None, None, 2015-01-22 03:00:00, -2.0, None, 93.0, None
None, 278.0, None, None, None, 2015-01-22 04:00:00, -2.0, None, 93.0, None
None, 278.0, None, None, None, 2015-01-22 05:00:00, -2.0, None, 93.0, None
None, 278.0, None, None, None, 2015-01-22 06:00:00, -2.4, None, 93.0, None
None, 279.0, None, None, None, 2015-01-22 07:00:00, -2.2, None, 93.0, None
None, 279.0, None, None, None, 2015-01-22 08:00:00, -2.5, None, 93.0, None
None, 279.0, None, None, None, 2015-01-22 09:00:00, -2.7, None, 93.0, None
None, 279.0, None, None, None, 2015-01-22 10:00:00, -2.6, None, 93.0, None
None, 279.0, None, None, None, 2015-01-22 11:00:00, -2.3, None, 93.0, None
None, 279.0, None, None, None, 2015-01-22 12:00:00, -1.9, None, 93.0, None
None, 279.0, None, None, None, 2015-01-22 13:00:00, -1.6, None, 93.0, None
None, 279.0, None, None, None, 2015-01-22 14:00:00, -1.5, None, 93.0, None
None, 279.0, None, None, None, 2015-01-22 15:00:00, -1.2, None, 93.0, None
None, 279.0, None, 241.0, None, 2015-01-22 16:00:00, -1.0, None, 93.0, None
None, 279.0, None, None, None, 2015-01-22 17:00:00, -1.0, None, 93.0, None
None, 279.0, None, None, None, 2015-01-22 18:00:00, -0.9, None, 93.0, None
None, 279.0, None, None, None, 2015-01-22 19:00:00, -0.4, None, 93.0, None
None, 279.0, None, None, None, 2015-01-22 20:00:00, -0.7, None, 93.0, None
None, 279.0, None, None, None, 2015-01-22 21:00:00, 0.3, None, 92.0, None
None, 279.0, None, None, None, 2015-01-22 22:00:00, -0.8, None, 92.0, None
None, 279.0, None, None, None, 2015-01-22 23:00:00, -0.9, None, 92.0, None
None, 279.0, None, None, None, 2015-01-23 00:00:00, -1.6, None, 92.0, None
None, 279.0, None, None, None, 2015-01-23 01:00:00, -1.7, None, 92.0, None
None, 279.0, None, None, None, 2015-01-23 02:00:00, -1.1, None, 92.0, None
None, 279.0, None, None, None, 2015-01-23 03:00:00, -1.6, None, 92.0, None
None, 279.0, None, None, None, 2015-01-23 04:00:00, -2.0, None, 92.0, None
None, 279.0, None, None, None, 2015-01-23 05:00:00, -2.0, None, 92.0, None
None, 279.0, None, None, None, 2015-01-23 06:00:00, -2.0, None, 92.0, None
None, 279.0, None, None, None, 2015-01-23 07:00:00, -2.0, None, 92.0, None
None, 280.0, None, None, None, 2015-01-23 08:00:00, -2.0, None, 92.0, None
None, 279.0, None, None, None, 2015-01-23 09:00:00, -2.2, None, 92.0, None
None, 279.0, None, None, None, 2015-01-23 10:00:00, -1.8, None, 91.0, None
None, 280.0, None, None, None, 2015-01-23 11:00:00, -1.6, None, 91.0, None
None, 280.0, None, None, None, 2015-01-23 12:00:00, -2.3, None, 91.0, None
None, 280.0, None, None, None, 2015-01-23 13:00:00, -2.9, None, 91.0, None
None, 280.0, None, None, None, 2015-01-23 14:00:00, -2.6, None, 91.0, None
None, 280.0, None, None, None, 2015-01-23 15:00:00, -2.7, None, 91.0, None
None, 280.0, None, 225.0, None, 2015-01-23 16:00:00, -2.5, None, 91.0, None
None, 280.0, None, None, None, 2015-01-23 17:00:00, -1.8, None, 91.0, None
None, 279.0, None, None, None, 2015-01-23 18:00:00, -1.6, None, 91.0, None
None, 279.0, None, None, None, 2015-01-23 19:00:00, -1.1, None, 91.0, None
None, 280.0, None, None, None, 2015-01-23 20:00:00, -2.0, None, 91.0, None
None, 281.0, None, None, None, 2015-01-23 21:00:00, -2.5, None, 91.0, None
None, 281.0, None, None, None, 2015-01-23 22:00:00, -2.0, None, 91.0, None
None, 281.0, None, None, None, 2015-01-23 23:00:00, -1.8, None, 91.0, None
None, 281.0, None, None, None, 2015-01-24 00:00:00, -2.2, None, 91.0, None
None, 282.0, None, None, None, 2015-01-24 01:00:00, -2.1, None, 91.0, None
None, 282.0, None, None, None, 2015-01-24 02:00:00, -2.5, None, 91.0, None
None, 282.0, None, None, None, 2015-01-24 03:00:00, -2.2, None, 91.0, None
None, 282.0, None, None, None, 2015-01-24 04:00:00, -2.9, None, 91.0, None
None, 282.0, None, None, None, 2015-01-24 05:00:00, -2.8, None, 91.0, None
None, 282.0, None, None, None, 2015-01-24 06:00:00, -3.0, None, 91.0, None
None, 282.0, None, None, None, 2015-01-24 07:00:00, -2.7, None, 91.0, None
None, 282.0, None, None, None, 2015-01-24 08:00:00, -3.1, None, 91.0, None
None, 282.0, None, None, None, 2015-01-24 09:00:00, -3.4, None, 91.0, None
None, 282.0, None, None, None, 2015-01-24 10:00:00, -3.6, None, 91.0, None
None, 282.0, None, None, None, 2015-01-24 11:00:00, -4.0, None, 91.0, None
None, 282.0, None, None, None, 2015-01-24 12:00:00, -4.4, None, 91.0, None
None, 282.0, None, None, None, 2015-01-24 13:00:00, -3.9, None, 91.0, None
None, 282.0, None, None, None, 2015-01-24 14:00:00, -4.1, None, 91.0, None
None, 282.0, None, None, None, 2015-01-24 15:00:00, -4.4, None, 91.0, None
None, 282.0, None, 204.0, None, 2015-01-24 16:00:00, -4.4, None, 91.0, None
None, 282.0, None, None, None, 2015-01-24 17:00:00, -4.8, None, 92.0, None
None, 282.0, None, None, None, 2015-01-24 18:00:00, -4.1, None, 92.0, None
None, 282.0, None, None, None, 2015-01-24 19:00:00, -3.7, None, 92.0, None
None, 282.0, None, None, None, 2015-01-24 20:00:00, -4.0, None, 92.0, None
None, 282.0, None, None, None, 2015-01-24 21:00:00, -4.2, None, 92.0, None
None, 282.0, None, None, None, 2015-01-24 22:00:00, -4.7, None, 92.0, None
None, 282.0, None, None, None, 2015-01-24 23:00:00, -5.4, None, 92.0, None
None, 283.0, None, None, None, 2015-01-25 00:00:00, -5.7, None, 92.0, None
None, 284.0, None, None, None, 2015-01-25 01:00:00, -5.7, None, 92.0, None
None, 286.0, None, None, None, 2015-01-25 02:00:00, -5.4, None, 92.0, None
None, 287.0, None, None, None, 2015-01-25 03:00:00, -5.3, None, 92.0, None
None, 288.0, None, None, None, 2015-01-25 04:00:00, -5.2, None, 93.0, None
None, 288.0, None, None, None, 2015-01-25 05:00:00, -4.8, None, 93.0, None
None, 288.0, None, None, None, 2015-01-25 06:00:00, -4.2, None, 93.0, None
None, 288.0, None, None, None, 2015-01-25 07:00:00, -3.5, None, 94.0, None
None, 288.0, None, None, None, 2015-01-25 08:00:00, -2.5, None, 94.0, None
None, 288.0, None, None, None, 2015-01-25 09:00:00, -2.0, None, 94.0, None
None, 288.0, None, None, None, 2015-01-25 10:00:00, -1.5, None, 94.0, None
None, 288.0, None, None, None, 2015-01-25 11:00:00, -1.8, None, 95.0, None
None, 288.0, None, None, None, 2015-01-25 12:00:00, -1.9, None, 95.0, None
None, 288.0, None, None, None, 2015-01-25 13:00:00, -1.6, None, 95.0, None
None, 288.0, None, None, None, 2015-01-25 14:00:00, -1.7, None, 95.0, None
None, 288.0, None, None, None, 2015-01-25 15:00:00, -1.8, None, 96.0, None
None, 288.0, None, 184.0, None, 2015-01-25 16:00:00, -1.9, None, 96.0, None
None, 288.0, None, None, None, 2015-01-25 17:00:00, -2.0, None, 96.0, None
None, 288.0, None, None, None, 2015-01-25 18:00:00, -1.5, None, 97.0, None
None, 288.0, None, None, None, 2015-01-25 19:00:00, -1.1, None, 97.0, None
None, 288.0, None, None, None, 2015-01-25 20:00:00, -1.5, None, 97.0, None
None, 288.0, None, None, None, 2015-01-25 21:00:00, -1.9, None, 97.0, None
None, 288.0, None, None, None, 2015-01-25 22:00:00, -2.1, None, 97.0, None
None, 288.0, None, None, None, 2015-01-25 23:00:00, -2.0, None, 97.0, None
None, 288.0, None, None, None, 2015-01-26 00:00:00, -3.1, None, 97.0, None
None, 288.0, None, None, None, 2015-01-26 01:00:00, -3.0, None, 97.0, None
None, 288.0, None, None, None, 2015-01-26 02:00:00, -3.5, None, 97.0, None
None, 288.0, None, None, None, 2015-01-26 03:00:00, -3.4, None, 97.0, None
None, 288.0, None, None, None, 2015-01-26 04:00:00, -3.9, None, 97.0, None
None, 288.0, None, None, None, 2015-01-26 05:00:00, -4.5, None, 97.0, None
None, 288.0, None, None, None, 2015-01-26 06:00:00, -4.2, None, 96.0, None
None, 288.0, None, None, None, 2015-01-26 07:00:00, -4.4, None, 96.0, None
None, 288.0, None, None, None, 2015-01-26 08:00:00, -4.7, None, 96.0, None
None, 288.0, None, None, None, 2015-01-26 09:00:00, -4.8, None, 96.0, None
None, 288.0, None, None, None, 2015-01-26 10:00:00, -4.5, None, 96.0, None
None, 288.0, None, None, None, 2015-01-26 11:00:00, -4.9, None, 96.0, None
None, 288.0, None, None, None, 2015-01-26 12:00:00, -5.5, None, 96.0, None
None, 288.0, None, None, None, 2015-01-26 13:00:00, -6.1, None, 96.0, None
None, 288.0, None, None, None, 2015-01-26 14:00:00, -5.7, None, 96.0, None
None, 288.0, None, None, None, 2015-01-26 15:00:00, -5.5, None, 96.0, None
None, 288.0, None, 180.0, None, 2015-01-26 16:00:00, -6.3, None, 96.0, None
None, 288.0, None, None, None, 2015-01-26 17:00:00, -6.4, None, 96.0, None
None, 288.0, None, None, None, 2015-01-26 18:00:00, -6.8, None, 96.0, None
None, 288.0, None, None, None, 2015-01-26 19:00:00, -3.4, None, 95.0, None
None, 288.0, None, None, None, 2015-01-26 20:00:00, -4.1, None, 96.0, None
None, 288.0, None, None, None, 2015-01-26 21:00:00, -2.7, None, 95.0, None
None, 288.0, None, None, None, 2015-01-26 22:00:00, -4.3, None, 95.0, None
None, 288.0, None, None, None, 2015-01-26 23:00:00, -6.5, None, 95.0, None
None, 288.0, None, None, None, 2015-01-27 00:00:00, -8.8, None, 95.0, None
None, 288.0, None, None, None, 2015-01-27 01:00:00, -9.8, None, 95.0, None
None, 288.0, None, None, None, 2015-01-27 02:00:00, -10.1, None, 95.0, None
None, 288.0, None, None, None, 2015-01-27 03:00:00, -10.6, None, 95.0, None
None, 289.0, None, None, None, 2015-01-27 04:00:00, -10.6, None, 95.0, None
None, 289.0, None, None, None, 2015-01-27 05:00:00, -9.3, None, 95.0, None
None, 289.0, None, None, None, 2015-01-27 06:00:00, -9.8, None, 95.0, None
None, 289.0, None, None, None, 2015-01-27 07:00:00, -10.6, None, 95.0, None
None, 289.0, None, None, None, 2015-01-27 08:00:00, -10.4, None, 95.0, None
None, 289.0, None, None, None, 2015-01-27 09:00:00, -10.5, None, 95.0, None
None, 289.0, None, None, None, 2015-01-27 10:00:00, -10.8, None, 94.0, None
None, 289.0, None, None, None, 2015-01-27 11:00:00, -8.8, None, 94.0, None
None, 288.0, None, None, None, 2015-01-27 12:00:00, -9.3, None, 94.0, None
None, 289.0, None, None, None, 2015-01-27 13:00:00, -8.9, None, 94.0, None
None, 289.0, None, None, None, 2015-01-27 14:00:00, -8.7, None, 94.0, None
None, 289.0, None, None, None, 2015-01-27 15:00:00, -7.7, None, 94.0, None
None, 289.0, None, 180.0, None, 2015-01-27 16:00:00, -7.9, None, 94.0, None
None, 289.0, None, None, None, 2015-01-27 17:00:00, -8.9, None, 94.0, None
None, 289.0, None, None, None, 2015-01-27 18:00:00, -7.6, None, 94.0, None
None, 289.0, None, None, None, 2015-01-27 19:00:00, -6.9, None, 94.0, None
None, 289.0, None, None, None, 2015-01-27 20:00:00, -6.6, None, 94.0, None
None, 289.0, None, None, None, 2015-01-27 21:00:00, -6.3, None, 94.0, None
None, 289.0, None, None, None, 2015-01-27 22:00:00, -6.1, None, 94.0, None
None, 289.0, None, None, None, 2015-01-27 23:00:00, -6.6, None, 94.0, None
None, 289.0, None, None, None, 2015-01-28 00:00:00, -8.6, None, 94.0, None
None, 289.0, None, None, None, 2015-01-28 01:00:00, -10.0, None, 94.0, None
None, 289.0, None, None, None, 2015-01-28 02:00:00, -9.7, None, 94.0, None
None, 289.0, None, None, None, 2015-01-28 03:00:00, -10.7, None, 94.0, None
None, 289.0, None, None, None, 2015-01-28 04:00:00, -11.2, None, 94.0, None
None, 289.0, None, None, None, 2015-01-28 05:00:00, -10.5, None, 94.0, None
None, 289.0, None, None, None, 2015-01-28 06:00:00, -11.7, None, 94.0, None
None, 289.0, None, None, None, 2015-01-28 07:00:00, -12.0, None, 94.0, None
None, 289.0, None, None, None, 2015-01-28 08:00:00, -11.6, None, 94.0, None
None, 289.0, None, None, None, 2015-01-28 09:00:00, -12.4, None, 94.0, None
None, 289.0, None, None, None, 2015-01-28 10:00:00, -12.6, None, 94.0, None
None, 290.0, None, None, None, 2015-01-28 11:00:00, -11.6, None, 94.0, None
None, 290.0, None, None, None, 2015-01-28 12:00:00, -12.1, None, 94.0, None
None, 290.0, None, None, None, 2015-01-28 13:00:00, -12.7, None, 94.0, None
None, 290.0, None, None, None, 2015-01-28 14:00:00, -12.5, None, 94.0, None
None, 290.0, None, None, None, 2015-01-28 15:00:00, -12.7, None, 94.0, None
None, 290.0, None, 172.0, None, 2015-01-28 16:00:00, -12.4, None, 94.0, None
None, 289.0, None, None, None, 2015-01-28 17:00:00, -12.1, None, 94.0, None
None, 289.0, None, None, None, 2015-01-28 18:00:00, -9.0, None, 94.0, None
None, 289.0, None, None, None, 2015-01-28 19:00:00, -7.4, None, 94.0, None
None, 289.0, None, None, None, 2015-01-28 20:00:00, -8.0, None, 94.0, None
None, 289.0, None, None, None, 2015-01-28 21:00:00, -6.6, None, 94.0, None
None, 289.0, None, None, None, 2015-01-28 22:00:00, -7.2, None, 94.0, None
None, 289.0, None, None, None, 2015-01-28 23:00:00, -9.1, None, 94.0, None
None, 289.0, None, None, None, 2015-01-29 00:00:00, -10.3, None, 94.0, None
None, 289.0, None, None, None, 2015-01-29 01:00:00, -10.5, None, 93.0, None
None, 289.0, None, None, None, 2015-01-29 02:00:00, -11.1, None, 93.0, None
None, 289.0, None, None, None, 2015-01-29 03:00:00, -10.4, None, 93.0, None
None, 290.0, None, None, None, 2015-01-29 04:00:00, -9.9, None, 93.0, None
None, 290.0, None, None, None, 2015-01-29 05:00:00, -9.1, None, 93.0, None
None, 290.0, None, None, None, 2015-01-29 06:00:00, -9.6, None, 93.0, None
None, 290.0, None, None, None, 2015-01-29 07:00:00, -9.1, None, 93.0, None
None, 291.0, None, None, None, 2015-01-29 08:00:00, -8.9, None, 93.0, None
None, 291.0, None, None, None, 2015-01-29 09:00:00, -8.7, None, 93.0, None
None, 291.0, None, None, None, 2015-01-29 10:00:00, -8.4, None, 93.0, None
None, 291.0, None, None, None, 2015-01-29 11:00:00, -8.5, None, 93.0, None
None, 291.0, None, None, None, 2015-01-29 12:00:00, -8.2, None, 93.0, None
None, 292.0, None, None, None, 2015-01-29 13:00:00, -8.0, None, 93.0, None
None, 292.0, None, None, None, 2015-01-29 14:00:00, -8.0, None, 93.0, None
None, 292.0, None, None, None, 2015-01-29 15:00:00, -8.3, None, 93.0, None
None, 293.0, None, 150.0, None, 2015-01-29 16:00:00, -8.1, None, 93.0, None
None, 293.0, None, None, None, 2015-01-29 17:00:00, -7.3, None, 93.0, None
None, 293.0, None, None, None, 2015-01-29 18:00:00, -6.7, None, 94.0, None
None, 293.0, None, None, None, 2015-01-29 19:00:00, -6.5, None, 94.0, None
None, 293.0, None, None, None, 2015-01-29 20:00:00, -5.6, None, 94.0, None
None, 293.0, None, None, None, 2015-01-29 21:00:00, -5.3, None, 94.0, None
None, 293.0, None, None, None, 2015-01-29 22:00:00, -5.7, None, 94.0, None
None, 294.0, None, None, None, 2015-01-29 23:00:00, -5.3, None, 95.0, None
None, 294.0, None, None, None, 2015-01-30 00:00:00, -6.7, None, 95.0, None
None, 294.0, None, None, None, 2015-01-30 01:00:00, -6.9, None, 95.0, None
None, 294.0, None, None, None, 2015-01-30 02:00:00, -8.1, None, 96.0, None
None, 294.0, None, None, None, 2015-01-30 03:00:00, -7.3, None, 96.0, None
None, 294.0, None, None, None, 2015-01-30 04:00:00, -8.2, None, 96.0, None
None, 294.0, None, None, None, 2015-01-30 05:00:00, -7.5, None, 96.0, None
None, 294.0, None, None, None, 2015-01-30 06:00:00, -7.4, None, 96.0, None
None, 294.0, None, None, None, 2015-01-30 07:00:00, -7.7, None, 96.0, None
None, 294.0, None, None, None, 2015-01-30 08:00:00, -7.5, None, 97.0, None
None, 294.0, None, None, None, 2015-01-30 09:00:00, -8.6, None, 97.0, None
None, 294.0, None, None, None, 2015-01-30 10:00:00, -9.7, None, 97.0, None
None, 294.0, None, None, None, 2015-01-30 11:00:00, -10.1, None, 97.0, None
None, 294.0, None, None, None, 2015-01-30 12:00:00, -10.5, None, 97.0, None
None, 294.0, None, None, None, 2015-01-30 13:00:00, -10.8, None, 97.0, None
None, 294.0, None, None, None, 2015-01-30 14:00:00, -11.1, None, 97.0, None
None, 294.0, None, None, None, 2015-01-30 15:00:00, -11.6, None, 97.0, None
None, 294.0, None, 120.0, None, 2015-01-30 16:00:00, -11.6, None, 97.0, None
None, 294.0, None, None, None, 2015-01-30 17:00:00, -11.6, None, 97.0, None
None, 294.0, None, None, None, 2015-01-30 18:00:00, -9.7, None, 97.0, None
None, 294.0, None, None, None, 2015-01-30 19:00:00, -9.5, None, 96.0, None
None, 294.0, None, None, None, 2015-01-30 20:00:00, -8.3, None, 96.0, None
None, 294.0, None, None, None, 2015-01-30 21:00:00, -9.2, None, 96.0, None
None, 294.0, None, None, None, 2015-01-30 22:00:00, -9.1, None, 96.0, None
None, 294.0, None, None, None, 2015-01-30 23:00:00, -10.3, None, 96.0, None
None, 294.0, None, None, None, 2015-01-31 00:00:00, -10.5, None, 96.0, None
None, 294.0, None, None, None, 2015-01-31 01:00:00, -12.3, None, 96.0, None
None, 294.0, None, None, None, 2015-01-31 02:00:00, -13.6, None, 96.0, None
None, 294.0, None, None, None, 2015-01-31 03:00:00, -12.7, None, 95.0, None
None, 294.0, None, None, None, 2015-01-31 04:00:00, -12.7, None, 95.0, None
None, 294.0, None, None, None, 2015-01-31 05:00:00, -12.8, None, 95.0, None
None, 294.0, None, None, None, 2015-01-31 06:00:00, -12.8, None, 95.0, None
None, 294.0, None, None, None, 2015-01-31 07:00:00, -11.6, None, 95.0, None
None, 294.0, None, None, None, 2015-01-31 08:00:00, -11.1, None, 95.0, None
None, 294.0, None, None, None, 2015-01-31 09:00:00, -11.1, None, 95.0, None
None, 294.0, None, None, None, 2015-01-31 10:00:00, -11.1, None, 95.0, None
None, 294.0, None, None, None, 2015-01-31 11:00:00, -11.1, None, 95.0, None
None, 294.0, None, None, None, 2015-01-31 12:00:00, -11.4, None, 94.0, None
None, 294.0, None, None, None, 2015-01-31 13:00:00, -11.3, None, 94.0, None
None, 294.0, None, None, None, 2015-01-31 14:00:00, -11.3, None, 94.0, None
None, 294.0, None, None, None, 2015-01-31 15:00:00, -11.7, None, 94.0, None
None, 294.0, None, 98.0, None, 2015-01-31 16:00:00, -12.0, None, 94.0, None
None, 294.0, None, None, None, 2015-01-31 17:00:00, -11.8, None, 94.0, None
None, 294.0, None, None, None, 2015-01-31 18:00:00, -12.1, None, 94.0, None
None, 294.0, None, None, None, 2015-01-31 19:00:00, -10.8, None, 94.0, None
None, 294.0, None, None, None, 2015-01-31 20:00:00, -10.8, None, 94.0, None
None, 294.0, None, None, None, 2015-01-31 21:00:00, -8.3, None, 94.0, None
None, 294.0, None, None, None, 2015-01-31 22:00:00, -7.4, None, 94.0, None
None, 294.0, None, None, None, 2015-01-31 23:00:00, -10.1, None, 94.0, None
None, 294.0, None, None, None, 2015-02-01 00:00:00, -13.1, None, 94.0, None
None, 294.0, None, None, None, 2015-02-01 01:00:00, -15.6, None, 93.0, None
None, 294.0, None, None, None, 2015-02-01 02:00:00, -16.1, None, 93.0, None
None, 294.0, None, None, None, 2015-02-01 03:00:00, -16.8, None, 93.0, None
None, 294.0, None, None, None, 2015-02-01 04:00:00, -15.7, None, 93.0, None
None, 294.0, None, None, None, 2015-02-01 05:00:00, -16.9, None, 93.0, None
None, 294.0, None, None, None, 2015-02-01 06:00:00, -17.2, None, 93.0, None
None, 294.0, None, None, None, 2015-02-01 07:00:00, -17.0, None, 93.0, None
None, 295.0, None, None, None, 2015-02-01 08:00:00, -18.0, None, 93.0, None
None, 295.0, None, None, None, 2015-02-01 09:00:00, -17.4, None, 93.0, None
None, 295.0, None, None, None, 2015-02-01 10:00:00, -17.1, None, 93.0, None
None, 295.0, None, None, None, 2015-02-01 11:00:00, -18.3, None, 93.0, None
None, 295.0, None, None, None, 2015-02-01 12:00:00, -17.2, None, 93.0, None
None, 295.0, None, None, None, 2015-02-01 13:00:00, -17.2, None, 93.0, None
None, 295.0, None, None, None, 2015-02-01 14:00:00, -17.3, None, 93.0, None
None, 295.0, None, None, None, 2015-02-01 15:00:00, -18.0, None, 93.0, None
None, 295.0, None, 90.0, None, 2015-02-01 16:00:00, -17.9, None, 93.0, None
None, 295.0, None, None, None, 2015-02-01 17:00:00, -18.5, None, 93.0, None
None, 295.0, None, None, None, 2015-02-01 18:00:00, -15.9, None, 93.0, None
None, 294.0, None, None, None, 2015-02-01 19:00:00, -13.6, None, 93.0, None
None, 294.0, None, None, None, 2015-02-01 20:00:00, -13.4, None, 93.0, None
None, 294.0, None, None, None, 2015-02-01 21:00:00, -13.3, None, 93.0, None
None, 294.0, None, None, None, 2015-02-01 22:00:00, -14.2, None, 93.0, None
None, 294.0, None, None, None, 2015-02-01 23:00:00, -14.8, None, 93.0, None
None, 294.0, None, None, None, 2015-02-02 00:00:00, -17.8, None, 93.0, None
None, 295.0, None, None, None, 2015-02-02 01:00:00, -19.7, None, 93.0, None
None, 295.0, None, None, None, 2015-02-02 02:00:00, -19.6, None, 93.0, None
None, 295.0, None, None, None, 2015-02-02 03:00:00, -19.0, None, 93.0, None
None, 295.0, None, None, None, 2015-02-02 04:00:00, -19.5, None, 93.0, None
None, 295.0, None, None, None, 2015-02-02 05:00:00, -19.8, None, 93.0, None
None, 295.0, None, None, None, 2015-02-02 06:00:00, -20.6, None, 93.0, None
None, 295.0, None, None, None, 2015-02-02 07:00:00, -21.8, None, 93.0, None
None, 295.0, None, None, None, 2015-02-02 08:00:00, -21.8, None, 93.0, None
None, 295.0, None, None, None, 2015-02-02 09:00:00, -22.1, None, 93.0, None
None, 295.0, None, None, None, 2015-02-02 10:00:00, -22.3, None, 93.0, None
None, 295.0, None, None, None, 2015-02-02 11:00:00, -22.2, None, 93.0, None
None, 295.0, None, None, None, 2015-02-02 12:00:00, -22.5, None, 93.0, None
None, 295.0, None, None, None, 2015-02-02 13:00:00, -23.0, None, 93.0, None
None, 295.0, None, None, None, 2015-02-02 14:00:00, -21.9, None, 93.0, None
None, 295.0, None, None, None, 2015-02-02 15:00:00, -23.7, None, 93.0, None
None, 295.0, None, 82.0, None, 2015-02-02 16:00:00, -23.5, None, 93.0, None
None, 295.0, None, None, None, 2015-02-02 17:00:00, -21.7, None, 93.0, None
None, 295.0, None, None, None, 2015-02-02 18:00:00, -17.9, None, 93.0, None
None, 295.0, None, None, None, 2015-02-02 19:00:00, -16.2, None, 93.0, None
None, 295.0, None, None, None, 2015-02-02 20:00:00, -16.9, None, 93.0, None
None, 294.0, None, None, None, 2015-02-02 21:00:00, -14.8, None, 93.0, None
None, 294.0, None, None, None, 2015-02-02 22:00:00, -14.3, None, 93.0, None
None, 294.0, None, None, None, 2015-02-02 23:00:00, -16.1, None, 93.0, None
None, 295.0, None, None, None, 2015-02-03 00:00:00, -19.1, None, 93.0, None
None, 295.0, None, None, None, 2015-02-03 01:00:00, -22.0, None, 93.0, None
None, 295.0, None, None, None, 2015-02-03 02:00:00, -22.1, None, 93.0, None
None, 295.0, None, None, None, 2015-02-03 03:00:00, -23.0, None, 93.0, None
None, 295.0, None, None, None, 2015-02-03 04:00:00, -22.6, None, 93.0, None
None, 295.0, None, None, None, 2015-02-03 05:00:00, -23.1, None, 93.0, None
None, 295.0, None, None, None, 2015-02-03 06:00:00, -23.5, None, 93.0, None
None, 295.0, None, None, None, 2015-02-03 07:00:00, -22.7, None, 93.0, None
None, 295.0, None, None, None, 2015-02-03 08:00:00, -22.4, None, 93.0, None
None, 295.0, None, None, None, 2015-02-03 09:00:00, -23.1, None, 93.0, None
None, 295.0, None, None, None, 2015-02-03 10:00:00, -21.3, None, 93.0, None
None, 295.0, None, None, None, 2015-02-03 11:00:00, -22.8, None, 93.0, None
None, 295.0, None, None, None, 2015-02-03 12:00:00, -21.4, None, 93.0, None
None, 295.0, None, None, None, 2015-02-03 13:00:00, -21.4, None, 93.0, None
None, 295.0, None, None, None, 2015-02-03 14:00:00, -21.2, None, 93.0, None
None, 295.0, None, None, None, 2015-02-03 15:00:00, -20.7, None, 93.0, None
None, 295.0, None, 72.0, None, 2015-02-03 16:00:00, -20.4, None, 93.0, None
None, 295.0, None, None, None, 2015-02-03 17:00:00, -17.3, None, 93.0, None
None, 295.0, None, None, None, 2015-02-03 18:00:00, -13.2, None, 93.0, None
None, 295.0, None, None, None, 2015-02-03 19:00:00, -11.6, None, 93.0, None
None, 294.0, None, None, None, 2015-02-03 20:00:00, -10.0, None, 93.0, None
None, 294.0, None, None, None, 2015-02-03 21:00:00, -7.7, None, 93.0, None
None, 294.0, None, None, None, 2015-02-03 22:00:00, -8.7, None, 93.0, None
None, 294.0, None, None, None, 2015-02-03 23:00:00, -10.8, None, 93.0, None
None, 294.0, None, None, None, 2015-02-04 00:00:00, -12.2, None, 93.0, None
None, 294.0, None, None, None, 2015-02-04 01:00:00, -13.2, None, 93.0, None
None, 294.0, None, None, None, 2015-02-04 02:00:00, -13.8, None, 93.0, None
None, 294.0, None, None, None, 2015-02-04 03:00:00, -14.0, None, 92.0, None
None, 294.0, None, None, None, 2015-02-04 04:00:00, -14.1, None, 92.0, None
None, 294.0, None, None, None, 2015-02-04 05:00:00, -14.1, None, 92.0, None
None, 294.0, None, None, None, 2015-02-04 06:00:00, -15.7, None, 92.0, None
None, 294.0, None, None, None, 2015-02-04 07:00:00, -14.7, None, 92.0, None
None, 294.0, None, None, None, 2015-02-04 08:00:00, -14.6, None, 92.0, None
None, 294.0, None, None, None, 2015-02-04 09:00:00, -15.3, None, 92.0, None
None, 294.0, None, None, None, 2015-02-04 10:00:00, -15.3, None, 92.0, None
None, 294.0, None, None, None, 2015-02-04 11:00:00, -15.2, None, 92.0, None
None, 294.0, None, None, None, 2015-02-04 12:00:00, -15.0, None, 92.0, None
None, 294.0, None, None, None, 2015-02-04 13:00:00, -15.5, None, 92.0, None
None, 294.0, None, None, None, 2015-02-04 14:00:00, -15.2, None, 92.0, None
None, 294.0, None, None, None, 2015-02-04 15:00:00, -14.9, None, 92.0, None
None, 294.0, None, 60.0, None, 2015-02-04 16:00:00, -14.6, None, 92.0, None
None, 294.0, None, None, None, 2015-02-04 17:00:00, -13.9, None, 91.0, None
None, 294.0, None, None, None, 2015-02-04 18:00:00, -13.7, None, 92.0, None
None, 294.0, None, None, None, 2015-02-04 19:00:00, -11.5, None, 92.0, None
None, 294.0, None, None, None, 2015-02-04 20:00:00, -10.9, None, 91.0, None
None, 294.0, None, None, None, 2015-02-04 21:00:00, -7.7, None, 91.0, None
None, 294.0, None, None, None, 2015-02-04 22:00:00, -6.9, None, 91.0, None
None, 294.0, None, None, None, 2015-02-04 23:00:00, -10.6, None, 91.0, None
None, 294.0, None, None, None, 2015-02-05 00:00:00, -12.8, None, 91.0, None
None, 294.0, None, None, None, 2015-02-05 01:00:00, -15.6, None, 91.0, None
None, 294.0, None, None, None, 2015-02-05 02:00:00, -15.3, None, 91.0, None
None, 294.0, None, None, None, 2015-02-05 03:00:00, -16.0, None, 91.0, None
None, 294.0, None, None, None, 2015-02-05 04:00:00, -15.7, None, 91.0, None
None, 294.0, None, None, None, 2015-02-05 05:00:00, -16.8, None, 91.0, None
None, 295.0, None, None, None, 2015-02-05 06:00:00, -17.4, None, 91.0, None
None, 295.0, None, None, None, 2015-02-05 07:00:00, -18.6, None, 91.0, None
None, 295.0, None, None, None, 2015-02-05 08:00:00, -18.0, None, 91.0, None
None, 295.0, None, None, None, 2015-02-05 09:00:00, -16.9, None, 91.0, None
None, 295.0, None, None, None, 2015-02-05 10:00:00, -17.0, None, 91.0, None
None, 295.0, None, None, None, 2015-02-05 11:00:00, -17.1, None, 91.0, None
None, 295.0, None, None, None, 2015-02-05 12:00:00, -17.4, None, 91.0, None
None, 295.0, None, None, None, 2015-02-05 13:00:00, -18.1, None, 91.0, None
None, 295.0, None, None, None, 2015-02-05 14:00:00, -18.5, None, 91.0, None
None, 295.0, None, None, None, 2015-02-05 15:00:00, -19.4, None, 91.0, None
None, 295.0, None, 45.0, None, 2015-02-05 16:00:00, -20.0, None, 91.0, None
None, 295.0, None, None, None, 2015-02-05 17:00:00, -19.1, None, 91.0, None
None, 295.0, None, None, None, 2015-02-05 18:00:00, -18.7, None, 91.0, None
None, 295.0, None, None, None, 2015-02-05 19:00:00, -18.6, None, 91.0, None
None, 295.0, None, None, None, 2015-02-05 20:00:00, -19.3, None, 91.0, None
None, 295.0, None, None, None, 2015-02-05 21:00:00, -20.3, None, 91.0, None
None, 295.0, None, None, None, 2015-02-05 22:00:00, -21.4, None, 91.0, None
None, 296.0, None, None, None, 2015-02-05 23:00:00, -22.0, None, 91.0, None
None, 296.0, None, None, None, 2015-02-06 00:00:00, -22.7, None, 91.0, None
None, 297.0, None, None, None, 2015-02-06 01:00:00, -23.1, None, 91.0, None
None, 298.0, None, None, None, 2015-02-06 02:00:00, -23.4, None, 91.0, None
None, 299.0, None, None, None, 2015-02-06 03:00:00, -23.6, None, 92.0, None
None, 300.0, None, None, None, 2015-02-06 04:00:00, -23.8, None, 92.0, None
None, 301.0, None, None, None, 2015-02-06 05:00:00, -24.6, None, 92.0, None
None, 302.0, None, None, None, 2015-02-06 06:00:00, -25.1, None, 92.0, None
None, 304.0, None, None, None, 2015-02-06 07:00:00, -25.4, None, 93.0, None
None, 306.0, None, None, None, 2015-02-06 08:00:00, -25.8, None, 94.0, None
None, 307.0, None, None, None, 2015-02-06 09:00:00, -26.2, None, 94.0, None
None, 308.0, None, None, None, 2015-02-06 10:00:00, -26.4, None, 94.0, None
None, 309.0, None, None, None, 2015-02-06 11:00:00, -26.6, None, 95.0, None
None, 310.0, None, None, None, 2015-02-06 12:00:00, -26.7, None, 96.0, None
None, 310.0, None, None, None, 2015-02-06 13:00:00, -26.6, None, 96.0, None
None, 311.0, None, None, None, 2015-02-06 14:00:00, -26.8, None, 97.0, None
None, 312.0, None, None, None, 2015-02-06 15:00:00, -26.8, None, 98.0, None
None, 312.0, None, 42.0, None, 2015-02-06 16:00:00, -26.8, None, 99.0, None
None, 313.0, None, None, None, 2015-02-06 17:00:00, -26.5, None, 100.0, None
None, 313.0, None, None, None, 2015-02-06 18:00:00, -26.4, None, 102.0, None
None, 314.0, None, None, None, 2015-02-06 19:00:00, -26.0, None, 104.0, None
None, 315.0, None, None, None, 2015-02-06 20:00:00, -25.9, None, 105.0, None
None, 315.0, None, None, None, 2015-02-06 21:00:00, -25.4, None, 106.0, None
None, 315.0, None, None, None, 2015-02-06 22:00:00, -23.7, None, 107.0, None
None, 315.0, None, None, None, 2015-02-06 23:00:00, -24.1, None, 108.0, None
None, 315.0, None, None, None, 2015-02-07 00:00:00, -23.7, None, 110.0, None
None, 315.0, None, None, None, 2015-02-07 01:00:00, -23.5, None, 110.0, None
None, 316.0, None, None, None, 2015-02-07 02:00:00, -22.3, None, 111.0, None
None, 316.0, None, None, None, 2015-02-07 03:00:00, -21.4, None, 111.0, None
None, 316.0, None, None, None, 2015-02-07 04:00:00, -19.0, None, 112.0, None
None, 316.0, None, None, None, 2015-02-07 05:00:00, -19.4, None, 112.0, None
None, 316.0, None, None, None, 2015-02-07 06:00:00, -18.1, None, 113.0, None
None, 316.0, None, None, None, 2015-02-07 07:00:00, -15.9, None, 113.0, None
None, 317.0, None, None, None, 2015-02-07 08:00:00, -15.1, None, 114.0, None
None, 317.0, None, None, None, 2015-02-07 09:00:00, -15.6, None, 114.0, None
None, 317.0, None, None, None, 2015-02-07 10:00:00, -15.3, None, 114.0, None
None, 317.0, None, None, None, 2015-02-07 11:00:00, -14.1, None, 114.0, None
None, 317.0, None, None, None, 2015-02-07 12:00:00, -16.2, None, 115.0, None
None, 317.0, None, None, None, 2015-02-07 13:00:00, -14.9, None, 115.0, None
None, 317.0, None, None, None, 2015-02-07 14:00:00, -14.3, None, 115.0, None
None, 317.0, None, None, None, 2015-02-07 15:00:00, -14.7, None, 115.0, None
None, 317.0, None, 34.0, None, 2015-02-07 16:00:00, -14.1, None, 115.0, None
None, 317.0, None, None, None, 2015-02-07 17:00:00, -14.2, None, 115.0, None
None, 317.0, None, None, None, 2015-02-07 18:00:00, -13.1, None, 115.0, None
None, 316.0, None, None, None, 2015-02-07 19:00:00, -11.7, None, 116.0, None
None, 316.0, None, None, None, 2015-02-07 20:00:00, -10.1, None, 116.0, None
None, 316.0, None, None, None, 2015-02-07 21:00:00, -8.0, None, 116.0, None
None, 316.0, None, None, None, 2015-02-07 22:00:00, -9.4, None, 115.0, None
None, 316.0, None, None, None, 2015-02-07 23:00:00, -10.1, None, 115.0, None
None, 316.0, None, None, None, 2015-02-08 00:00:00, -11.8, None, 115.0, None
None, 316.0, None, None, None, 2015-02-08 01:00:00, -14.9, None, 115.0, None
None, 317.0, None, None, None, 2015-02-08 02:00:00, -14.2, None, 116.0, None
None, 317.0, None, None, None, 2015-02-08 03:00:00, -15.8, None, 115.0, None
None, 317.0, None, None, None, 2015-02-08 04:00:00, -15.2, None, 115.0, None
None, 317.0, None, None, None, 2015-02-08 05:00:00, -16.2, None, 115.0, None
None, 317.0, None, None, None, 2015-02-08 06:00:00, -16.1, None, 115.0, None
None, 317.0, None, None, None, 2015-02-08 07:00:00, -14.6, None, 115.0, None
None, 317.0, None, None, None, 2015-02-08 08:00:00, -14.1, None, 115.0, None
None, 317.0, None, None, None, 2015-02-08 09:00:00, -14.3, None, 114.0, None
None, 317.0, None, None, None, 2015-02-08 10:00:00, -14.5, None, 114.0, None
None, 317.0, None, None, None, 2015-02-08 11:00:00, -13.2, None, 114.0, None
None, 317.0, None, None, None, 2015-02-08 12:00:00, -13.1, None, 114.0, None
None, 317.0, None, None, None, 2015-02-08 13:00:00, -12.8, None, 114.0, None
None, 317.0, None, None, None, 2015-02-08 14:00:00, -13.5, None, 114.0, None
None, 317.0, None, None, None, 2015-02-08 15:00:00, -14.0, None, 114.0, None
None, 317.0, None, 26.0, None, 2015-02-08 16:00:00, -13.7, None, 114.0, None
None, 317.0, None, None, None, 2015-02-08 17:00:00, -12.7, None, 114.0, None
None, 317.0, None, None, None, 2015-02-08 18:00:00, -10.0, None, 114.0, None
None, 316.0, None, None, None, 2015-02-08 19:00:00, -7.4, None, 114.0, None
None, 316.0, None, None, None, 2015-02-08 20:00:00, -6.3, None, 114.0, None
None, 316.0, None, None, None, 2015-02-08 21:00:00, -4.5, None, 114.0, None
None, 316.0, None, None, None, 2015-02-08 22:00:00, -4.7, None, 114.0, None
None, 316.0, None, None, None, 2015-02-08 23:00:00, -6.1, None, 114.0, None
None, 316.0, None, None, None, 2015-02-09 00:00:00, -9.7, None, 113.0, None
None, 317.0, None, None, None, 2015-02-09 01:00:00, -13.6, None, 113.0, None
None, 317.0, None, None, None, 2015-02-09 02:00:00, -14.2, None, 113.0, None
None, 317.0, None, None, None, 2015-02-09 03:00:00, -13.9, None, 113.0, None
None, 317.0, None, None, None, 2015-02-09 04:00:00, -13.7, None, 113.0, None
None, 317.0, None, None, None, 2015-02-09 05:00:00, -14.0, None, 113.0, None
None, 317.0, None, None, None, 2015-02-09 06:00:00, -12.6, None, 113.0, None
None, 317.0, None, None, None, 2015-02-09 07:00:00, -14.2, None, 113.0, None
None, 317.0, None, None, None, 2015-02-09 08:00:00, -13.3, None, 113.0, None
None, 317.0, None, None, None, 2015-02-09 09:00:00, -14.2, None, 113.0, None
None, 317.0, None, None, None, 2015-02-09 10:00:00, -14.3, None, 113.0, None
None, 317.0, None, None, None, 2015-02-09 11:00:00, -14.3, None, 113.0, None
None, 317.0, None, None, None, 2015-02-09 12:00:00, -13.7, None, 113.0, None
None, 317.0, None, None, None, 2015-02-09 13:00:00, -13.7, None, 113.0, None
None, 317.0, None, None, None, 2015-02-09 14:00:00, -15.2, None, 113.0, None
None, 317.0, None, None, None, 2015-02-09 15:00:00, -15.2, None, 113.0, None
None, 317.0, None, 15.0, None, 2015-02-09 16:00:00, -15.6, None, 113.0, None
None, 317.0, None, None, None, 2015-02-09 17:00:00, -12.9, None, 113.0, None
None, 317.0, None, None, None, 2015-02-09 18:00:00, -8.0, None, 113.0, None
None, 317.0, None, None, None, 2015-02-09 19:00:00, -7.0, None, 113.0, None
None, 316.0, None, None, None, 2015-02-09 20:00:00, -6.1, None, 113.0, None
None, 316.0, None, None, None, 2015-02-09 21:00:00, -3.6, None, 113.0, None
None, 316.0, None, None, None, 2015-02-09 22:00:00, -4.2, None, 113.0, None
None, 316.0, None, None, None, 2015-02-09 23:00:00, -6.0, None, 112.0, None
None, 316.0, None, None, None, 2015-02-10 00:00:00, -10.0, None, 112.0, None
None, 317.0, None, None, None, 2015-02-10 01:00:00, -13.4, None, 112.0, None
None, 317.0, None, None, None, 2015-02-10 02:00:00, -13.0, None, 112.0, None
None, 317.0, None, None, None, 2015-02-10 03:00:00, -13.9, None, 112.0, None
None, 317.0, None, None, None, 2015-02-10 04:00:00, -13.7, None, 112.0, None
None, 317.0, None, None, None, 2015-02-10 05:00:00, -14.5, None, 111.0, None
None, 317.0, None, None, None, 2015-02-10 06:00:00, -13.9, None, 111.0, None
None, 317.0, None, None, None, 2015-02-10 07:00:00, -14.0, None, 111.0, None
None, 317.0, None, None, None, 2015-02-10 08:00:00, -14.5, None, 111.0, None
None, 317.0, None, None, None, 2015-02-10 09:00:00, -14.6, None, 111.0, None
None, 317.0, None, None, None, 2015-02-10 10:00:00, -14.2, None, 110.0, None
None, 317.0, None, None, None, 2015-02-10 11:00:00, -14.5, None, 110.0, None
None, 317.0, None, None, None, 2015-02-10 12:00:00, -14.4, None, 110.0, None
None, 317.0, None, None, None, 2015-02-10 13:00:00, -15.0, None, 110.0, None
None, 317.0, None, None, None, 2015-02-10 14:00:00, -13.2, None, 110.0, None
None, 317.0, None, None, None, 2015-02-10 15:00:00, -13.7, None, 109.0, None
None, 317.0, None, 8.0, None, 2015-02-10 16:00:00, -14.5, None, 109.0, None
None, 317.0, None, None, None, 2015-02-10 17:00:00, -13.4, None, 109.0, None
None, 317.0, None, None, None, 2015-02-10 18:00:00, -9.2, None, 109.0, None
None, 317.0, None, None, None, 2015-02-10 19:00:00, -8.2, None, 109.0, None
None, 316.0, None, None, None, 2015-02-10 20:00:00, -7.2, None, 109.0, None
None, 316.0, None, None, None, 2015-02-10 21:00:00, -4.7, None, 109.0, None
None, 316.0, None, None, None, 2015-02-10 22:00:00, -4.9, None, 109.0, None
None, 316.0, None, None, None, 2015-02-10 23:00:00, -6.9, None, 108.0, None
None, 316.0, None, None, None, 2015-02-11 00:00:00, -10.7, None, 108.0, None
None, 316.0, None, None, None, 2015-02-11 01:00:00, -13.4, None, 108.0, None
None, 317.0, None, None, None, 2015-02-11 02:00:00, -13.7, None, 108.0, None
None, 317.0, None, None, None, 2015-02-11 03:00:00, -14.1, None, 108.0, None
None, 317.0, None, None, None, 2015-02-11 04:00:00, -12.6, None, 108.0, None
None, 317.0, None, None, None, 2015-02-11 05:00:00, -12.5, None, 108.0, None
None, 317.0, None, None, None, 2015-02-11 06:00:00, -12.1, None, 108.0, None
None, 317.0, None, None, None, 2015-02-11 07:00:00, -11.5, None, 108.0, None
None, 317.0, None, None, None, 2015-02-11 08:00:00, -11.9, None, 109.0, None
None, 317.0, None, None, None, 2015-02-11 09:00:00, -11.0, None, 109.0, None
None, 316.0, None, None, None, 2015-02-11 10:00:00, -10.0, None, 109.0, None
None, 316.0, None, None, None, 2015-02-11 11:00:00, -9.9, None, 109.0, None
None, 316.0, None, None, None, 2015-02-11 12:00:00, -10.1, None, 109.0, None
None, 316.0, None, None, None, 2015-02-11 13:00:00, -9.3, None, 109.0, None
None, 317.0, None, None, None, 2015-02-11 14:00:00, -9.8, None, 109.0, None
None, 319.0, None, None, None, 2015-02-11 15:00:00, -9.0, None, 109.0, None
None, 320.0, None, 8.0, None, 2015-02-11 16:00:00, -8.5, None, 109.0, None
None, 321.0, None, None, None, 2015-02-11 17:00:00, -7.1, None, 109.0, None
None, 321.0, None, None, None, 2015-02-11 18:00:00, -6.4, None, 110.0, None
None, 322.0, None, None, None, 2015-02-11 19:00:00, -5.8, None, 110.0, None
None, 322.0, None, None, None, 2015-02-11 20:00:00, -5.4, None, 110.0, None
None, 322.0, None, None, None, 2015-02-11 21:00:00, -4.2, None, 110.0, None
None, 322.0, None, None, None, 2015-02-11 22:00:00, -4.5, None, 111.0, None
None, 322.0, None, None, None, 2015-02-11 23:00:00, -5.0, None, 111.0, None
None, 322.0, None, None, None, 2015-02-12 00:00:00, -5.4, None, 112.0, None
None, 322.0, None, None, None, 2015-02-12 01:00:00, -5.8, None, 112.0, None
None, 323.0, None, None, None, 2015-02-12 02:00:00, -5.6, None, 112.0, None
None, 323.0, None, None, None, 2015-02-12 03:00:00, -5.6, None, 112.0, None
None, 323.0, None, None, None, 2015-02-12 04:00:00, -5.7, None, 113.0, None
None, 323.0, None, None, None, 2015-02-12 05:00:00, -5.4, None, 113.0, None
None, 323.0, None, None, None, 2015-02-12 06:00:00, -5.5, None, 113.0, None
None, 323.0, None, None, None, 2015-02-12 07:00:00, -6.1, None, 113.0, None
None, 323.0, None, None, None, 2015-02-12 08:00:00, -6.1, None, 114.0, None
None, 323.0, None, None, None, 2015-02-12 09:00:00, -5.8, None, 114.0, None
None, 323.0, None, None, None, 2015-02-12 10:00:00, -5.5, None, 114.0, None
None, 323.0, None, None, None, 2015-02-12 11:00:00, -5.6, None, 114.0, None
None, 323.0, None, None, None, 2015-02-12 12:00:00, -4.8, None, 115.0, None
None, 323.0, None, None, None, 2015-02-12 13:00:00, -4.6, None, 115.0, None
None, 323.0, None, None, None, 2015-02-12 14:00:00, -4.6, None, 115.0, None
None, 323.0, None, None, None, 2015-02-12 15:00:00, -4.6, None, 115.0, None
None, 323.0, None, 4.0, None, 2015-02-12 16:00:00, -4.2, None, 115.0, None
None, 323.0, None, None, None, 2015-02-12 17:00:00, -3.8, None, 115.0, None
None, 323.0, None, None, None, 2015-02-12 18:00:00, -2.7, None, 115.0, None
None, 323.0, None, None, None, 2015-02-12 19:00:00, -1.7, None, 115.0, None
None, 323.0, None, None, None, 2015-02-12 20:00:00, -1.5, None, 114.0, None
None, 323.0, None, None, None, 2015-02-12 21:00:00, -0.6, None, 114.0, None
None, 323.0, None, None, None, 2015-02-12 22:00:00, -1.9, None, 114.0, None
None, 323.0, None, None, None, 2015-02-12 23:00:00, -2.0, None, 114.0, None
None, 323.0, None, None, None, 2015-02-13 00:00:00, -2.3, None, 114.0, None
None, 324.0, None, None, None, 2015-02-13 01:00:00, -3.1, None, 114.0, None
None, 324.0, None, None, None, 2015-02-13 02:00:00, -2.9, None, 114.0, None
None, 324.0, None, None, None, 2015-02-13 03:00:00, -2.7, None, 114.0, None
None, 324.0, None, None, None, 2015-02-13 04:00:00, -2.5, None, 114.0, None
None, 324.0, None, None, None, 2015-02-13 05:00:00, -2.5, None, 114.0, None
None, 324.0, None, None, None, 2015-02-13 06:00:00, -2.5, None, 114.0, None
None, 324.0, None, None, None, 2015-02-13 07:00:00, -2.0, None, 114.0, None
None, 324.0, None, None, None, 2015-02-13 08:00:00, -1.7, None, 114.0, None
None, 324.0, None, None, None, 2015-02-13 09:00:00, -1.7, None, 114.0, None
None, 324.0, None, None, None, 2015-02-13 10:00:00, -1.8, None, 114.0, None
None, 324.0, None, None, None, 2015-02-13 11:00:00, -2.6, None, 113.0, None
None, 324.0, None, None, None, 2015-02-13 12:00:00, -2.1, None, 113.0, None
None, 324.0, None, None, None, 2015-02-13 13:00:00, -2.0, None, 113.0, None
None, 324.0, None, None, None, 2015-02-13 14:00:00, -2.2, None, 113.0, None
None, 324.0, None, None, None, 2015-02-13 15:00:00, -1.8, None, 113.0, None
None, 324.0, None, 4.0, None, 2015-02-13 16:00:00, -1.5, None, 113.0, None
None, 327.0, None, None, None, 2015-02-13 17:00:00, -1.4, None, 113.0, None
None, 327.0, None, None, None, 2015-02-13 18:00:00, -0.8, None, 113.0, None
None, 328.0, None, None, None, 2015-02-13 19:00:00, -0.6, None, 113.0, None
None, 328.0, None, None, None, 2015-02-13 20:00:00, -0.2, None, 114.0, None
None, 328.0, None, None, None, 2015-02-13 21:00:00, 1.9, None, 114.0, None
None, 328.0, None, None, None, 2015-02-13 22:00:00, 0.5, None, 114.0, None
None, 328.0, None, None, None, 2015-02-13 23:00:00, -0.4, None, 114.0, None
None, 328.0, None, None, None, 2015-02-14 00:00:00, -1.7, None, 114.0, None
None, 328.0, None, None, None, 2015-02-14 01:00:00, -2.6, None, 115.0, None
None, 329.0, None, None, None, 2015-02-14 02:00:00, -2.3, None, 115.0, None
None, 329.0, None, None, None, 2015-02-14 03:00:00, -3.0, None, 115.0, None
None, 329.0, None, None, None, 2015-02-14 04:00:00, -2.7, None, 115.0, None
None, 329.0, None, None, None, 2015-02-14 05:00:00, -3.3, None, 115.0, None
None, 329.0, None, None, None, 2015-02-14 06:00:00, -3.4, None, 116.0, None
None, 329.0, None, None, None, 2015-02-14 07:00:00, -3.5, None, 116.0, None
None, 329.0, None, None, None, 2015-02-14 08:00:00, -3.5, None, 116.0, None
None, 329.0, None, None, None, 2015-02-14 09:00:00, -3.4, None, 116.0, None
None, 329.0, None, None, None, 2015-02-14 10:00:00, -3.4, None, 117.0, None
None, 329.0, None, None, None, 2015-02-14 11:00:00, -3.5, None, 117.0, None
None, 329.0, None, None, None, 2015-02-14 12:00:00, -3.2, None, 117.0, None
None, 329.0, None, None, None, 2015-02-14 13:00:00, -3.5, None, 118.0, None
None, 329.0, None, None, None, 2015-02-14 14:00:00, -3.7, None, 118.0, None
None, 329.0, None, None, None, 2015-02-14 15:00:00, -3.9, None, 118.0, None
None, 329.0, None, 0.0, None, 2015-02-14 16:00:00, -3.9, None, 117.0, None
None, 329.0, None, None, None, 2015-02-14 17:00:00, -3.2, None, 117.0, None
None, 328.0, None, None, None, 2015-02-14 18:00:00, 1.7, None, 117.0, None
None, 328.0, None, None, None, 2015-02-14 19:00:00, -1.7, None, 117.0, None
None, 328.0, None, None, None, 2015-02-14 20:00:00, -1.7, None, 117.0, None
None, 328.0, None, None, None, 2015-02-14 21:00:00, -0.5, None, 117.0, None
None, 328.0, None, None, None, 2015-02-14 22:00:00, 1.4, None, 117.0, None
None, 328.0, None, None, None, 2015-02-14 23:00:00, -2.0, None, 116.0, None
None, 328.0, None, None, None, 2015-02-15 00:00:00, -3.3, None, 116.0, None
None, 328.0, None, None, None, 2015-02-15 01:00:00, -4.1, None, 116.0, None
None, 328.0, None, None, None, 2015-02-15 02:00:00, -4.5, None, 116.0, None
None, 328.0, None, None, None, 2015-02-15 03:00:00, -5.0, None, 116.0, None
None, 329.0, None, None, None, 2015-02-15 04:00:00, -5.0, None, 116.0, None
None, 329.0, None, None, None, 2015-02-15 05:00:00, -5.5, None, 116.0, None
None, 329.0, None, None, None, 2015-02-15 06:00:00, -5.8, None, 116.0, None
None, 329.0, None, None, None, 2015-02-15 07:00:00, -6.2, None, 116.0, None
None, 329.0, None, None, None, 2015-02-15 08:00:00, -6.3, None, 116.0, None
None, 329.0, None, None, None, 2015-02-15 09:00:00, -6.6, None, 116.0, None
None, 329.0, None, None, None, 2015-02-15 10:00:00, -5.7, None, 115.0, None
None, 329.0, None, None, None, 2015-02-15 11:00:00, -6.4, None, 115.0, None
None, 329.0, None, None, None, 2015-02-15 12:00:00, -6.4, None, 115.0, None
None, 329.0, None, None, None, 2015-02-15 13:00:00, -6.3, None, 115.0, None
None, 329.0, None, None, None, 2015-02-15 14:00:00, -5.9, None, 115.0, None
None, 329.0, None, None, None, 2015-02-15 15:00:00, -6.2, None, 115.0, None
None, 329.0, None, 0.0, None, 2015-02-15 16:00:00, -6.1, None, 115.0, None
None, 329.0, None, None, None, 2015-02-15 17:00:00, -5.8, None, 115.0, None
None, 329.0, None, None, None, 2015-02-15 18:00:00, -4.5, None, 115.0, None
None, 329.0, None, None, None, 2015-02-15 19:00:00, -2.5, None, 115.0, None
None, 328.0, None, None, None, 2015-02-15 20:00:00, -2.5, None, 115.0, None
None, 328.0, None, None, None, 2015-02-15 21:00:00, 0.9, None, 114.0, None
None, 328.0, None, None, None, 2015-02-15 22:00:00, -2.0, None, 114.0, None
None, 328.0, None, None, None, 2015-02-15 23:00:00, -4.1, None, 114.0, None
None, 329.0, None, None, None, 2015-02-16 00:00:00, -4.9, None, 114.0, None
None, 329.0, None, None, None, 2015-02-16 01:00:00, -5.4, None, 114.0, None
None, 329.0, None, None, None, 2015-02-16 02:00:00, -6.6, None, 114.0, None
None, 329.0, None, None, None, 2015-02-16 03:00:00, -6.1, None, 114.0, None
None, 329.0, None, None, None, 2015-02-16 04:00:00, -6.0, None, 114.0, None
None, 329.0, None, None, None, 2015-02-16 05:00:00, -6.2, None, 114.0, None
None, 329.0, None, None, None, 2015-02-16 06:00:00, -8.5, None, 114.0, None
None, 329.0, None, None, None, 2015-02-16 07:00:00, -9.2, None, 114.0, None
None, 329.0, None, None, None, 2015-02-16 08:00:00, -9.9, None, 114.0, None
None, 329.0, None, None, None, 2015-02-16 09:00:00, -9.7, None, 114.0, None
None, 329.0, None, None, None, 2015-02-16 10:00:00, -9.7, None, 114.0, None
None, 329.0, None, None, None, 2015-02-16 11:00:00, -9.3, None, 114.0, None
None, 329.0, None, None, None, 2015-02-16 12:00:00, -10.1, None, 114.0, None
None, 329.0, None, None, None, 2015-02-16 13:00:00, -10.3, None, 114.0, None
None, 329.0, None, None, None, 2015-02-16 14:00:00, -11.0, None, 114.0, None
None, 329.0, None, None, None, 2015-02-16 15:00:00, -11.2, None, 114.0, None
None, 329.0, None, 0.0, None, 2015-02-16 16:00:00, -9.4, None, 114.0, None
None, 329.0, None, None, None, 2015-02-16 17:00:00, -8.3, None, 114.0, None
None, 329.0, None, None, None, 2015-02-16 18:00:00, -5.1, None, 113.0, None
None, 329.0, None, None, None, 2015-02-16 19:00:00, -4.3, None, 113.0, None
None, 328.0, None, None, None, 2015-02-16 20:00:00, -2.6, None, 113.0, None
None, 328.0, None, None, None, 2015-02-16 21:00:00, -2.1, None, 113.0, None
None, 328.0, None, None, None, 2015-02-16 22:00:00, -4.3, None, 113.0, None
None, 329.0, None, None, None, 2015-02-16 23:00:00, -4.3, None, 113.0, None
None, 329.0, None, None, None, 2015-02-17 00:00:00, -6.1, None, 113.0, None
None, 329.0, None, None, None, 2015-02-17 01:00:00, -7.4, None, 113.0, None
None, 329.0, None, None, None, 2015-02-17 02:00:00, -7.5, None, 112.0, None
None, 329.0, None, None, None, 2015-02-17 03:00:00, -7.4, None, 112.0, None
None, 329.0, None, None, None, 2015-02-17 04:00:00, -7.2, None, 112.0, None
None, 329.0, None, None, None, 2015-02-17 05:00:00, -7.2, None, 112.0, None
None, 329.0, None, None, None, 2015-02-17 06:00:00, -7.0, None, 112.0, None
None, 329.0, None, None, None, 2015-02-17 07:00:00, -7.3, None, 112.0, None
None, 329.0, None, None, None, 2015-02-17 08:00:00, -7.4, None, 112.0, None
None, 329.0, None, None, None, 2015-02-17 09:00:00, -7.5, None, 112.0, None
None, 329.0, None, None, None, 2015-02-17 10:00:00, -7.6, None, 112.0, None
None, 329.0, None, None, None, 2015-02-17 11:00:00, -7.2, None, 111.0, None
None, 329.0, None, None, None, 2015-02-17 12:00:00, -6.8, None, 111.0, None
None, 330.0, None, None, None, 2015-02-17 13:00:00, -6.1, None, 111.0, None
None, 330.0, None, None, None, 2015-02-17 14:00:00, -6.1, None, 111.0, None
None, 330.0, None, None, None, 2015-02-17 15:00:00, -5.5, None, 111.0, None
None, 330.0, None, 0.0, None, 2015-02-17 16:00:00, -5.1, None, 111.0, None
None, 330.0, None, None, None, 2015-02-17 17:00:00, -4.4, None, 112.0, None
None, 330.0, None, None, None, 2015-02-17 18:00:00, -2.0, None, 111.0, None
None, 330.0, None, None, None, 2015-02-17 19:00:00, -0.8, None, 111.0, None
None, 330.0, None, None, None, 2015-02-17 20:00:00, 0.6, None, 111.0, None
None, 330.0, None, None, None, 2015-02-17 21:00:00, -0.1, None, 111.0, None
None, 330.0, None, None, None, 2015-02-17 22:00:00, -0.6, None, 111.0, None
None, 330.0, None, None, None, 2015-02-17 23:00:00, 0.9, None, 111.0, None
None, 330.0, None, None, None, 2015-02-18 00:00:00, -2.4, None, 111.0, None
None, 330.0, None, None, None, 2015-02-18 01:00:00, -2.9, None, 111.0, None
None, 330.0, None, None, None, 2015-02-18 02:00:00, -3.2, None, 110.0, None
None, 330.0, None, None, None, 2015-02-18 03:00:00, -3.5, None, 110.0, None
None, 330.0, None, None, None, 2015-02-18 04:00:00, -3.9, None, 110.0, None
None, 330.0, None, None, None, 2015-02-18 05:00:00, -4.7, None, 110.0, None
None, 330.0, None, None, None, 2015-02-18 06:00:00, -4.4, None, 110.0, None
None, 330.0, None, None, None, 2015-02-18 07:00:00, -5.5, None, 110.0, None
None, 330.0, None, None, None, 2015-02-18 08:00:00, -4.7, None, 110.0, None
None, 330.0, None, None, None, 2015-02-18 09:00:00, -5.0, None, 110.0, None
None, 330.0, None, None, None, 2015-02-18 10:00:00, -5.2, None, 110.0, None
None, 330.0, None, None, None, 2015-02-18 11:00:00, -4.1, None, 110.0, None
None, 330.0, None, None, None, 2015-02-18 12:00:00, -4.7, None, 110.0, None
None, 330.0, None, None, None, 2015-02-18 13:00:00, -5.0, None, 111.0, None
None, 330.0, None, None, None, 2015-02-18 14:00:00, -4.0, None, 111.0, None
None, 330.0, None, None, None, 2015-02-18 15:00:00, -4.2, None, 111.0, None
None, 330.0, None, 0.0, None, 2015-02-18 16:00:00, -4.3, None, 111.0, None
None, 330.0, None, None, None, 2015-02-18 17:00:00, -2.1, None, 111.0, None
None, 330.0, None, None, None, 2015-02-18 18:00:00, -1.6, None, 111.0, None
None, 330.0, None, None, None, 2015-02-18 19:00:00, -2.0, None, 111.0, None
None, 330.0, None, None, None, 2015-02-18 20:00:00, -1.7, None, 111.0, None
None, 330.0, None, None, None, 2015-02-18 21:00:00, 0.0, None, 112.0, None
None, 330.0, None, None, None, 2015-02-18 22:00:00, -0.3, None, 112.0, None
None, 330.0, None, None, None, 2015-02-18 23:00:00, -1.8, None, 112.0, None
None, 330.0, None, None, None, 2015-02-19 00:00:00, -2.5, None, 112.0, None
None, 330.0, None, None, None, 2015-02-19 01:00:00, -3.6, None, 112.0, None
None, 330.0, None, None, None, 2015-02-19 02:00:00, -3.8, None, 112.0, None
None, 330.0, None, None, None, 2015-02-19 03:00:00, -4.4, None, 112.0, None
None, 330.0, None, None, None, 2015-02-19 04:00:00, -4.3, None, 112.0, None
None, 330.0, None, None, None, 2015-02-19 05:00:00, -4.8, None, 112.0, None
None, 331.0, None, None, None, 2015-02-19 06:00:00, -4.5, None, 112.0, None
None, 331.0, None, None, None, 2015-02-19 07:00:00, -4.4, None, 112.0, None
None, 331.0, None, None, None, 2015-02-19 08:00:00, -4.6, None, 112.0, None
None, 331.0, None, None, None, 2015-02-19 09:00:00, -4.9, None, 111.0, None
None, 331.0, None, None, None, 2015-02-19 10:00:00, -4.9, None, 111.0, None
None, 331.0, None, None, None, 2015-02-19 11:00:00, -4.9, None, 111.0, None
None, 331.0, None, None, None, 2015-02-19 12:00:00, -5.0, None, 111.0, None
None, 331.0, None, None, None, 2015-02-19 13:00:00, -5.0, None, 111.0, None
None, 331.0, None, None, None, 2015-02-19 14:00:00, -4.9, None, 111.0, None
None, 331.0, None, None, None, 2015-02-19 15:00:00, -4.8, None, 111.0, None
None, 331.0, None, 0.0, None, 2015-02-19 16:00:00, -4.5, None, 110.0, None
None, 331.0, None, None, None, 2015-02-19 17:00:00, -3.9, None, 110.0, None
None, 331.0, None, None, None, 2015-02-19 18:00:00, -2.8, None, 110.0, None
None, 331.0, None, None, None, 2015-02-19 19:00:00, -2.3, None, 110.0, None
None, 331.0, None, None, None, 2015-02-19 20:00:00, -0.8, None, 110.0, None
None, 331.0, None, None, None, 2015-02-19 21:00:00, -1.5, None, 110.0, None
None, 331.0, None, None, None, 2015-02-19 22:00:00, -1.6, None, 110.0, None
None, 331.0, None, None, None, 2015-02-19 23:00:00, -2.0, None, 110.0, None
None, 331.0, None, None, None, 2015-02-20 00:00:00, -2.8, None, 110.0, None
None, 331.0, None, None, None, 2015-02-20 01:00:00, -3.7, None, 110.0, None
None, 331.0, None, None, None, 2015-02-20 02:00:00, -4.0, None, 110.0, None
None, 331.0, None, None, None, 2015-02-20 03:00:00, -3.9, None, 110.0, None
None, 331.0, None, None, None, 2015-02-20 04:00:00, -4.2, None, 110.0, None
None, 331.0, None, None, None, 2015-02-20 05:00:00, -4.2, None, 110.0, None
None, 331.0, None, None, None, 2015-02-20 06:00:00, -5.2, None, 110.0, None
None, 331.0, None, None, None, 2015-02-20 07:00:00, -4.9, None, 110.0, None
None, 331.0, None, None, None, 2015-02-20 08:00:00, -4.7, None, 110.0, None
None, 331.0, None, None, None, 2015-02-20 09:00:00, -4.3, None, 110.0, None
None, 331.0, None, None, None, 2015-02-20 10:00:00, -5.1, None, 110.0, None
None, 331.0, None, None, None, 2015-02-20 11:00:00, -4.6, None, 110.0, None
None, 331.0, None, None, None, 2015-02-20 12:00:00, -5.1, None, 110.0, None
None, 331.0, None, None, None, 2015-02-20 13:00:00, -5.0, None, 110.0, None
None, 331.0, None, None, None, 2015-02-20 14:00:00, -5.4, None, 110.0, None
None, 331.0, None, None, None, 2015-02-20 15:00:00, -5.2, None, 111.0, None
None, 331.0, None, 0.0, None, 2015-02-20 16:00:00, -5.1, None, 111.0, None
None, 331.0, None, None, None, 2015-02-20 17:00:00, -4.3, None, 111.0, None
None, 331.0, None, None, None, 2015-02-20 18:00:00, -2.9, None, 111.0, None
None, 331.0, None, None, None, 2015-02-20 19:00:00, -2.5, None, 111.0, None
None, 331.0, None, None, None, 2015-02-20 20:00:00, -1.8, None, 111.0, None
None, 331.0, None, None, None, 2015-02-20 21:00:00, -0.9, None, 111.0, None
None, 331.0, None, None, None, 2015-02-20 22:00:00, -0.7, None, 111.0, None
None, 331.0, None, None, None, 2015-02-20 23:00:00, 0.1, None, 111.0, None
None, 331.0, None, None, None, 2015-02-21 00:00:00, -3.2, None, 111.0, None
None, 331.0, None, None, None, 2015-02-21 01:00:00, -4.8, None, 111.0, None
None, 331.0, None, None, None, 2015-02-21 02:00:00, -5.2, None, 111.0, None
None, 331.0, None, None, None, 2015-02-21 03:00:00, -6.4, None, 111.0, None
None, 331.0, None, None, None, 2015-02-21 04:00:00, -7.3, None, 111.0, None
None, 331.0, None, None, None, 2015-02-21 05:00:00, -8.1, None, 111.0, None
None, 331.0, None, None, None, 2015-02-21 06:00:00, -8.9, None, 111.0, None
None, 332.0, None, None, None, 2015-02-21 07:00:00, -9.1, None, 111.0, None
None, 332.0, None, None, None, 2015-02-21 08:00:00, -10.4, None, 111.0, None
None, 332.0, None, None, None, 2015-02-21 09:00:00, -10.9, None, 111.0, None
None, 332.0, None, None, None, 2015-02-21 10:00:00, -10.9, None, 111.0, None
None, 332.0, None, None, None, 2015-02-21 11:00:00, -10.4, None, 111.0, None
None, 332.0, None, None, None, 2015-02-21 12:00:00, -10.9, None, 111.0, None
None, 332.0, None, None, None, 2015-02-21 13:00:00, -10.2, None, 111.0, None
None, 332.0, None, None, None, 2015-02-21 14:00:00, -10.4, None, 111.0, None
None, 332.0, None, None, None, 2015-02-21 15:00:00, -10.7, None, 111.0, None
None, 332.0, None, 0.0, None, 2015-02-21 16:00:00, -11.3, None, 111.0, None
None, 332.0, None, None, None, 2015-02-21 17:00:00, -8.3, None, 111.0, None
None, 331.0, None, None, None, 2015-02-21 18:00:00, -3.8, None, 111.0, None
None, 331.0, None, None, None, 2015-02-21 19:00:00, -3.1, None, 111.0, None
None, 331.0, None, None, None, 2015-02-21 20:00:00, -1.5, None, 111.0, None
None, 331.0, None, None, None, 2015-02-21 21:00:00, -1.0, None, 111.0, None
None, 331.0, None, None, None, 2015-02-21 22:00:00, -0.3, None, 111.0, None
None, 331.0, None, None, None, 2015-02-21 23:00:00, -1.7, None, 111.0, None
None, 331.0, None, None, None, 2015-02-22 00:00:00, -4.3, None, 111.0, None
None, 331.0, None, None, None, 2015-02-22 01:00:00, -6.5, None, 111.0, None
None, 331.0, None, None, None, 2015-02-22 02:00:00, -7.5, None, 111.0, None
None, 331.0, None, None, None, 2015-02-22 03:00:00, -8.4, None, 111.0, None
None, 331.0, None, None, None, 2015-02-22 04:00:00, -8.7, None, 110.0, None
None, 331.0, None, None, None, 2015-02-22 05:00:00, -8.2, None, 110.0, None
None, 331.0, None, None, None, 2015-02-22 06:00:00, -8.2, None, 110.0, None
None, 331.0, None, None, None, 2015-02-22 07:00:00, -6.7, None, 110.0, None
None, 331.0, None, None, None, 2015-02-22 08:00:00, -6.4, None, 110.0, None
None, 331.0, None, None, None, 2015-02-22 09:00:00, -6.0, None, 110.0, None
None, 331.0, None, None, None, 2015-02-22 10:00:00, -6.7, None, 110.0, None
None, 331.0, None, None, None, 2015-02-22 11:00:00, -5.9, None, 110.0, None
None, 331.0, None, None, None, 2015-02-22 12:00:00, -5.1, None, 110.0, None
None, 331.0, None, None, None, 2015-02-22 13:00:00, -4.7, None, 110.0, None
None, 331.0, None, None, None, 2015-02-22 14:00:00, -4.5, None, 110.0, None
None, 331.0, None, None, None, 2015-02-22 15:00:00, -4.7, None, 110.0, None
None, 331.0, None, 4.0, None, 2015-02-22 16:00:00, -3.6, None, 110.0, None
None, 331.0, None, None, None, 2015-02-22 17:00:00, -2.1, None, 110.0, None
None, 331.0, None, None, None, 2015-02-22 18:00:00, -0.5, None, 110.0, None
None, 331.0, None, None, None, 2015-02-22 19:00:00, 0.9, None, 109.0, None
None, 331.0, None, None, None, 2015-02-22 20:00:00, 1.3, None, 109.0, None
None, 331.0, None, None, None, 2015-02-22 21:00:00, 3.2, None, 109.0, None
None, 331.0, None, None, None, 2015-02-22 22:00:00, 2.2, None, 109.0, None
None, 331.0, None, None, None, 2015-02-22 23:00:00, 2.1, None, 109.0, None
None, 331.0, None, None, None, 2015-02-23 00:00:00, 2.5, None, 109.0, None
None, 331.0, None, None, None, 2015-02-23 01:00:00, 0.7, None, 109.0, None
None, 331.0, None, None, None, 2015-02-23 02:00:00, 0.6, None, 109.0, None
None, 331.0, None, None, None, 2015-02-23 03:00:00, 0.7, None, 109.0, None
None, 331.0, None, None, None, 2015-02-23 04:00:00, 0.7, None, 109.0, None
None, 331.0, None, None, None, 2015-02-23 05:00:00, 0.5, None, 109.0, None
None, 331.0, None, None, None, 2015-02-23 06:00:00, 0.1, None, 109.0, None
None, 331.0, None, None, None, 2015-02-23 07:00:00, 0.2, None, 109.0, None
None, 331.0, None, None, None, 2015-02-23 08:00:00, 0.1, None, 109.0, None
None, 331.0, None, None, None, 2015-02-23 09:00:00, -0.2, None, 109.0, None
None, 331.0, None, None, None, 2015-02-23 10:00:00, 0.1, None, 109.0, None
None, 331.0, None, None, None, 2015-02-23 11:00:00, 0.8, None, 109.0, None
None, 331.0, None, None, None, 2015-02-23 12:00:00, 0.6, None, 109.0, None
None, 331.0, None, None, None, 2015-02-23 13:00:00, 0.0, None, 109.0, None
None, 331.0, None, None, None, 2015-02-23 14:00:00, -0.1, None, 109.0, None
None, 331.0, None, None, None, 2015-02-23 15:00:00, -0.3, None, 109.0, None
None, 331.0, None, 4.0, None, 2015-02-23 16:00:00, 0.1, None, 109.0, None
None, 331.0, None, None, None, 2015-02-23 17:00:00, 1.4, None, 109.0, None
None, 331.0, None, None, None, 2015-02-23 18:00:00, 2.9, None, 109.0, None
None, 331.0, None, None, None, 2015-02-23 19:00:00, 3.9, None, 109.0, None
None, 331.0, None, None, None, 2015-02-23 20:00:00, 2.6, None, 109.0, None
None, 331.0, None, None, None, 2015-02-23 21:00:00, 1.9, None, 109.0, None
None, 331.0, None, None, None, 2015-02-23 22:00:00, 1.3, None, 109.0, None
None, 331.0, None, None, None, 2015-02-23 23:00:00, 1.1, None, 109.0, None
None, 331.0, None, None, None, 2015-02-24 00:00:00, -0.2, None, 109.0, None
None, 331.0, None, None, None, 2015-02-24 01:00:00, -1.8, None, 109.0, None
None, 331.0, None, None, None, 2015-02-24 02:00:00, -1.3, None, 109.0, None
None, 331.0, None, None, None, 2015-02-24 03:00:00, -2.0, None, 109.0, None
None, 331.0, None, None, None, 2015-02-24 04:00:00, -1.8, None, 109.0, None
None, 331.0, None, None, None, 2015-02-24 05:00:00, -1.8, None, 109.0, None
None, 331.0, None, None, None, 2015-02-24 06:00:00, -3.3, None, 109.0, None
None, 331.0, None, None, None, 2015-02-24 07:00:00, -4.1, None, 109.0, None
None, 331.0, None, None, None, 2015-02-24 08:00:00, -3.2, None, 109.0, None
None, 331.0, None, None, None, 2015-02-24 09:00:00, -3.4, None, 109.0, None
None, 331.0, None, None, None, 2015-02-24 10:00:00, -3.6, None, 109.0, None
None, 331.0, None, None, None, 2015-02-24 11:00:00, -3.7, None, 109.0, None
None, 331.0, None, None, None, 2015-02-24 12:00:00, -3.7, None, 109.0, None
None, 331.0, None, None, None, 2015-02-24 13:00:00, -4.4, None, 109.0, None
None, 331.0, None, None, None, 2015-02-24 14:00:00, -4.4, None, 109.0, None
None, 331.0, None, None, None, 2015-02-24 15:00:00, -5.3, None, 109.0, None
None, 331.0, None, 4.0, None, 2015-02-24 16:00:00, -5.4, None, 109.0, None
None, 331.0, None, None, None, 2015-02-24 17:00:00, -4.5, None, 109.0, None
None, 331.0, None, None, None, 2015-02-24 18:00:00, -3.7, None, 109.0, None
None, 331.0, None, None, None, 2015-02-24 19:00:00, -0.7, None, 109.0, None
None, 331.0, None, None, None, 2015-02-24 20:00:00, -0.8, None, 109.0, None
None, 331.0, None, None, None, 2015-02-24 21:00:00, -0.4, None, 109.0, None
None, 331.0, None, None, None, 2015-02-24 22:00:00, -0.2, None, 108.0, None
None, 331.0, None, None, None, 2015-02-24 23:00:00, -1.9, None, 108.0, None
None, 331.0, None, None, None, 2015-02-25 00:00:00, -2.5, None, 108.0, None
None, 331.0, None, None, None, 2015-02-25 01:00:00, -3.5, None, 108.0, None
None, 331.0, None, None, None, 2015-02-25 02:00:00, -4.2, None, 108.0, None
None, 331.0, None, None, None, 2015-02-25 03:00:00, -5.1, None, 108.0, None
None, 331.0, None, None, None, 2015-02-25 04:00:00, -5.5, None, 108.0, None
None, 331.0, None, None, None, 2015-02-25 05:00:00, -5.7, None, 108.0, None
None, 331.0, None, None, None, 2015-02-25 06:00:00, -6.4, None, 108.0, None
None, 331.0, None, None, None, 2015-02-25 07:00:00, -6.8, None, 108.0, None
None, 331.0, None, None, None, 2015-02-25 08:00:00, -7.9, None, 108.0, None
None, 331.0, None, None, None, 2015-02-25 09:00:00, -8.0, None, 108.0, None
None, 331.0, None, None, None, 2015-02-25 10:00:00, -9.2, None, 108.0, None
None, 331.0, None, None, None, 2015-02-25 11:00:00, -9.8, None, 108.0, None
None, 331.0, None, None, None, 2015-02-25 12:00:00, -9.9, None, 108.0, None
None, 331.0, None, None, None, 2015-02-25 13:00:00, -9.0, None, 108.0, None
None, 331.0, None, None, None, 2015-02-25 14:00:00, -11.1, None, 108.0, None
None, 331.0, None, None, None, 2015-02-25 15:00:00, -9.4, None, 108.0, None
None, 331.0, None, 4.0, None, 2015-02-25 16:00:00, -9.7, None, 108.0, None
None, 331.0, None, None, None, 2015-02-25 17:00:00, -7.0, None, 108.0, None
None, 331.0, None, None, None, 2015-02-25 18:00:00, -2.6, None, 108.0, None
None, 331.0, None, None, None, 2015-02-25 19:00:00, -1.9, None, 108.0, None
None, 331.0, None, None, None, 2015-02-25 20:00:00, 0.4, None, 108.0, None
None, 331.0, None, None, None, 2015-02-25 21:00:00, 0.8, None, 108.0, None
None, 331.0, None, None, None, 2015-02-25 22:00:00, -0.1, None, 108.0, None
None, 331.0, None, None, None, 2015-02-25 23:00:00, -1.8, None, 108.0, None
None, 331.0, None, None, None, 2015-02-26 00:00:00, -4.2, None, 108.0, None
None, 331.0, None, None, None, 2015-02-26 01:00:00, -6.4, None, 108.0, None
None, 331.0, None, None, None, 2015-02-26 02:00:00, -8.4, None, 107.0, None
None, 331.0, None, None, None, 2015-02-26 03:00:00, -8.6, None, 108.0, None
None, 331.0, None, None, None, 2015-02-26 04:00:00, -9.1, None, 108.0, None
None, 331.0, None, None, None, 2015-02-26 05:00:00, -9.3, None, 108.0, None
None, 331.0, None, None, None, 2015-02-26 06:00:00, -8.8, None, 107.0, None
None, 331.0, None, None, None, 2015-02-26 07:00:00, -9.2, None, 107.0, None
None, 331.0, None, None, None, 2015-02-26 08:00:00, -8.1, None, 107.0, None
None, 331.0, None, None, None, 2015-02-26 09:00:00, -7.5, None, 107.0, None
None, 331.0, None, None, None, 2015-02-26 10:00:00, -7.7, None, 107.0, None
None, 331.0, None, None, None, 2015-02-26 11:00:00, -8.7, None, 107.0, None
None, 331.0, None, None, None, 2015-02-26 12:00:00, -9.2, None, 107.0, None
None, 331.0, None, None, None, 2015-02-26 13:00:00, -8.6, None, 107.0, None
None, 331.0, None, None, None, 2015-02-26 14:00:00, -8.7, None, 107.0, None
None, 331.0, None, None, None, 2015-02-26 15:00:00, -9.6, None, 107.0, None
None, 331.0, None, 4.0, None, 2015-02-26 16:00:00, -9.8, None, 107.0, None
None, 331.0, None, None, None, 2015-02-26 17:00:00, -8.0, None, 108.0, None
None, 331.0, None, None, None, 2015-02-26 18:00:00, -2.9, None, 108.0, None
None, 331.0, None, None, None, 2015-02-26 19:00:00, -3.6, None, 108.0, None
None, 331.0, None, None, None, 2015-02-26 20:00:00, -3.5, None, 108.0, None
None, 331.0, None, None, None, 2015-02-26 21:00:00, -3.4, None, 107.0, None
None, 331.0, None, None, None, 2015-02-26 22:00:00, -4.0, None, 107.0, None
None, 331.0, None, None, None, 2015-02-26 23:00:00, -6.0, None, 107.0, None
None, 331.0, None, None, None, 2015-02-27 00:00:00, -6.5, None, 107.0, None
None, 331.0, None, None, None, 2015-02-27 01:00:00, -8.7, None, 107.0, None
None, 331.0, None, None, None, 2015-02-27 02:00:00, -9.7, None, 107.0, None
None, 331.0, None, None, None, 2015-02-27 03:00:00, -10.5, None, 107.0, None
None, 331.0, None, None, None, 2015-02-27 04:00:00, -10.9, None, 107.0, None
None, 331.0, None, None, None, 2015-02-27 05:00:00, -12.0, None, 107.0, None
None, 331.0, None, None, None, 2015-02-27 06:00:00, -12.8, None, 107.0, None
None, 331.0, None, None, None, 2015-02-27 07:00:00, -13.9, None, 107.0, None
None, 332.0, None, None, None, 2015-02-27 08:00:00, -13.8, None, 107.0, None
None, 332.0, None, None, None, 2015-02-27 09:00:00, -14.8, None, 107.0, None
None, 332.0, None, None, None, 2015-02-27 10:00:00, -14.8, None, 107.0, None
None, 332.0, None, None, None, 2015-02-27 11:00:00, -15.1, None, 106.0, None
None, 332.0, None, None, None, 2015-02-27 12:00:00, -15.0, None, 106.0, None
None, 332.0, None, None, None, 2015-02-27 13:00:00, -15.1, None, 106.0, None
None, 332.0, None, None, None, 2015-02-27 14:00:00, -14.7, None, 106.0, None
None, 332.0, None, None, None, 2015-02-27 15:00:00, -14.7, None, 106.0, None
None, 332.0, None, 4.0, None, 2015-02-27 16:00:00, -14.3, None, 107.0, None
None, 332.0, None, None, None, 2015-02-27 17:00:00, -12.1, None, 106.0, None
None, 331.0, None, None, None, 2015-02-27 18:00:00, -8.7, None, 107.0, None
None, 331.0, None, None, None, 2015-02-27 19:00:00, -7.2, None, 106.0, None
None, 331.0, None, None, None, 2015-02-27 20:00:00, -5.8, None, 107.0, None
None, 331.0, None, None, None, 2015-02-27 21:00:00, -4.3, None, 106.0, None
None, 331.0, None, None, None, 2015-02-27 22:00:00, -4.5, None, 106.0, None
None, 331.0, None, None, None, 2015-02-27 23:00:00, -5.1, None, 106.0, None
None, 331.0, None, None, None, 2015-02-28 00:00:00, -6.9, None, 106.0, None
None, 331.0, None, None, None, 2015-02-28 01:00:00, -8.7, None, 106.0, None
None, 331.0, None, None, None, 2015-02-28 02:00:00, -9.5, None, 106.0, None
None, 331.0, None, None, None, 2015-02-28 03:00:00, -9.9, None, 106.0, None
None, 331.0, None, None, None, 2015-02-28 04:00:00, -10.2, None, 106.0, None
None, 331.0, None, None, None, 2015-02-28 05:00:00, -10.4, None, 106.0, None
None, 331.0, None, None, None, 2015-02-28 06:00:00, -10.4, None, 106.0, None
None, 331.0, None, None, None, 2015-02-28 07:00:00, -10.6, None, 106.0, None
None, 331.0, None, None, None, 2015-02-28 08:00:00, -10.2, None, 106.0, None
None, 331.0, None, None, None, 2015-02-28 09:00:00, -10.1, None, 106.0, None
None, 331.0, None, None, None, 2015-02-28 10:00:00, -10.5, None, 106.0, None
None, 331.0, None, None, None, 2015-02-28 11:00:00, -10.3, None, 106.0, None
None, 331.0, None, None, None, 2015-02-28 12:00:00, -11.1, None, 106.0, None
None, 331.0, None, None, None, 2015-02-28 13:00:00, -11.3, None, 106.0, None
None, 331.0, None, None, None, 2015-02-28 14:00:00, -11.4, None, 106.0, None
None, 331.0, None, None, None, 2015-02-28 15:00:00, -11.5, None, 106.0, None
None, 331.0, None, 0.0, None, 2015-02-28 16:00:00, -11.0, None, 106.0, None
None, 331.0, None, None, None, 2015-02-28 17:00:00, -8.0, None, 106.0, None
None, 331.0, None, None, None, 2015-02-28 18:00:00, -5.6, None, 106.0, None
None, 331.0, None, None, None, 2015-02-28 19:00:00, -5.6, None, 106.0, None
None, 331.0, None, None, None, 2015-02-28 20:00:00, -4.7, None, 106.0, None
None, 331.0, None, None, None, 2015-02-28 21:00:00, -4.3, None, 106.0, None
None, 331.0, None, None, None, 2015-02-28 22:00:00, -4.8, None, 106.0, None
None, 331.0, None, None, None, 2015-02-28 23:00:00, -4.7, None, 106.0, None
None, 331.0, None, None, None, 2015-03-01 00:00:00, -6.3, None, 106.0, None
None, 331.0, None, None, None, 2015-03-01 01:00:00, -7.2, None, 106.0, None
None, 331.0, None, None, None, 2015-03-01 02:00:00, -7.9, None, 106.0, None
None, 331.0, None, None, None, 2015-03-01 03:00:00, -9.3, None, 106.0, None
None, 331.0, None, None, None, 2015-03-01 04:00:00, -10.0, None, 106.0, None
None, 331.0, None, None, None, 2015-03-01 05:00:00, -10.1, None, 106.0, None
None, 331.0, None, None, None, 2015-03-01 06:00:00, -11.1, None, 106.0, None
None, 331.0, None, None, None, 2015-03-01 07:00:00, -11.9, None, 106.0, None
None, 331.0, None, None, None, 2015-03-01 08:00:00, -12.1, None, 106.0, None
None, 331.0, None, None, None, 2015-03-01 09:00:00, -11.5, None, 106.0, None
None, 331.0, None, None, None, 2015-03-01 10:00:00, -12.6, None, 106.0, None
None, 331.0, None, None, None, 2015-03-01 11:00:00, -12.3, None, 106.0, None
None, 331.0, None, None, None, 2015-03-01 12:00:00, -12.5, None, 106.0, None
None, 331.0, None, None, None, 2015-03-01 13:00:00, -12.1, None, 106.0, None
None, 331.0, None, None, None, 2015-03-01 14:00:00, -12.5, None, 106.0, None
None, 331.0, None, None, None, 2015-03-01 15:00:00, -11.3, None, 106.0, None
None, 331.0, None, 0.0, None, 2015-03-01 16:00:00, -10.5, None, 106.0, None
None, 331.0, None, None, None, 2015-03-01 17:00:00, -8.6, None, 106.0, None
None, 331.0, None, None, None, 2015-03-01 18:00:00, -7.5, None, 106.0, None
None, 331.0, None, None, None, 2015-03-01 19:00:00, -5.8, None, 106.0, None
None, 331.0, None, None, None, 2015-03-01 20:00:00, -4.6, None, 106.0, None
None, 330.0, None, None, None, 2015-03-01 21:00:00, -3.0, None, 106.0, None
None, 330.0, None, None, None, 2015-03-01 22:00:00, -5.6, None, 106.0, None
None, 331.0, None, None, None, 2015-03-01 23:00:00, -6.7, None, 106.0, None
None, 331.0, None, None, None, 2015-03-02 00:00:00, -5.7, None, 106.0, None
None, 330.0, None, None, None, 2015-03-02 01:00:00, -7.8, None, 106.0, None
None, 330.0, None, None, None, 2015-03-02 02:00:00, -8.6, None, 106.0, None
None, 331.0, None, None, None, 2015-03-02 03:00:00, -9.2, None, 106.0, None
None, 331.0, None, None, None, 2015-03-02 04:00:00, -9.6, None, 106.0, None
None, 331.0, None, None, None, 2015-03-02 05:00:00, -10.1, None, 106.0, None
None, 331.0, None, None, None, 2015-03-02 06:00:00, -10.6, None, 106.0, None
None, 331.0, None, None, None, 2015-03-02 07:00:00, -10.8, None, 106.0, None
None, 331.0, None, None, None, 2015-03-02 08:00:00, -11.2, None, 106.0, None
None, 331.0, None, None, None, 2015-03-02 09:00:00, -11.5, None, 106.0, None
None, 331.0, None, None, None, 2015-03-02 10:00:00, -12.2, None, 106.0, None
None, 331.0, None, None, None, 2015-03-02 11:00:00, -13.0, None, 106.0, None
None, 331.0, None, None, None, 2015-03-02 12:00:00, -15.1, None, 106.0, None
None, 331.0, None, None, None, 2015-03-02 13:00:00, -16.7, None, 106.0, None
None, 331.0, None, None, None, 2015-03-02 14:00:00, -17.7, None, 106.0, None
None, 331.0, None, None, None, 2015-03-02 15:00:00, -18.1, None, 106.0, None
None, 331.0, None, 0.0, None, 2015-03-02 16:00:00, -18.0, None, 106.0, None
None, 331.0, None, None, None, 2015-03-02 17:00:00, -16.0, None, 106.0, None
None, 331.0, None, None, None, 2015-03-02 18:00:00, -10.9, None, 106.0, None
None, 331.0, None, None, None, 2015-03-02 19:00:00, -9.8, None, 106.0, None
None, 331.0, None, None, None, 2015-03-02 20:00:00, -9.1, None, 106.0, None
None, 331.0, None, None, None, 2015-03-02 21:00:00, -8.1, None, 106.0, None
None, 331.0, None, None, None, 2015-03-02 22:00:00, -8.0, None, 105.0, None
None, 331.0, None, None, None, 2015-03-02 23:00:00, -8.5, None, 105.0, None
None, 331.0, None, None, None, 2015-03-03 00:00:00, -10.9, None, 105.0, None
None, 331.0, None, None, None, 2015-03-03 01:00:00, -12.9, None, 105.0, None
None, 331.0, None, None, None, 2015-03-03 02:00:00, -15.8, None, 105.0, None
None, 331.0, None, None, None, 2015-03-03 03:00:00, -17.2, None, 105.0, None
None, 331.0, None, None, None, 2015-03-03 04:00:00, -15.7, None, 105.0, None
None, 331.0, None, None, None, 2015-03-03 05:00:00, -16.4, None, 105.0, None
None, 331.0, None, None, None, 2015-03-03 06:00:00, -15.7, None, 105.0, None
None, 331.0, None, None, None, 2015-03-03 07:00:00, -16.1, None, 105.0, None
None, 331.0, None, None, None, 2015-03-03 08:00:00, -16.2, None, 105.0, None
None, 331.0, None, None, None, 2015-03-03 09:00:00, -16.4, None, 105.0, None
None, 331.0, None, None, None, 2015-03-03 10:00:00, -17.2, None, 105.0, None
None, 331.0, None, None, None, 2015-03-03 11:00:00, -17.4, None, 105.0, None
None, 331.0, None, None, None, 2015-03-03 12:00:00, -17.3, None, 105.0, None
None, 331.0, None, None, None, 2015-03-03 13:00:00, -18.5, None, 105.0, None
None, 331.0, None, None, None, 2015-03-03 14:00:00, -18.5, None, 105.0, None
None, 331.0, None, None, None, 2015-03-03 15:00:00, -17.2, None, 105.0, None
None, 331.0, None, 4.0, None, 2015-03-03 16:00:00, -16.8, None, 106.0, None
None, 331.0, None, None, None, 2015-03-03 17:00:00, -14.1, None, 106.0, None
None, 331.0, None, None, None, 2015-03-03 18:00:00, -9.0, None, 106.0, None
None, 331.0, None, None, None, 2015-03-03 19:00:00, -7.5, None, 106.0, None
None, 331.0, None, None, None, 2015-03-03 20:00:00, -6.3, None, 106.0, None
None, 331.0, None, None, None, 2015-03-03 21:00:00, -5.8, None, 106.0, None
None, 330.0, None, None, None, 2015-03-03 22:00:00, -6.8, None, 105.0, None
None, 330.0, None, None, None, 2015-03-03 23:00:00, -6.4, None, 105.0, None
None, 330.0, None, None, None, 2015-03-04 00:00:00, -9.1, None, 105.0, None
None, 331.0, None, None, None, 2015-03-04 01:00:00, -10.8, None, 105.0, None
None, 331.0, None, None, None, 2015-03-04 02:00:00, -10.8, None, 105.0, None
None, 331.0, None, None, None, 2015-03-04 03:00:00, -10.6, None, 105.0, None
None, 331.0, None, None, None, 2015-03-04 04:00:00, -10.6, None, 105.0, None
None, 331.0, None, None, None, 2015-03-04 05:00:00, -12.5, None, 105.0, None
None, 331.0, None, None, None, 2015-03-04 06:00:00, -10.5, None, 105.0, None
None, 331.0, None, None, None, 2015-03-04 07:00:00, -11.7, None, 105.0, None
None, 331.0, None, None, None, 2015-03-04 08:00:00, -12.0, None, 105.0, None
None, 331.0, None, None, None, 2015-03-04 09:00:00, -12.8, None, 105.0, None
None, 331.0, None, None, None, 2015-03-04 10:00:00, -12.5, None, 105.0, None
None, 331.0, None, None, None, 2015-03-04 11:00:00, -12.2, None, 105.0, None
None, 331.0, None, None, None, 2015-03-04 12:00:00, -11.7, None, 105.0, None
None, 331.0, None, None, None, 2015-03-04 13:00:00, -10.2, None, 105.0, None
None, 331.0, None, None, None, 2015-03-04 14:00:00, -9.7, None, 105.0, None
None, 331.0, None, None, None, 2015-03-04 15:00:00, -9.2, None, 105.0, None
None, 331.0, None, 4.0, None, 2015-03-04 16:00:00, -8.5, None, 105.0, None
None, 330.0, None, None, None, 2015-03-04 17:00:00, -7.0, None, 105.0, None
None, 330.0, None, None, None, 2015-03-04 18:00:00, -5.3, None, 105.0, None
None, 330.0, None, None, None, 2015-03-04 19:00:00, -3.3, None, 106.0, None
None, 330.0, None, None, None, 2015-03-04 20:00:00, -1.2, None, 106.0, None
None, 330.0, None, None, None, 2015-03-04 21:00:00, -3.8, None, 105.0, None
None, 330.0, None, None, None, 2015-03-04 22:00:00, -2.8, None, 105.0, None
None, 330.0, None, None, None, 2015-03-04 23:00:00, -3.0, None, 105.0, None
None, 330.0, None, None, None, 2015-03-05 00:00:00, -4.9, None, 105.0, None
None, 330.0, None, None, None, 2015-03-05 01:00:00, -6.0, None, 105.0, None
None, 330.0, None, None, None, 2015-03-05 02:00:00, -7.8, None, 105.0, None
None, 330.0, None, None, None, 2015-03-05 03:00:00, -8.9, None, 105.0, None
None, 330.0, None, None, None, 2015-03-05 04:00:00, -9.1, None, 105.0, None
None, 330.0, None, None, None, 2015-03-05 05:00:00, -8.7, None, 105.0, None
None, 330.0, None, None, None, 2015-03-05 06:00:00, -7.6, None, 105.0, None
None, 330.0, None, None, None, 2015-03-05 07:00:00, -7.3, None, 105.0, None
None, 330.0, None, None, None, 2015-03-05 08:00:00, -7.3, None, 105.0, None
None, 330.0, None, None, None, 2015-03-05 09:00:00, -7.5, None, 105.0, None
None, 330.0, None, None, None, 2015-03-05 10:00:00, -7.1, None, 105.0, None
None, 330.0, None, None, None, 2015-03-05 11:00:00, -7.1, None, 105.0, None
None, 330.0, None, None, None, 2015-03-05 12:00:00, -7.0, None, 105.0, None
None, 330.0, None, None, None, 2015-03-05 13:00:00, -7.0, None, 105.0, None
None, 330.0, None, None, None, 2015-03-05 14:00:00, -7.0, None, 105.0, None
None, 330.0, None, None, None, 2015-03-05 15:00:00, -7.6, None, 105.0, None
None, 330.0, None, 0.0, None, 2015-03-05 16:00:00, -5.8, None, 105.0, None
None, 330.0, None, None, None, 2015-03-05 17:00:00, -3.8, None, 105.0, None
None, 330.0, None, None, None, 2015-03-05 18:00:00, -2.5, None, 105.0, None
None, 330.0, None, None, None, 2015-03-05 19:00:00, -2.1, None, 105.0, None
None, 330.0, None, None, None, 2015-03-05 20:00:00, -1.4, None, 105.0, None
None, 330.0, None, None, None, 2015-03-05 21:00:00, -1.8, None, 105.0, None
None, 330.0, None, None, None, 2015-03-05 22:00:00, -2.7, None, 105.0, None
None, 330.0, None, None, None, 2015-03-05 23:00:00, -3.0, None, 105.0, None
None, 331.0, None, None, None, 2015-03-06 00:00:00, -3.5, None, 105.0, None
None, 331.0, None, None, None, 2015-03-06 01:00:00, -4.1, None, 105.0, None
None, 331.0, None, None, None, 2015-03-06 02:00:00, -4.5, None, 104.0, None
None, 332.0, None, None, None, 2015-03-06 03:00:00, -4.4, None, 104.0, None
None, 332.0, None, None, None, 2015-03-06 04:00:00, -4.4, None, 104.0, None
None, 333.0, None, None, None, 2015-03-06 05:00:00, -4.4, None, 105.0, None
None, 334.0, None, None, None, 2015-03-06 06:00:00, -4.6, None, 105.0, None
None, 334.0, None, None, None, 2015-03-06 07:00:00, -4.8, None, 105.0, None
None, 334.0, None, None, None, 2015-03-06 08:00:00, -4.9, None, 105.0, None
None, 334.0, None, None, None, 2015-03-06 09:00:00, -4.5, None, 105.0, None
None, 335.0, None, None, None, 2015-03-06 10:00:00, -4.6, None, 105.0, None
None, 334.0, None, None, None, 2015-03-06 11:00:00, -5.2, None, 106.0, None
None, 335.0, None, None, None, 2015-03-06 12:00:00, -5.8, None, 106.0, None
None, 335.0, None, None, None, 2015-03-06 13:00:00, -6.3, None, 106.0, None
None, 335.0, None, None, None, 2015-03-06 14:00:00, -6.6, None, 106.0, None
None, 335.0, None, None, None, 2015-03-06 15:00:00, -7.2, None, 107.0, None
None, 335.0, None, 0.0, None, 2015-03-06 16:00:00, -6.5, None, 107.0, None
None, 335.0, None, None, None, 2015-03-06 17:00:00, -5.9, None, 107.0, None
None, 334.0, None, None, None, 2015-03-06 18:00:00, -4.5, None, 108.0, None
None, 334.0, None, None, None, 2015-03-06 19:00:00, -4.0, None, 108.0, None
None, 334.0, None, None, None, 2015-03-06 20:00:00, -3.5, None, 108.0, None
None, 334.0, None, None, None, 2015-03-06 21:00:00, -2.8, None, 109.0, None
None, 334.0, None, None, None, 2015-03-06 22:00:00, 0.2, None, 109.0, None
None, 334.0, None, None, None, 2015-03-06 23:00:00, -0.5, None, 109.0, None
None, 334.0, None, None, None, 2015-03-07 00:00:00, -3.1, None, 110.0, None
None, 334.0, None, None, None, 2015-03-07 01:00:00, -4.6, None, 110.0, None
None, 334.0, None, None, None, 2015-03-07 02:00:00, -5.8, None, 110.0, None
None, 334.0, None, None, None, 2015-03-07 03:00:00, -5.9, None, 110.0, None
None, 334.0, None, None, None, 2015-03-07 04:00:00, -5.9, None, 110.0, None
None, 334.0, None, None, None, 2015-03-07 05:00:00, -5.8, None, 110.0, None
None, 335.0, None, None, None, 2015-03-07 06:00:00, -6.1, None, 110.0, None
None, 335.0, None, None, None, 2015-03-07 07:00:00, -6.4, None, 110.0, None
None, 334.0, None, None, None, 2015-03-07 08:00:00, -6.6, None, 109.0, None
None, 335.0, None, None, None, 2015-03-07 09:00:00, -7.8, None, 109.0, None
None, 335.0, None, None, None, 2015-03-07 10:00:00, -8.5, None, 109.0, None
None, 335.0, None, None, None, 2015-03-07 11:00:00, -8.7, None, 109.0, None
None, 335.0, None, None, None, 2015-03-07 12:00:00, -9.8, None, 109.0, None
None, 335.0, None, None, None, 2015-03-07 13:00:00, -9.7, None, 109.0, None
None, 335.0, None, None, None, 2015-03-07 14:00:00, -10.6, None, 109.0, None
None, 335.0, None, None, None, 2015-03-07 15:00:00, -9.8, None, 109.0, None
None, 335.0, None, 0.0, None, 2015-03-07 16:00:00, -8.6, None, 109.0, None
None, 335.0, None, None, None, 2015-03-07 17:00:00, -5.8, None, 109.0, None
None, 334.0, None, None, None, 2015-03-07 18:00:00, -2.9, None, 109.0, None
None, 334.0, None, None, None, 2015-03-07 19:00:00, -2.6, None, 109.0, None
None, 334.0, None, None, None, 2015-03-07 20:00:00, -1.4, None, 109.0, None
None, 334.0, None, None, None, 2015-03-07 21:00:00, 0.1, None, 109.0, None
None, 334.0, None, None, None, 2015-03-07 22:00:00, -0.1, None, 109.0, None
None, 334.0, None, None, None, 2015-03-07 23:00:00, -0.9, None, 109.0, None
None, 334.0, None, None, None, 2015-03-08 00:00:00, -2.9, None, 109.0, None
None, 334.0, None, None, None, 2015-03-08 01:00:00, -3.4, None, 109.0, None
None, 334.0, None, None, None, 2015-03-08 02:00:00, -3.6, None, 109.0, None
None, 334.0, None, None, None, 2015-03-08 03:00:00, -3.4, None, 109.0, None
None, 334.0, None, None, None, 2015-03-08 04:00:00, -3.7, None, 109.0, None
None, 334.0, None, None, None, 2015-03-08 05:00:00, -3.7, None, 109.0, None
None, 334.0, None, None, None, 2015-03-08 06:00:00, -4.0, None, 108.0, None
None, 334.0, None, None, None, 2015-03-08 07:00:00, -3.5, None, 108.0, None
None, 334.0, None, None, None, 2015-03-08 08:00:00, -3.1, None, 108.0, None
None, 334.0, None, None, None, 2015-03-08 09:00:00, -2.6, None, 108.0, None
None, 334.0, None, None, None, 2015-03-08 10:00:00, -2.3, None, 108.0, None
None, 334.0, None, None, None, 2015-03-08 11:00:00, -1.7, None, 108.0, None
None, 334.0, None, None, None, 2015-03-08 12:00:00, -1.7, None, 108.0, None
None, 334.0, None, None, None, 2015-03-08 13:00:00, -1.8, None, 108.0, None
None, 334.0, None, None, None, 2015-03-08 14:00:00, -1.9, None, 108.0, None
None, 334.0, None, None, None, 2015-03-08 15:00:00, -1.8, None, 108.0, None
None, 334.0, None, 0.0, None, 2015-03-08 16:00:00, -1.0, None, 108.0, None
None, 334.0, None, None, None, 2015-03-08 17:00:00, -0.4, None, 108.0, None
None, 334.0, None, None, None, 2015-03-08 18:00:00, 0.4, None, 107.0, None
None, 334.0, None, None, None, 2015-03-08 19:00:00, 2.5, None, 107.0, None
None, 333.0, None, None, None, 2015-03-08 20:00:00, 3.8, None, 107.0, None
None, 333.0, None, None, None, 2015-03-08 21:00:00, 2.7, None, 107.0, None
None, 333.0, None, None, None, 2015-03-08 22:00:00, 1.5, None, 107.0, None
None, 334.0, None, None, None, 2015-03-08 23:00:00, 0.9, None, 107.0, None
None, 334.0, None, None, None, 2015-03-09 00:00:00, -0.5, None, 107.0, None
None, 334.0, None, None, None, 2015-03-09 01:00:00, -1.1, None, 107.0, None
None, 334.0, None, None, None, 2015-03-09 02:00:00, -1.6, None, 107.0, None
None, 334.0, None, None, None, 2015-03-09 03:00:00, -2.1, None, 107.0, None
None, 334.0, None, None, None, 2015-03-09 04:00:00, -2.2, None, 107.0, None
None, 334.0, None, None, None, 2015-03-09 05:00:00, -2.8, None, 106.0, None
None, 334.0, None, None, None, 2015-03-09 06:00:00, -3.4, None, 106.0, None
None, 334.0, None, None, None, 2015-03-09 07:00:00, -3.6, None, 106.0, None
None, 334.0, None, None, None, 2015-03-09 08:00:00, -4.1, None, 106.0, None
None, 334.0, None, None, None, 2015-03-09 09:00:00, -4.3, None, 106.0, None
None, 334.0, None, None, None, 2015-03-09 10:00:00, -4.3, None, 106.0, None
None, 334.0, None, None, None, 2015-03-09 11:00:00, -4.6, None, 106.0, None
None, 334.0, None, None, None, 2015-03-09 12:00:00, -5.3, None, 106.0, None
None, 335.0, None, None, None, 2015-03-09 13:00:00, -6.3, None, 105.0, None
None, 335.0, None, None, None, 2015-03-09 14:00:00, -5.9, None, 106.0, None
None, 334.0, None, None, None, 2015-03-09 15:00:00, -6.3, None, 106.0, None
None, 334.0, None, 0.0, None, 2015-03-09 16:00:00, -5.9, None, 106.0, None
None, 334.0, None, None, None, 2015-03-09 17:00:00, -4.1, None, 105.0, None
None, 334.0, None, None, None, 2015-03-09 18:00:00, -2.7, None, 106.0, None
None, 334.0, None, None, None, 2015-03-09 19:00:00, -1.4, None, 106.0, None
None, 334.0, None, None, None, 2015-03-09 20:00:00, -0.1, None, 106.0, None
None, 334.0, None, None, None, 2015-03-09 21:00:00, -0.1, None, 105.0, None
None, 334.0, None, None, None, 2015-03-09 22:00:00, -3.1, None, 105.0, None
None, 334.0, None, None, None, 2015-03-09 23:00:00, -3.8, None, 105.0, None
None, 334.0, None, None, None, 2015-03-10 00:00:00, -5.6, None, 105.0, None
None, 334.0, None, None, None, 2015-03-10 01:00:00, -6.6, None, 105.0, None
None, 334.0, None, None, None, 2015-03-10 02:00:00, -7.6, None, 105.0, None
None, 334.0, None, None, None, 2015-03-10 03:00:00, -8.5, None, 105.0, None
None, 334.0, None, None, None, 2015-03-10 04:00:00, -8.7, None, 105.0, None
None, 334.0, None, None, None, 2015-03-10 05:00:00, -8.5, None, 106.0, None
None, 334.0, None, None, None, 2015-03-10 06:00:00, -10.2, None, 106.0, None
None, 334.0, None, None, None, 2015-03-10 07:00:00, -10.3, None, 106.0, None
None, 334.0, None, None, None, 2015-03-10 08:00:00, -10.0, None, 106.0, None
None, 334.0, None, None, None, 2015-03-10 09:00:00, -9.9, None, 106.0, None
None, 334.0, None, None, None, 2015-03-10 10:00:00, -10.8, None, 106.0, None
None, 334.0, None, None, None, 2015-03-10 11:00:00, -10.9, None, 106.0, None
None, 335.0, None, None, None, 2015-03-10 12:00:00, -11.6, None, 106.0, None
None, 335.0, None, None, None, 2015-03-10 13:00:00, -11.9, None, 106.0, None
None, 335.0, None, None, None, 2015-03-10 14:00:00, -12.0, None, 106.0, None
None, 335.0, None, None, None, 2015-03-10 15:00:00, -11.8, None, 106.0, None
None, 334.0, None, 0.0, None, 2015-03-10 16:00:00, -9.9, None, 106.0, None
None, 334.0, None, None, None, 2015-03-10 17:00:00, -7.9, None, 106.0, None
None, 334.0, None, None, None, 2015-03-10 18:00:00, -4.9, None, 106.0, None
None, 334.0, None, None, None, 2015-03-10 19:00:00, -6.5, None, 106.0, None
None, 334.0, None, None, None, 2015-03-10 20:00:00, -4.5, None, 106.0, None
None, 334.0, None, None, None, 2015-03-10 21:00:00, -2.3, None, 106.0, None
None, 334.0, None, None, None, 2015-03-10 22:00:00, -4.5, None, 106.0, None
None, 334.0, None, None, None, 2015-03-10 23:00:00, -4.6, None, 106.0, None
None, 334.0, None, None, None, 2015-03-11 00:00:00, -6.7, None, 106.0, None
None, 334.0, None, None, None, 2015-03-11 01:00:00, -7.6, None, 106.0, None
None, 334.0, None, None, None, 2015-03-11 02:00:00, -10.8, None, 106.0, None
None, 334.0, None, None, None, 2015-03-11 03:00:00, -11.2, None, 106.0, None
None, 334.0, None, None, None, 2015-03-11 04:00:00, -12.0, None, 106.0, None
None, 334.0, None, None, None, 2015-03-11 05:00:00, -10.7, None, 106.0, None
None, 334.0, None, None, None, 2015-03-11 06:00:00, -10.9, None, 106.0, None
None, 334.0, None, None, None, 2015-03-11 07:00:00, -10.9, None, 106.0, None
None, 334.0, None, None, None, 2015-03-11 08:00:00, -10.2, None, 106.0, None
None, 334.0, None, None, None, 2015-03-11 09:00:00, -9.7, None, 106.0, None
None, 334.0, None, None, None, 2015-03-11 10:00:00, -9.8, None, 106.0, None
None, 334.0, None, None, None, 2015-03-11 11:00:00, -8.9, None, 106.0, None
None, 334.0, None, None, None, 2015-03-11 12:00:00, -8.4, None, 106.0, None
None, 334.0, None, None, None, 2015-03-11 13:00:00, -8.5, None, 106.0, None
None, 334.0, None, None, None, 2015-03-11 14:00:00, -8.1, None, 106.0, None
None, 335.0, None, None, None, 2015-03-11 15:00:00, -8.7, None, 106.0, None
None, 335.0, None, 0.0, None, 2015-03-11 16:00:00, -7.7, None, 106.0, None
None, 335.0, None, None, None, 2015-03-11 17:00:00, -7.2, None, 106.0, None
None, 335.0, None, None, None, 2015-03-11 18:00:00, -5.8, None, 106.0, None
None, 336.0, None, None, None, 2015-03-11 19:00:00, -5.1, None, 106.0, None
None, 336.0, None, None, None, 2015-03-11 20:00:00, -5.3, None, 106.0, None
None, 337.0, None, None, None, 2015-03-11 21:00:00, -4.4, None, 106.0, None
None, 337.0, None, None, None, 2015-03-11 22:00:00, -6.3, None, 106.0, None
None, 338.0, None, None, None, 2015-03-11 23:00:00, -6.0, None, 106.0, None
None, 338.0, None, None, None, 2015-03-12 00:00:00, -5.3, None, 106.0, None
None, 338.0, None, None, None, 2015-03-12 01:00:00, -4.9, None, 106.0, None
None, 338.0, None, None, None, 2015-03-12 02:00:00, -4.5, None, 107.0, None
None, 338.0, None, None, None, 2015-03-12 03:00:00, -4.3, None, 107.0, None
None, 338.0, None, None, None, 2015-03-12 04:00:00, -3.7, None, 107.0, None
None, 338.0, None, None, None, 2015-03-12 05:00:00, -2.5, None, 108.0, None
None, 339.0, None, None, None, 2015-03-12 06:00:00, -2.3, None, 108.0, None
None, 339.0, None, None, None, 2015-03-12 07:00:00, -1.5, None, 108.0, None
None, 339.0, None, None, None, 2015-03-12 08:00:00, -1.4, None, 108.0, None
None, 339.0, None, None, None, 2015-03-12 09:00:00, -1.3, None, 108.0, None
None, 339.0, None, None, None, 2015-03-12 10:00:00, -1.1, None, 109.0, None
None, 339.0, None, None, None, 2015-03-12 11:00:00, -1.1, None, 109.0, None
None, 339.0, None, None, None, 2015-03-12 12:00:00, -1.2, None, 109.0, None
None, 340.0, None, None, None, 2015-03-12 13:00:00, -1.6, None, 109.0, None
None, 342.0, None, None, None, 2015-03-12 14:00:00, -2.3, None, 110.0, None
None, 342.0, None, None, None, 2015-03-12 15:00:00, -2.2, None, 110.0, None
None, 342.0, None, 0.0, None, 2015-03-12 16:00:00, -1.4, None, 111.0, None
None, 342.0, None, None, None, 2015-03-12 17:00:00, -0.7, None, 111.0, None
None, 342.0, None, None, None, 2015-03-12 18:00:00, 0.0, None, 111.0, None
None, 341.0, None, None, None, 2015-03-12 19:00:00, -0.3, None, 111.0, None
None, 341.0, None, None, None, 2015-03-12 20:00:00, 0.9, None, 112.0, None
None, 341.0, None, None, None, 2015-03-12 21:00:00, 0.2, None, 112.0, None
None, 341.0, None, None, None, 2015-03-12 22:00:00, 0.4, None, 112.0, None
None, 342.0, None, None, None, 2015-03-12 23:00:00, -0.3, None, 112.0, None
None, 342.0, None, None, None, 2015-03-13 00:00:00, -1.7, None, 112.0, None
None, 343.0, None, None, None, 2015-03-13 01:00:00, -2.3, None, 112.0, None
None, 343.0, None, None, None, 2015-03-13 02:00:00, -2.3, None, 112.0, None
None, 343.0, None, None, None, 2015-03-13 03:00:00, -2.3, None, 113.0, None
None, 343.0, None, None, None, 2015-03-13 04:00:00, -2.2, None, 113.0, None
None, 342.0, None, None, None, 2015-03-13 05:00:00, -2.4, None, 113.0, None
None, 343.0, None, None, None, 2015-03-13 06:00:00, -2.5, None, 113.0, None
None, 343.0, None, None, None, 2015-03-13 07:00:00, -2.7, None, 114.0, None
None, 343.0, None, None, None, 2015-03-13 08:00:00, -2.5, None, 114.0, None
None, 343.0, None, None, None, 2015-03-13 09:00:00, -2.8, None, 115.0, None
None, 343.0, None, None, None, 2015-03-13 10:00:00, -2.5, None, 115.0, None
None, 343.0, None, None, None, 2015-03-13 11:00:00, -3.3, None, 115.0, None
None, 343.0, None, None, None, 2015-03-13 12:00:00, -2.7, None, 115.0, None
None, 343.0, None, None, None, 2015-03-13 13:00:00, -2.4, None, 115.0, None
None, 343.0, None, None, None, 2015-03-13 14:00:00, -2.4, None, 115.0, None
None, 343.0, None, None, None, 2015-03-13 15:00:00, -1.6, None, 115.0, None
None, 343.0, None, 0.0, None, 2015-03-13 16:00:00, -0.7, None, 116.0, None
None, 343.0, None, None, None, 2015-03-13 17:00:00, 0.4, None, 116.0, None
None, 342.0, None, None, None, 2015-03-13 18:00:00, 0.7, None, 116.0, None
None, 343.0, None, None, None, 2015-03-13 19:00:00, 2.4, None, 116.0, None
None, 343.0, None, None, None, 2015-03-13 20:00:00, 3.0, None, 116.0, None
None, 343.0, None, None, None, 2015-03-13 21:00:00, 1.5, None, 116.0, None
None, 343.0, None, None, None, 2015-03-13 22:00:00, 1.3, None, 116.0, None
None, 343.0, None, None, None, 2015-03-13 23:00:00, 1.3, None, 116.0, None
None, 343.0, None, None, None, 2015-03-14 00:00:00, 1.0, None, 116.0, None
None, 343.0, None, None, None, 2015-03-14 01:00:00, 0.8, None, 116.0, None
None, 343.0, None, None, None, 2015-03-14 02:00:00, 1.1, None, 116.0, None
None, 343.0, None, None, None, 2015-03-14 03:00:00, 1.3, None, 115.0, None
None, 343.0, None, None, None, 2015-03-14 04:00:00, 1.1, None, 115.0, None
None, 343.0, None, None, None, 2015-03-14 05:00:00, 1.0, None, 115.0, None
None, 343.0, None, None, None, 2015-03-14 06:00:00, 1.0, None, 115.0, None
None, 343.0, None, None, None, 2015-03-14 07:00:00, 0.6, None, 115.0, None
None, 343.0, None, None, None, 2015-03-14 08:00:00, 0.9, None, 115.0, None
None, 343.0, None, None, None, 2015-03-14 09:00:00, 0.6, None, 115.0, None
None, 343.0, None, None, None, 2015-03-14 10:00:00, 0.1, None, 115.0, None
None, 343.0, None, None, None, 2015-03-14 11:00:00, -0.2, None, 114.0, None
None, 343.0, None, None, None, 2015-03-14 12:00:00, -0.3, None, 114.0, None
None, 343.0, None, None, None, 2015-03-14 13:00:00, -0.8, None, 114.0, None
None, 343.0, None, None, None, 2015-03-14 14:00:00, -0.9, None, 114.0, None
None, 344.0, None, None, None, 2015-03-14 15:00:00, -1.4, None, 114.0, None
None, 344.0, None, 0.0, None, 2015-03-14 16:00:00, -1.6, None, 114.0, None
None, 346.0, None, None, None, 2015-03-14 17:00:00, -2.5, None, 114.0, None
None, 347.0, None, None, None, 2015-03-14 18:00:00, -2.8, None, 114.0, None
None, 348.0, None, None, None, 2015-03-14 19:00:00, -2.6, None, 114.0, None
None, 350.0, None, None, None, 2015-03-14 20:00:00, -3.7, None, 115.0, None
None, 350.0, None, None, None, 2015-03-14 21:00:00, -3.9, None, 116.0, None
None, 350.0, None, None, None, 2015-03-14 22:00:00, -4.7, None, 116.0, None
None, 351.0, None, None, None, 2015-03-14 23:00:00, -6.2, None, 116.0, None
None, 351.0, None, None, None, 2015-03-15 00:00:00, -6.8, None, 117.0, None
None, 352.0, None, None, None, 2015-03-15 01:00:00, -7.6, None, 117.0, None
None, 353.0, None, None, None, 2015-03-15 02:00:00, -8.8, None, 117.0, None
None, 353.0, None, None, None, 2015-03-15 03:00:00, -9.6, None, 118.0, None
None, 353.0, None, None, None, 2015-03-15 04:00:00, -10.9, None, 118.0, None
None, 353.0, None, None, None, 2015-03-15 05:00:00, -11.4, None, 119.0, None
None, 353.0, None, None, None, 2015-03-15 06:00:00, -11.5, None, 120.0, None
None, 353.0, None, None, None, 2015-03-15 07:00:00, -12.2, None, 120.0, None
None, 354.0, None, None, None, 2015-03-15 08:00:00, -13.4, None, 121.0, None
None, 354.0, None, None, None, 2015-03-15 09:00:00, -13.6, None, 121.0, None
None, 353.0, None, None, None, 2015-03-15 10:00:00, -13.8, None, 122.0, None
None, 353.0, None, None, None, 2015-03-15 11:00:00, -12.8, None, 122.0, None
None, 354.0, None, None, None, 2015-03-15 12:00:00, -13.2, None, 123.0, None
None, 354.0, None, None, None, 2015-03-15 13:00:00, -14.0, None, 124.0, None
None, 354.0, None, None, None, 2015-03-15 14:00:00, -14.0, None, 124.0, None
None, 354.0, None, None, None, 2015-03-15 15:00:00, -14.1, None, 124.0, None
None, 354.0, None, 0.0, None, 2015-03-15 16:00:00, -12.2, None, 125.0, None
None, 353.0, None, None, None, 2015-03-15 17:00:00, -11.6, None, 125.0, None
None, 353.0, None, None, None, 2015-03-15 18:00:00, -10.6, None, 125.0, None
None, 353.0, None, None, None, 2015-03-15 19:00:00, -6.7, None, 125.0, None
None, 353.0, None, None, None, 2015-03-15 20:00:00, -6.2, None, 125.0, None
None, 353.0, None, None, None, 2015-03-15 21:00:00, -5.9, None, 125.0, None
None, 353.0, None, None, None, 2015-03-15 22:00:00, -7.5, None, 125.0, None
None, 353.0, None, None, None, 2015-03-15 23:00:00, -5.2, None, 125.0, None
None, 353.0, None, None, None, 2015-03-16 00:00:00, -7.1, None, 125.0, None
None, 353.0, None, None, None, 2015-03-16 01:00:00, -9.1, None, 124.0, None
None, 353.0, None, None, None, 2015-03-16 02:00:00, -10.5, None, 124.0, None
None, 353.0, None, None, None, 2015-03-16 03:00:00, -11.2, None, 124.0, None
None, 353.0, None, None, None, 2015-03-16 04:00:00, -11.4, None, 124.0, None
None, 353.0, None, None, None, 2015-03-16 05:00:00, -12.8, None, 124.0, None
None, 353.0, None, None, None, 2015-03-16 06:00:00, -11.7, None, 124.0, None
None, 353.0, None, None, None, 2015-03-16 07:00:00, -13.0, None, 124.0, None
None, 353.0, None, None, None, 2015-03-16 08:00:00, -13.1, None, 124.0, None
None, 353.0, None, None, None, 2015-03-16 09:00:00, -12.3, None, 124.0, None
None, 353.0, None, None, None, 2015-03-16 10:00:00, -13.3, None, 124.0, None
None, 353.0, None, None, None, 2015-03-16 11:00:00, -13.2, None, 124.0, None
None, 354.0, None, None, None, 2015-03-16 12:00:00, -13.6, None, 124.0, None
None, 354.0, None, None, None, 2015-03-16 13:00:00, -13.7, None, 124.0, None
None, 354.0, None, None, None, 2015-03-16 14:00:00, -14.0, None, 124.0, None
None, 353.0, None, None, None, 2015-03-16 15:00:00, -11.3, None, 124.0, None
None, 353.0, None, 4.0, None, 2015-03-16 16:00:00, -9.4, None, 123.0, None
None, 353.0, None, None, None, 2015-03-16 17:00:00, -8.1, None, 123.0, None
None, 353.0, None, None, None, 2015-03-16 18:00:00, -4.8, None, 123.0, None
None, 353.0, None, None, None, 2015-03-16 19:00:00, -2.8, None, 123.0, None
None, 353.0, None, None, None, 2015-03-16 20:00:00, -0.6, None, 123.0, None
None, 352.0, None, None, None, 2015-03-16 21:00:00, -0.2, None, 123.0, None
None, 352.0, None, None, None, 2015-03-16 22:00:00, 0.7, None, 123.0, None
None, 352.0, None, None, None, 2015-03-16 23:00:00, -0.6, None, 122.0, None
None, 352.0, None, None, None, 2015-03-17 00:00:00, -3.9, None, 122.0, None
None, 353.0, None, None, None, 2015-03-17 01:00:00, -5.3, None, 122.0, None
None, 353.0, None, None, None, 2015-03-17 02:00:00, -8.5, None, 122.0, None
None, 353.0, None, None, None, 2015-03-17 03:00:00, -9.4, None, 122.0, None
None, 353.0, None, None, None, 2015-03-17 04:00:00, -11.2, None, 122.0, None
None, 353.0, None, None, None, 2015-03-17 05:00:00, -9.9, None, 122.0, None
None, 353.0, None, None, None, 2015-03-17 06:00:00, -9.8, None, 122.0, None
None, 353.0, None, None, None, 2015-03-17 07:00:00, -9.8, None, 122.0, None
None, 353.0, None, None, None, 2015-03-17 08:00:00, -9.9, None, 121.0, None
None, 353.0, None, None, None, 2015-03-17 09:00:00, -9.0, None, 121.0, None
None, 353.0, None, None, None, 2015-03-17 10:00:00, -7.8, None, 121.0, None
None, 353.0, None, None, None, 2015-03-17 11:00:00, -7.4, None, 121.0, None
None, 353.0, None, None, None, 2015-03-17 12:00:00, -7.5, None, 121.0, None
None, 353.0, None, None, None, 2015-03-17 13:00:00, -7.7, None, 121.0, None
None, 353.0, None, None, None, 2015-03-17 14:00:00, -7.6, None, 121.0, None
None, 353.0, None, None, None, 2015-03-17 15:00:00, -5.3, None, 121.0, None
None, 353.0, None, 0.0, None, 2015-03-17 16:00:00, -3.1, None, 121.0, None
None, 353.0, None, None, None, 2015-03-17 17:00:00, -0.8, None, 121.0, None
None, 352.0, None, None, None, 2015-03-17 18:00:00, 4.3, None, 121.0, None
None, 352.0, None, None, None, 2015-03-17 19:00:00, 5.5, None, 121.0, None
None, 352.0, None, None, None, 2015-03-17 20:00:00, 5.6, None, 120.0, None
None, 352.0, None, None, None, 2015-03-17 21:00:00, 7.3, None, 120.0, None
None, 352.0, None, None, None, 2015-03-17 22:00:00, 6.4, None, 120.0, None
None, 351.0, None, None, None, 2015-03-17 23:00:00, 4.7, None, 120.0, None
None, 352.0, None, None, None, 2015-03-18 00:00:00, 2.2, None, 120.0, None
None, 352.0, None, None, None, 2015-03-18 01:00:00, 0.1, None, 120.0, None
None, 352.0, None, None, None, 2015-03-18 02:00:00, -3.4, None, 120.0, None
None, 352.0, None, None, None, 2015-03-18 03:00:00, -5.6, None, 120.0, None
None, 352.0, None, None, None, 2015-03-18 04:00:00, -6.0, None, 120.0, None
None, 352.0, None, None, None, 2015-03-18 05:00:00, -5.7, None, 119.0, None
None, 352.0, None, None, None, 2015-03-18 06:00:00, -5.3, None, 119.0, None
None, 352.0, None, None, None, 2015-03-18 07:00:00, -5.9, None, 119.0, None
None, 352.0, None, None, None, 2015-03-18 08:00:00, -5.2, None, 119.0, None
None, 352.0, None, None, None, 2015-03-18 09:00:00, -6.4, None, 119.0, None
None, 353.0, None, None, None, 2015-03-18 10:00:00, -7.2, None, 119.0, None
None, 352.0, None, None, None, 2015-03-18 11:00:00, -6.7, None, 119.0, None
None, 352.0, None, None, None, 2015-03-18 12:00:00, -6.8, None, 119.0, None
None, 352.0, None, None, None, 2015-03-18 13:00:00, -6.0, None, 119.0, None
None, 352.0, None, None, None, 2015-03-18 14:00:00, -5.9, None, 118.0, None
None, 352.0, None, None, None, 2015-03-18 15:00:00, -6.8, None, 119.0, None
None, 352.0, None, 0.0, None, 2015-03-18 16:00:00, -4.5, None, 119.0, None
None, 352.0, None, None, None, 2015-03-18 17:00:00, -2.3, None, 119.0, None
None, 352.0, None, None, None, 2015-03-18 18:00:00, 2.1, None, 119.0, None
None, 352.0, None, None, None, 2015-03-18 19:00:00, 4.5, None, 119.0, None
None, 351.0, None, None, None, 2015-03-18 20:00:00, 4.6, None, 119.0, None
None, 351.0, None, None, None, 2015-03-18 21:00:00, 4.3, None, 118.0, None
None, 351.0, None, None, None, 2015-03-18 22:00:00, 3.0, None, 118.0, None
None, 351.0, None, None, None, 2015-03-18 23:00:00, 2.9, None, 118.0, None
None, 351.0, None, None, None, 2015-03-19 00:00:00, 0.5, None, 118.0, None
None, 352.0, None, None, None, 2015-03-19 01:00:00, -0.7, None, 118.0, None
None, 352.0, None, None, None, 2015-03-19 02:00:00, -2.0, None, 118.0, None
None, 352.0, None, None, None, 2015-03-19 03:00:00, -2.9, None, 118.0, None
None, 352.0, None, None, None, 2015-03-19 04:00:00, -3.2, None, 118.0, None
None, 352.0, None, None, None, 2015-03-19 05:00:00, -2.8, None, 118.0, None
None, 352.0, None, None, None, 2015-03-19 06:00:00, -2.8, None, 118.0, None
None, 352.0, None, None, None, 2015-03-19 07:00:00, -3.6, None, 117.0, None
None, 352.0, None, None, None, 2015-03-19 08:00:00, -4.5, None, 117.0, None
None, 352.0, None, None, None, 2015-03-19 09:00:00, -5.3, None, 117.0, None
None, 353.0, None, None, None, 2015-03-19 10:00:00, -5.9, None, 117.0, None
None, 353.0, None, None, None, 2015-03-19 11:00:00, -6.3, None, 117.0, None
None, 353.0, None, None, None, 2015-03-19 12:00:00, -5.3, None, 117.0, None
None, 353.0, None, None, None, 2015-03-19 13:00:00, -5.2, None, 117.0, None
None, 353.0, None, None, None, 2015-03-19 14:00:00, -5.2, None, 117.0, None
None, 353.0, None, None, None, 2015-03-19 15:00:00, -5.0, None, 116.0, None
None, 353.0, None, 0.0, None, 2015-03-19 16:00:00, -4.3, None, 116.0, None
None, 353.0, None, None, None, 2015-03-19 17:00:00, -3.5, None, 117.0, None
None, 353.0, None, None, None, 2015-03-19 18:00:00, -1.3, None, 117.0, None
None, 353.0, None, None, None, 2015-03-19 19:00:00, 1.2, None, 117.0, None
None, 354.0, None, None, None, 2015-03-19 20:00:00, -0.6, None, 117.0, None
None, 354.0, None, None, None, 2015-03-19 21:00:00, -1.4, None, 117.0, None
None, 354.0, None, None, None, 2015-03-19 22:00:00, -1.5, None, 117.0, None
None, 354.0, None, None, None, 2015-03-19 23:00:00, -1.6, None, 117.0, None
None, 354.0, None, None, None, 2015-03-20 00:00:00, -1.5, None, 117.0, None
None, 355.0, None, None, None, 2015-03-20 01:00:00, -1.8, None, 117.0, None
None, 355.0, None, None, None, 2015-03-20 02:00:00, -3.8, None, 117.0, None
None, 355.0, None, None, None, 2015-03-20 03:00:00, -4.5, None, 117.0, None
None, 356.0, None, None, None, 2015-03-20 04:00:00, -4.9, None, 117.0, None
None, 356.0, None, None, None, 2015-03-20 05:00:00, -5.0, None, 117.0, None
None, 356.0, None, None, None, 2015-03-20 06:00:00, -5.4, None, 118.0, None
None, 356.0, None, None, None, 2015-03-20 07:00:00, -6.1, None, 118.0, None
None, 356.0, None, None, None, 2015-03-20 08:00:00, -6.2, None, 118.0, None
None, 356.0, None, None, None, 2015-03-20 09:00:00, -6.1, None, 118.0, None
None, 356.0, None, None, None, 2015-03-20 10:00:00, -6.6, None, 118.0, None
None, 356.0, None, None, None, 2015-03-20 11:00:00, -7.0, None, 119.0, None
None, 356.0, None, None, None, 2015-03-20 12:00:00, -7.3, None, 119.0, None
None, 356.0, None, None, None, 2015-03-20 13:00:00, -6.7, None, 119.0, None
None, 356.0, None, None, None, 2015-03-20 14:00:00, -7.1, None, 119.0, None
None, 356.0, None, None, None, 2015-03-20 15:00:00, -7.1, None, 119.0, None
None, 356.0, None, 0.0, None, 2015-03-20 16:00:00, -6.7, None, 119.0, None
None, 356.0, None, None, None, 2015-03-20 17:00:00, -6.1, None, 119.0, None
None, 356.0, None, None, None, 2015-03-20 18:00:00, -4.3, None, 119.0, None
None, 356.0, None, None, None, 2015-03-20 19:00:00, -2.8, None, 120.0, None
None, 356.0, None, None, None, 2015-03-20 20:00:00, -4.2, None, 120.0, None
None, 356.0, None, None, None, 2015-03-20 21:00:00, -4.0, None, 120.0, None
None, 356.0, None, None, None, 2015-03-20 22:00:00, -3.9, None, 120.0, None
None, 356.0, None, None, None, 2015-03-20 23:00:00, -4.6, None, 120.0, None
None, 357.0, None, None, None, 2015-03-21 00:00:00, -6.0, None, 120.0, None
None, 357.0, None, None, None, 2015-03-21 01:00:00, -6.8, None, 120.0, None
None, 358.0, None, None, None, 2015-03-21 02:00:00, -7.4, None, 120.0, None
None, 360.0, None, None, None, 2015-03-21 03:00:00, -7.5, None, 120.0, None
None, 360.0, None, None, None, 2015-03-21 04:00:00, -7.7, None, 120.0, None
None, 361.0, None, None, None, 2015-03-21 05:00:00, -7.8, None, 120.0, None
None, 361.0, None, None, None, 2015-03-21 06:00:00, -7.9, None, 121.0, None
None, 361.0, None, None, None, 2015-03-21 07:00:00, -8.2, None, 121.0, None
None, 361.0, None, None, None, 2015-03-21 08:00:00, -8.6, None, 121.0, None
None, 361.0, None, None, None, 2015-03-21 09:00:00, -9.0, None, 122.0, None
None, 361.0, None, None, None, 2015-03-21 10:00:00, -9.9, None, 122.0, None
None, 361.0, None, None, None, 2015-03-21 11:00:00, -9.2, None, 122.0, None
None, 361.0, None, None, None, 2015-03-21 12:00:00, -9.1, None, 122.0, None
None, 361.0, None, None, None, 2015-03-21 13:00:00, -9.5, None, 123.0, None
None, 361.0, None, None, None, 2015-03-21 14:00:00, -10.3, None, 123.0, None
None, 361.0, None, None, None, 2015-03-21 15:00:00, -8.9, None, 124.0, None
None, 361.0, None, 0.0, None, 2015-03-21 16:00:00, -6.5, None, 124.0, None
None, 361.0, None, None, None, 2015-03-21 17:00:00, -5.9, None, 124.0, None
None, 361.0, None, None, None, 2015-03-21 18:00:00, -4.8, None, 124.0, None
None, 361.0, None, None, None, 2015-03-21 19:00:00, -3.7, None, 124.0, None
None, 361.0, None, None, None, 2015-03-21 20:00:00, -3.9, None, 125.0, None
None, 361.0, None, None, None, 2015-03-21 21:00:00, -3.3, None, 125.0, None
None, 361.0, None, None, None, 2015-03-21 22:00:00, -2.3, None, 125.0, None
None, 361.0, None, None, None, 2015-03-21 23:00:00, -3.9, None, 125.0, None
None, 361.0, None, None, None, 2015-03-22 00:00:00, -4.9, None, 125.0, None
None, 361.0, None, None, None, 2015-03-22 01:00:00, -4.8, None, 124.0, None
None, 361.0, None, None, None, 2015-03-22 02:00:00, -6.1, None, 124.0, None
None, 361.0, None, None, None, 2015-03-22 03:00:00, -6.7, None, 124.0, None
None, 361.0, None, None, None, 2015-03-22 04:00:00, -6.6, None, 124.0, None
None, 361.0, None, None, None, 2015-03-22 05:00:00, -7.5, None, 124.0, None
None, 361.0, None, None, None, 2015-03-22 06:00:00, -6.9, None, 124.0, None
None, 361.0, None, None, None, 2015-03-22 07:00:00, -7.2, None, 124.0, None
None, 361.0, None, None, None, 2015-03-22 08:00:00, -7.3, None, 124.0, None
None, 361.0, None, None, None, 2015-03-22 09:00:00, -7.6, None, 124.0, None
None, 361.0, None, None, None, 2015-03-22 10:00:00, -7.5, None, 124.0, None
None, 361.0, None, None, None, 2015-03-22 11:00:00, -7.7, None, 124.0, None
None, 361.0, None, None, None, 2015-03-22 12:00:00, -7.6, None, 124.0, None
None, 361.0, None, None, None, 2015-03-22 13:00:00, -8.4, None, 124.0, None
None, 361.0, None, None, None, 2015-03-22 14:00:00, -8.2, None, 124.0, None
None, 361.0, None, None, None, 2015-03-22 15:00:00, -7.4, None, 124.0, None
None, 361.0, None, 4.0, None, 2015-03-22 16:00:00, -6.2, None, 124.0, None
None, 361.0, None, None, None, 2015-03-22 17:00:00, -5.3, None, 124.0, None
None, 361.0, None, None, None, 2015-03-22 18:00:00, -5.0, None, 124.0, None
None, 361.0, None, None, None, 2015-03-22 19:00:00, -4.0, None, 124.0, None
None, 361.0, None, None, None, 2015-03-22 20:00:00, -0.7, None, 123.0, None
None, 361.0, None, None, None, 2015-03-22 21:00:00, -1.5, None, 123.0, None
None, 360.0, None, None, None, 2015-03-22 22:00:00, -0.1, None, 123.0, None
None, 360.0, None, None, None, 2015-03-22 23:00:00, 0.3, None, 123.0, None
None, 360.0, None, None, None, 2015-03-23 00:00:00, -1.8, None, 122.0, None
None, 360.0, None, None, None, 2015-03-23 01:00:00, -3.6, None, 122.0, None
None, 361.0, None, None, None, 2015-03-23 02:00:00, -7.0, None, 122.0, None
None, 361.0, None, None, None, 2015-03-23 03:00:00, -8.5, None, 122.0, None
None, 361.0, None, None, None, 2015-03-23 04:00:00, -9.5, None, 122.0, None
None, 361.0, None, None, None, 2015-03-23 05:00:00, -8.8, None, 122.0, None
None, 361.0, None, None, None, 2015-03-23 06:00:00, -9.5, None, 122.0, None
None, 361.0, None, None, None, 2015-03-23 07:00:00, -9.1, None, 122.0, None
None, 361.0, None, None, None, 2015-03-23 08:00:00, -9.3, None, 122.0, None
None, 361.0, None, None, None, 2015-03-23 09:00:00, -9.9, None, 122.0, None
None, 361.0, None, None, None, 2015-03-23 10:00:00, -9.2, None, 122.0, None
None, 361.0, None, None, None, 2015-03-23 11:00:00, -9.7, None, 121.0, None
None, 361.0, None, None, None, 2015-03-23 12:00:00, -8.6, None, 121.0, None
None, 361.0, None, None, None, 2015-03-23 13:00:00, -8.6, None, 121.0, None
None, 361.0, None, None, None, 2015-03-23 14:00:00, -8.8, None, 121.0, None
None, 361.0, None, None, None, 2015-03-23 15:00:00, -7.0, None, 121.0, None
None, 361.0, None, 0.0, None, 2015-03-23 16:00:00, -5.9, None, 121.0, None
None, 361.0, None, None, None, 2015-03-23 17:00:00, -3.7, None, 121.0, None
None, 361.0, None, None, None, 2015-03-23 18:00:00, -2.6, None, 121.0, None
None, 360.0, None, None, None, 2015-03-23 19:00:00, -0.9, None, 121.0, None
None, 361.0, None, None, None, 2015-03-23 20:00:00, -1.4, None, 121.0, None
None, 360.0, None, None, None, 2015-03-23 21:00:00, -1.0, None, 121.0, None
None, 360.0, None, None, None, 2015-03-23 22:00:00, 0.0, None, 121.0, None
None, 360.0, None, None, None, 2015-03-23 23:00:00, -1.8, None, 121.0, None
None, 361.0, None, None, None, 2015-03-24 00:00:00, -3.0, None, 120.0, None
None, 361.0, None, None, None, 2015-03-24 01:00:00, -3.6, None, 120.0, None
None, 361.0, None, None, None, 2015-03-24 02:00:00, -6.5, None, 120.0, None
None, 361.0, None, None, None, 2015-03-24 03:00:00, -7.4, None, 120.0, None
None, 361.0, None, None, None, 2015-03-24 04:00:00, -9.3, None, 120.0, None
None, 361.0, None, None, None, 2015-03-24 05:00:00, -7.9, None, 120.0, None
None, 361.0, None, None, None, 2015-03-24 06:00:00, -8.4, None, 120.0, None
None, 361.0, None, None, None, 2015-03-24 07:00:00, -7.3, None, 120.0, None
None, 361.0, None, None, None, 2015-03-24 08:00:00, -7.1, None, 120.0, None
None, 362.0, None, None, None, 2015-03-24 09:00:00, -7.0, None, 120.0, None
None, 362.0, None, None, None, 2015-03-24 10:00:00, -7.1, None, 120.0, None
None, 362.0, None, None, None, 2015-03-24 11:00:00, -6.7, None, 120.0, None
None, 362.0, None, None, None, 2015-03-24 12:00:00, -6.5, None, 120.0, None
None, 363.0, None, None, None, 2015-03-24 13:00:00, -6.7, None, 120.0, None
None, 363.0, None, None, None, 2015-03-24 14:00:00, -6.8, None, 120.0, None
None, 363.0, None, None, None, 2015-03-24 15:00:00, -6.0, None, 120.0, None
None, 363.0, None, 0.0, None, 2015-03-24 16:00:00, -5.2, None, 120.0, None
None, 363.0, None, None, None, 2015-03-24 17:00:00, -4.7, None, 120.0, None
None, 363.0, None, None, None, 2015-03-24 18:00:00, 0.2, None, 121.0, None
None, 363.0, None, None, None, 2015-03-24 19:00:00, 1.5, None, 121.0, None
None, 363.0, None, None, None, 2015-03-24 20:00:00, -0.5, None, 121.0, None
None, 363.0, None, None, None, 2015-03-24 21:00:00, 0.9, None, 121.0, None
None, 363.0, None, None, None, 2015-03-24 22:00:00, 1.2, None, 121.0, None
None, 363.0, None, None, None, 2015-03-24 23:00:00, 1.8, None, 120.0, None
None, 363.0, None, None, None, 2015-03-25 00:00:00, -0.4, None, 121.0, None
None, 363.0, None, None, None, 2015-03-25 01:00:00, -1.8, None, 120.0, None
None, 363.0, None, None, None, 2015-03-25 02:00:00, -5.4, None, 120.0, None
None, 363.0, None, None, None, 2015-03-25 03:00:00, -6.3, None, 120.0, None
None, 363.0, None, None, None, 2015-03-25 04:00:00, -6.9, None, 120.0, None
None, 364.0, None, None, None, 2015-03-25 05:00:00, -7.1, None, 120.0, None
None, 364.0, None, None, None, 2015-03-25 06:00:00, -8.0, None, 120.0, None
None, 364.0, None, None, None, 2015-03-25 07:00:00, -9.1, None, 120.0, None
None, 364.0, None, None, None, 2015-03-25 08:00:00, -10.1, None, 120.0, None
None, 364.0, None, None, None, 2015-03-25 09:00:00, -9.8, None, 120.0, None
None, 364.0, None, None, None, 2015-03-25 10:00:00, -9.9, None, 120.0, None
None, 364.0, None, None, None, 2015-03-25 11:00:00, -9.4, None, 120.0, None
None, 364.0, None, None, None, 2015-03-25 12:00:00, -8.5, None, 120.0, None
None, 364.0, None, None, None, 2015-03-25 13:00:00, -10.0, None, 120.0, None
None, 364.0, None, None, None, 2015-03-25 14:00:00, -10.2, None, 120.0, None
None, 364.0, None, None, None, 2015-03-25 15:00:00, -6.3, None, 120.0, None
None, 363.0, None, 0.0, None, 2015-03-25 16:00:00, -5.2, None, 119.0, None
None, 363.0, None, None, None, 2015-03-25 17:00:00, -3.1, None, 119.0, None
None, 363.0, None, None, None, 2015-03-25 18:00:00, 0.0, None, 120.0, None
None, 363.0, None, None, None, 2015-03-25 19:00:00, 1.9, None, 119.0, None
None, 363.0, None, None, None, 2015-03-25 20:00:00, 3.5, None, 119.0, None
None, 363.0, None, None, None, 2015-03-25 21:00:00, 3.1, None, 119.0, None
None, 363.0, None, None, None, 2015-03-25 22:00:00, -0.2, None, 119.0, None
None, 363.0, None, None, None, 2015-03-25 23:00:00, -0.6, None, 119.0, None
None, 363.0, None, None, None, 2015-03-26 00:00:00, -0.8, None, 119.0, None
None, 363.0, None, None, None, 2015-03-26 01:00:00, -1.8, None, 119.0, None
None, 363.0, None, None, None, 2015-03-26 02:00:00, -3.0, None, 119.0, None
None, 363.0, None, None, None, 2015-03-26 03:00:00, -5.7, None, 119.0, None
None, 363.0, None, None, None, 2015-03-26 04:00:00, -5.3, None, 119.0, None
None, 363.0, None, None, None, 2015-03-26 05:00:00, -5.7, None, 119.0, None
None, 363.0, None, None, None, 2015-03-26 06:00:00, -4.3, None, 119.0, None
None, 363.0, None, None, None, 2015-03-26 07:00:00, -4.1, None, 119.0, None
None, 363.0, None, None, None, 2015-03-26 08:00:00, -4.0, None, 119.0, None
None, 364.0, None, None, None, 2015-03-26 09:00:00, -4.2, None, 119.0, None
None, 364.0, None, None, None, 2015-03-26 10:00:00, -4.0, None, 120.0, None
None, 365.0, None, None, None, 2015-03-26 11:00:00, -3.9, None, 119.0, None
None, 365.0, None, None, None, 2015-03-26 12:00:00, -3.8, None, 120.0, None
None, 365.0, None, None, None, 2015-03-26 13:00:00, -3.6, None, 120.0, None
None, 365.0, None, None, None, 2015-03-26 14:00:00, -3.3, None, 120.0, None
None, 365.0, None, None, None, 2015-03-26 15:00:00, -2.8, None, 120.0, None
None, 365.0, None, 0.0, None, 2015-03-26 16:00:00, -1.5, None, 120.0, None
None, 365.0, None, None, None, 2015-03-26 17:00:00, 0.1, None, 121.0, None
None, 365.0, None, None, None, 2015-03-26 18:00:00, 0.6, None, 121.0, None
None, 364.0, None, None, None, 2015-03-26 19:00:00, 4.3, None, 121.0, None
None, 364.0, None, None, None, 2015-03-26 20:00:00, 2.8, None, 121.0, None
None, 364.0, None, None, None, 2015-03-26 21:00:00, 6.1, None, 121.0, None
None, 364.0, None, None, None, 2015-03-26 22:00:00, 5.1, None, 121.0, None
None, 364.0, None, None, None, 2015-03-26 23:00:00, 2.8, None, 121.0, None
None, 364.0, None, None, None, 2015-03-27 00:00:00, 1.9, None, 120.0, None
None, 364.0, None, None, None, 2015-03-27 01:00:00, 0.4, None, 120.0, None
None, 365.0, None, None, None, 2015-03-27 02:00:00, -1.0, None, 120.0, None
None, 365.0, None, None, None, 2015-03-27 03:00:00, -1.7, None, 120.0, None
None, 365.0, None, None, None, 2015-03-27 04:00:00, -2.3, None, 120.0, None
None, 365.0, None, None, None, 2015-03-27 05:00:00, -2.6, None, 120.0, None
None, 365.0, None, None, None, 2015-03-27 06:00:00, -2.5, None, 120.0, None
None, 365.0, None, None, None, 2015-03-27 07:00:00, -3.2, None, 119.0, None
None, 365.0, None, None, None, 2015-03-27 08:00:00, -3.7, None, 119.0, None
None, 365.0, None, None, None, 2015-03-27 09:00:00, -3.6, None, 119.0, None
None, 365.0, None, None, None, 2015-03-27 10:00:00, -4.5, None, 119.0, None
None, 365.0, None, None, None, 2015-03-27 11:00:00, -3.9, None, 118.0, None
None, 365.0, None, None, None, 2015-03-27 12:00:00, -3.8, None, 118.0, None
None, 365.0, None, None, None, 2015-03-27 13:00:00, -4.1, None, 118.0, None
None, 365.0, None, None, None, 2015-03-27 14:00:00, -4.8, None, 118.0, None
None, 365.0, None, None, None, 2015-03-27 15:00:00, -3.2, None, 118.0, None
None, 365.0, None, 0.0, None, 2015-03-27 16:00:00, -1.0, None, 117.0, None
None, 365.0, None, None, None, 2015-03-27 17:00:00, -0.4, None, 117.0, None
None, 365.0, None, None, None, 2015-03-27 18:00:00, 0.0, None, 117.0, None
None, 364.0, None, None, None, 2015-03-27 19:00:00, 1.8, None, 117.0, None
None, 364.0, None, None, None, 2015-03-27 20:00:00, 4.8, None, 117.0, None
None, 364.0, None, None, None, 2015-03-27 21:00:00, 5.7, None, 117.0, None
None, 364.0, None, None, None, 2015-03-27 22:00:00, 5.2, None, 117.0, None
None, 364.0, None, None, None, 2015-03-27 23:00:00, 4.7, None, 117.0, None
None, 364.0, None, None, None, 2015-03-28 00:00:00, 3.1, None, 116.0, None
None, 364.0, None, None, None, 2015-03-28 01:00:00, 1.4, None, 117.0, None
None, 364.0, None, None, None, 2015-03-28 02:00:00, -0.3, None, 116.0, None
None, 364.0, None, None, None, 2015-03-28 03:00:00, -1.9, None, 116.0, None
None, 364.0, None, None, None, 2015-03-28 04:00:00, -2.2, None, 116.0, None
None, 365.0, None, None, None, 2015-03-28 05:00:00, -3.3, None, 116.0, None
None, 365.0, None, None, None, 2015-03-28 06:00:00, -3.9, None, 116.0, None
None, 365.0, None, None, None, 2015-03-28 07:00:00, -4.6, None, 116.0, None
None, 365.0, None, None, None, 2015-03-28 08:00:00, -5.2, None, 116.0, None
None, 365.0, None, None, None, 2015-03-28 09:00:00, -5.8, None, 116.0, None
None, 365.0, None, None, None, 2015-03-28 10:00:00, -6.2, None, 116.0, None
None, 365.0, None, None, None, 2015-03-28 11:00:00, -6.4, None, 116.0, None
None, 365.0, None, None, None, 2015-03-28 12:00:00, -6.4, None, 116.0, None
None, 365.0, None, None, None, 2015-03-28 13:00:00, -8.5, None, 116.0, None
None, 365.0, None, None, None, 2015-03-28 14:00:00, -8.2, None, 116.0, None
None, 365.0, None, None, None, 2015-03-28 15:00:00, -4.4, None, 116.0, None
None, 364.0, None, 0.0, None, 2015-03-28 16:00:00, -3.8, None, 116.0, None
None, 364.0, None, None, None, 2015-03-28 17:00:00, -2.4, None, 116.0, None
None, 364.0, None, None, None, 2015-03-28 18:00:00, 1.2, None, 116.0, None
None, 364.0, None, None, None, 2015-03-28 19:00:00, 3.9, None, 116.0, None
None, 364.0, None, None, None, 2015-03-28 20:00:00, 2.8, None, 116.0, None
None, 364.0, None, None, None, 2015-03-28 21:00:00, 3.6, None, 116.0, None
None, 364.0, None, None, None, 2015-03-28 22:00:00, 2.4, None, 116.0, None
None, 364.0, None, None, None, 2015-03-28 23:00:00, 3.2, None, 116.0, None
None, 364.0, None, None, None, 2015-03-29 00:00:00, 0.1, None, 116.0, None
None, 364.0, None, None, None, 2015-03-29 01:00:00, -1.2, None, 116.0, None
None, 364.0, None, None, None, 2015-03-29 02:00:00, -2.2, None, 116.0, None
None, 364.0, None, None, None, 2015-03-29 03:00:00, -3.0, None, 116.0, None
None, 364.0, None, None, None, 2015-03-29 04:00:00, -3.7, None, 115.0, None
None, 364.0, None, None, None, 2015-03-29 05:00:00, -3.7, None, 115.0, None
None, 364.0, None, None, None, 2015-03-29 06:00:00, -4.4, None, 115.0, None
None, 365.0, None, None, None, 2015-03-29 07:00:00, -4.5, None, 115.0, None
None, 366.0, None, None, None, 2015-03-29 08:00:00, -3.6, None, 116.0, None
None, 366.0, None, None, None, 2015-03-29 09:00:00, -3.5, None, 116.0, None
None, 366.0, None, None, None, 2015-03-29 10:00:00, -3.4, None, 116.0, None
None, 366.0, None, None, None, 2015-03-29 11:00:00, -3.5, None, 116.0, None
None, 366.0, None, None, None, 2015-03-29 12:00:00, -4.2, None, 116.0, None
None, 366.0, None, None, None, 2015-03-29 13:00:00, -4.0, None, 116.0, None
None, 366.0, None, None, None, 2015-03-29 14:00:00, -4.0, None, 116.0, None
None, 366.0, None, None, None, 2015-03-29 15:00:00, -3.1, None, 117.0, None
None, 366.0, None, 3.0, None, 2015-03-29 16:00:00, -2.6, None, 117.0, None
None, 367.0, None, None, None, 2015-03-29 17:00:00, -1.2, None, 117.0, None
None, 366.0, None, None, None, 2015-03-29 18:00:00, 1.3, None, 117.0, None
None, 367.0, None, None, None, 2015-03-29 19:00:00, 1.0, None, 118.0, None
None, 367.0, None, None, None, 2015-03-29 20:00:00, 0.4, None, 118.0, None
None, 367.0, None, None, None, 2015-03-29 21:00:00, 4.2, None, 118.0, None
None, 367.0, None, None, None, 2015-03-29 22:00:00, 3.6, None, 118.0, None
None, 367.0, None, None, None, 2015-03-29 23:00:00, -0.3, None, 118.0, None
None, 367.0, None, None, None, 2015-03-30 00:00:00, 1.1, None, 118.0, None
None, 367.0, None, None, None, 2015-03-30 01:00:00, -1.0, None, 118.0, None
None, 367.0, None, None, None, 2015-03-30 02:00:00, -2.4, None, 118.0, None
None, 367.0, None, None, None, 2015-03-30 03:00:00, -2.1, None, 118.0, None
None, 367.0, None, None, None, 2015-03-30 04:00:00, -2.7, None, 118.0, None
None, 367.0, None, None, None, 2015-03-30 05:00:00, -2.8, None, 118.0, None
None, 367.0, None, None, None, 2015-03-30 06:00:00, -4.4, None, 118.0, None
None, 367.0, None, None, None, 2015-03-30 07:00:00, -4.7, None, 118.0, None
None, 367.0, None, None, None, 2015-03-30 08:00:00, -5.2, None, 118.0, None
None, 367.0, None, None, None, 2015-03-30 09:00:00, -5.4, None, 118.0, None
None, 367.0, None, None, None, 2015-03-30 10:00:00, -5.0, None, 118.0, None
None, 367.0, None, None, None, 2015-03-30 11:00:00, -5.0, None, 118.0, None
None, 367.0, None, None, None, 2015-03-30 12:00:00, -5.3, None, 118.0, None
None, 367.0, None, None, None, 2015-03-30 13:00:00, -6.0, None, 118.0, None
None, 368.0, None, None, None, 2015-03-30 14:00:00, -8.2, None, 118.0, None
None, 367.0, None, None, None, 2015-03-30 15:00:00, -3.7, None, 118.0, None
None, 367.0, None, 4.0, None, 2015-03-30 16:00:00, -2.5, None, 118.0, None
None, 367.0, None, None, None, 2015-03-30 17:00:00, -1.3, None, 118.0, None
None, 367.0, None, None, None, 2015-03-30 18:00:00, 1.4, None, 118.0, None
None, 367.0, None, None, None, 2015-03-30 19:00:00, 0.3, None, 118.0, None
None, 367.0, None, None, None, 2015-03-30 20:00:00, 1.3, None, 118.0, None
None, 366.0, None, None, None, 2015-03-30 21:00:00, 1.6, None, 118.0, None
None, 367.0, None, None, None, 2015-03-30 22:00:00, 1.6, None, 118.0, None
None, 367.0, None, None, None, 2015-03-30 23:00:00, 0.2, None, 118.0, None
None, 367.0, None, None, None, 2015-03-31 00:00:00, -0.1, None, 118.0, None
None, 367.0, None, None, None, 2015-03-31 01:00:00, -1.2, None, 117.0, None
None, 367.0, None, None, None, 2015-03-31 02:00:00, -2.2, None, 117.0, None
None, 367.0, None, None, None, 2015-03-31 03:00:00, -3.2, None, 117.0, None
None, 367.0, None, None, None, 2015-03-31 04:00:00, -3.8, None, 117.0, None
None, 367.0, None, None, None, 2015-03-31 05:00:00, -4.0, None, 117.0, None
None, 367.0, None, None, None, 2015-03-31 06:00:00, -3.9, None, 117.0, None
None, 367.0, None, None, None, 2015-03-31 07:00:00, -4.4, None, 117.0, None
None, 367.0, None, None, None, 2015-03-31 08:00:00, -4.4, None, 117.0, None
None, 367.0, None, None, None, 2015-03-31 09:00:00, -4.6, None, 117.0, None
None, 367.0, None, None, None, 2015-03-31 10:00:00, -5.7, None, 117.0, None
None, 367.0, None, None, None, 2015-03-31 11:00:00, -6.7, None, 117.0, None
None, 367.0, None, None, None, 2015-03-31 12:00:00, -7.0, None, 117.0, None
None, 367.0, None, None, None, 2015-03-31 13:00:00, -5.4, None, 117.0, None
None, 367.0, None, None, None, 2015-03-31 14:00:00, -6.1, None, 117.0, None
None, 367.0, None, None, None, 2015-03-31 15:00:00, -4.7, None, 117.0, None
None, 367.0, None, 0.0, None, 2015-03-31 16:00:00, -3.2, None, 117.0, None
None, 367.0, None, None, None, 2015-03-31 17:00:00, -0.8, None, 117.0, None
None, 367.0, None, None, None, 2015-03-31 18:00:00, 0.5, None, 117.0, None
None, 366.0, None, None, None, 2015-03-31 19:00:00, 1.3, None, 117.0, None
None, 366.0, None, None, None, 2015-03-31 20:00:00, 1.9, None, 117.0, None
None, 366.0, None, None, None, 2015-03-31 21:00:00, 2.1, None, 117.0, None
None, 366.0, None, None, None, 2015-03-31 22:00:00, 1.7, None, 117.0, None
None, 367.0, None, None, None, 2015-03-31 23:00:00, -1.3, None, 117.0, None
None, 369.0, None, None, None, 2015-04-01 00:00:00, -4.3, None, 117.0, None
None, 369.0, None, None, None, 2015-04-01 01:00:00, -4.0, None, 117.0, None
None, 372.0, None, None, None, 2015-04-01 02:00:00, -4.3, None, 118.0, None
None, 372.0, None, None, None, 2015-04-01 03:00:00, -4.5, None, 118.0, None
None, 373.0, None, None, None, 2015-04-01 04:00:00, -4.5, None, 118.0, None
None, 373.0, None, None, None, 2015-04-01 05:00:00, -4.7, None, 119.0, None
None, 373.0, None, None, None, 2015-04-01 06:00:00, -4.9, None, 119.0, None
None, 373.0, None, None, None, 2015-04-01 07:00:00, -5.2, None, 120.0, None
None, 374.0, None, None, None, 2015-04-01 08:00:00, -5.2, None, 120.0, None
None, 374.0, None, None, None, 2015-04-01 09:00:00, -5.3, None, 121.0, None
None, 374.0, None, None, None, 2015-04-01 10:00:00, -5.5, None, 121.0, None
None, 374.0, None, None, None, 2015-04-01 11:00:00, -5.7, None, 122.0, None
None, 374.0, None, None, None, 2015-04-01 12:00:00, -5.9, None, 122.0, None
None, 375.0, None, None, None, 2015-04-01 13:00:00, -6.6, None, 123.0, None
None, 375.0, None, None, None, 2015-04-01 14:00:00, -6.9, None, 124.0, None
None, 375.0, None, None, None, 2015-04-01 15:00:00, -6.4, None, 124.0, None
None, 374.0, None, 0.0, None, 2015-04-01 16:00:00, -4.2, None, 125.0, None
None, 374.0, None, None, None, 2015-04-01 17:00:00, -2.8, None, 125.0, None
None, 374.0, None, None, None, 2015-04-01 18:00:00, -2.1, None, 126.0, None
None, 374.0, None, None, None, 2015-04-01 19:00:00, 1.1, None, 126.0, None
None, 374.0, None, None, None, 2015-04-01 20:00:00, 0.2, None, 126.0, None
None, 374.0, None, None, None, 2015-04-01 21:00:00, 0.3, None, 126.0, None
None, 374.0, None, None, None, 2015-04-01 22:00:00, 1.7, None, 126.0, None
None, 374.0, None, None, None, 2015-04-01 23:00:00, 4.3, None, 126.0, None
None, 374.0, None, None, None, 2015-04-02 00:00:00, -1.2, None, 126.0, None
None, 374.0, None, None, None, 2015-04-02 01:00:00, -2.2, None, 126.0, None
None, 374.0, None, None, None, 2015-04-02 02:00:00, -4.2, None, 126.0, None
None, 375.0, None, None, None, 2015-04-02 03:00:00, -6.1, None, 126.0, None
None, 375.0, None, None, None, 2015-04-02 04:00:00, -6.3, None, 126.0, None
None, 375.0, None, None, None, 2015-04-02 05:00:00, -7.0, None, 125.0, None
None, 375.0, None, None, None, 2015-04-02 06:00:00, -6.8, None, 125.0, None
None, 375.0, None, None, None, 2015-04-02 07:00:00, -7.1, None, 125.0, None
None, 375.0, None, None, None, 2015-04-02 08:00:00, -7.2, None, 125.0, None
None, 375.0, None, None, None, 2015-04-02 09:00:00, -7.4, None, 124.0, None
None, 375.0, None, None, None, 2015-04-02 10:00:00, -6.8, None, 124.0, None
None, 375.0, None, None, None, 2015-04-02 11:00:00, -6.6, None, 124.0, None
None, 375.0, None, None, None, 2015-04-02 12:00:00, -6.8, None, 124.0, None
None, 375.0, None, None, None, 2015-04-02 13:00:00, -8.3, None, 124.0, None
None, 375.0, None, None, None, 2015-04-02 14:00:00, -7.3, None, 124.0, None
None, 375.0, None, None, None, 2015-04-02 15:00:00, -6.5, None, 124.0, None
None, 375.0, None, 0.0, None, 2015-04-02 16:00:00, -5.5, None, 124.0, None
None, 375.0, None, None, None, 2015-04-02 17:00:00, -2.1, None, 124.0, None
None, 374.0, None, None, None, 2015-04-02 18:00:00, 0.1, None, 124.0, None
None, 374.0, None, None, None, 2015-04-02 19:00:00, 1.0, None, 123.0, None
None, 374.0, None, None, None, 2015-04-02 20:00:00, 1.6, None, 123.0, None
None, 374.0, None, None, None, 2015-04-02 21:00:00, -0.1, None, 123.0, None
None, 374.0, None, None, None, 2015-04-02 22:00:00, 0.7, None, 123.0, None
None, 374.0, None, None, None, 2015-04-02 23:00:00, 1.1, None, 122.0, None
None, 374.0, None, None, None, 2015-04-03 00:00:00, -0.3, None, 122.0, None
None, 374.0, None, None, None, 2015-04-03 01:00:00, -1.8, None, 122.0, None
None, 374.0, None, None, None, 2015-04-03 02:00:00, -4.5, None, 122.0, None
None, 374.0, None, None, None, 2015-04-03 03:00:00, -4.4, None, 122.0, None
None, 374.0, None, None, None, 2015-04-03 04:00:00, -6.2, None, 122.0, None
None, 375.0, None, None, None, 2015-04-03 05:00:00, -8.0, None, 121.0, None
None, 375.0, None, None, None, 2015-04-03 06:00:00, -8.2, None, 121.0, None
None, 375.0, None, None, None, 2015-04-03 07:00:00, -8.7, None, 121.0, None
None, 375.0, None, None, None, 2015-04-03 08:00:00, -8.6, None, 121.0, None
None, 375.0, None, None, None, 2015-04-03 09:00:00, -8.6, None, 121.0, None
None, 375.0, None, None, None, 2015-04-03 10:00:00, -8.7, None, 121.0, None
None, 375.0, None, None, None, 2015-04-03 11:00:00, -8.0, None, 120.0, None
None, 375.0, None, None, None, 2015-04-03 12:00:00, -8.8, None, 120.0, None
None, 375.0, None, None, None, 2015-04-03 13:00:00, -9.1, None, 120.0, None
None, 375.0, None, None, None, 2015-04-03 14:00:00, -8.3, None, 120.0, None
None, 375.0, None, None, None, 2015-04-03 15:00:00, -4.4, None, 120.0, None
None, 374.0, None, 0.0, None, 2015-04-03 16:00:00, -3.0, None, 120.0, None
None, 374.0, None, None, None, 2015-04-03 17:00:00, -2.2, None, 120.0, None
None, 374.0, None, None, None, 2015-04-03 18:00:00, 1.3, None, 120.0, None
None, 374.0, None, None, None, 2015-04-03 19:00:00, 1.0, None, 120.0, None
None, 374.0, None, None, None, 2015-04-03 20:00:00, 0.6, None, 120.0, None
None, 374.0, None, None, None, 2015-04-03 21:00:00, 0.9, None, 120.0, None
None, 374.0, None, None, None, 2015-04-03 22:00:00, -0.5, None, 120.0, None
None, 374.0, None, None, None, 2015-04-03 23:00:00, 0.1, None, 120.0, None
None, 374.0, None, None, None, 2015-04-04 00:00:00, -1.1, None, 120.0, None
None, 374.0, None, None, None, 2015-04-04 01:00:00, -2.3, None, 120.0, None
None, 374.0, None, None, None, 2015-04-04 02:00:00, -3.8, None, 120.0, None
None, 374.0, None, None, None, 2015-04-04 03:00:00, -4.7, None, 120.0, None
None, 374.0, None, None, None, 2015-04-04 04:00:00, -5.2, None, 120.0, None
None, 374.0, None, None, None, 2015-04-04 05:00:00, -5.1, None, 120.0, None
None, 374.0, None, None, None, 2015-04-04 06:00:00, -5.3, None, 120.0, None
None, 375.0, None, None, None, 2015-04-04 07:00:00, -5.3, None, 120.0, None
None, 375.0, None, None, None, 2015-04-04 08:00:00, -6.0, None, 120.0, None
None, 375.0, None, None, None, 2015-04-04 09:00:00, -6.5, None, 120.0, None
None, 376.0, None, None, None, 2015-04-04 10:00:00, -6.7, None, 121.0, None
None, 376.0, None, None, None, 2015-04-04 11:00:00, -7.0, None, 121.0, None
None, 376.0, None, None, None, 2015-04-04 12:00:00, -7.3, None, 121.0, None
None, 376.0, None, None, None, 2015-04-04 13:00:00, -7.7, None, 121.0, None
None, 376.0, None, None, None, 2015-04-04 14:00:00, -7.4, None, 121.0, None
None, 376.0, None, None, None, 2015-04-04 15:00:00, -7.0, None, 122.0, None
None, 376.0, None, 0.0, None, 2015-04-04 16:00:00, -5.0, None, 122.0, None
None, 376.0, None, None, None, 2015-04-04 17:00:00, -4.2, None, 122.0, None
None, 375.0, None, None, None, 2015-04-04 18:00:00, -2.2, None, 121.0, None
None, 375.0, None, None, None, 2015-04-04 19:00:00, -1.5, None, 121.0, None
None, 375.0, None, None, None, 2015-04-04 20:00:00, 1.3, None, 121.0, None
None, 375.0, None, None, None, 2015-04-04 21:00:00, 1.3, None, 121.0, None
None, 375.0, None, None, None, 2015-04-04 22:00:00, 1.2, None, 121.0, None
None, 375.0, None, None, None, 2015-04-04 23:00:00, 2.3, None, 121.0, None
None, 375.0, None, None, None, 2015-04-05 00:00:00, -1.2, None, 121.0, None
None, 375.0, None, None, None, 2015-04-05 01:00:00, -2.9, None, 121.0, None
None, 375.0, None, None, None, 2015-04-05 02:00:00, -4.9, None, 121.0, None
None, 376.0, None, None, None, 2015-04-05 03:00:00, -6.3, None, 121.0, None
None, 376.0, None, None, None, 2015-04-05 04:00:00, -6.9, None, 121.0, None
None, 376.0, None, None, None, 2015-04-05 05:00:00, -7.5, None, 121.0, None
None, 376.0, None, None, None, 2015-04-05 06:00:00, -8.3, None, 121.0, None
None, 376.0, None, None, None, 2015-04-05 07:00:00, -8.1, None, 121.0, None
None, 376.0, None, None, None, 2015-04-05 08:00:00, -8.1, None, 121.0, None
None, 376.0, None, None, None, 2015-04-05 09:00:00, -7.7, None, 121.0, None
None, 376.0, None, None, None, 2015-04-05 10:00:00, -7.8, None, 120.0, None
None, 376.0, None, None, None, 2015-04-05 11:00:00, -7.8, None, 120.0, None
None, 376.0, None, None, None, 2015-04-05 12:00:00, -8.0, None, 120.0, None
None, 376.0, None, None, None, 2015-04-05 13:00:00, -8.3, None, 120.0, None
None, 376.0, None, None, None, 2015-04-05 14:00:00, -8.3, None, 120.0, None
None, 376.0, None, None, None, 2015-04-05 15:00:00, -6.3, None, 121.0, None
None, 375.0, None, 0.0, None, 2015-04-05 16:00:00, -4.3, None, 120.0, None
None, 375.0, None, None, None, 2015-04-05 17:00:00, -3.9, None, 120.0, None
None, 375.0, None, None, None, 2015-04-05 18:00:00, -3.0, None, 120.0, None
None, 375.0, None, None, None, 2015-04-05 19:00:00, -1.4, None, 120.0, None
None, 375.0, None, None, None, 2015-04-05 20:00:00, 0.7, None, 120.0, None
None, 375.0, None, None, None, 2015-04-05 21:00:00, 1.1, None, 120.0, None
None, 375.0, None, None, None, 2015-04-05 22:00:00, 4.6, None, 120.0, None
None, 375.0, None, None, None, 2015-04-05 23:00:00, 2.4, None, 120.0, None
None, 375.0, None, None, None, 2015-04-06 00:00:00, 0.3, None, 120.0, None
None, 375.0, None, None, None, 2015-04-06 01:00:00, -0.3, None, 120.0, None
None, 375.0, None, None, None, 2015-04-06 02:00:00, -2.3, None, 119.0, None
None, 375.0, None, None, None, 2015-04-06 03:00:00, -4.2, None, 119.0, None
None, 375.0, None, None, None, 2015-04-06 04:00:00, -4.1, None, 119.0, None
None, 375.0, None, None, None, 2015-04-06 05:00:00, -5.4, None, 119.0, None
None, 375.0, None, None, None, 2015-04-06 06:00:00, -7.0, None, 119.0, None
None, 375.0, None, None, None, 2015-04-06 07:00:00, -8.1, None, 119.0, None
None, 375.0, None, None, None, 2015-04-06 08:00:00, -8.0, None, 119.0, None
None, 376.0, None, None, None, 2015-04-06 09:00:00, -9.2, None, 119.0, None
None, 376.0, None, None, None, 2015-04-06 10:00:00, -9.3, None, 119.0, None
None, 376.0, None, None, None, 2015-04-06 11:00:00, -8.8, None, 119.0, None
None, 376.0, None, None, None, 2015-04-06 12:00:00, -9.5, None, 119.0, None
None, 376.0, None, None, None, 2015-04-06 13:00:00, -10.6, None, 119.0, None
None, 376.0, None, None, None, 2015-04-06 14:00:00, -8.6, None, 119.0, None
None, 375.0, None, None, None, 2015-04-06 15:00:00, -3.7, None, 119.0, None
None, 375.0, None, 0.0, None, 2015-04-06 16:00:00, -3.8, None, 119.0, None
None, 375.0, None, None, None, 2015-04-06 17:00:00, -2.7, None, 119.0, None
None, 375.0, None, None, None, 2015-04-06 18:00:00, 1.1, None, 119.0, None
None, 374.0, None, None, None, 2015-04-06 19:00:00, 2.9, None, 119.0, None
None, 374.0, None, None, None, 2015-04-06 20:00:00, 5.1, None, 119.0, None
None, 374.0, None, None, None, 2015-04-06 21:00:00, 4.9, None, 119.0, None
None, 374.0, None, None, None, 2015-04-06 22:00:00, 5.1, None, 119.0, None
None, 374.0, None, None, None, 2015-04-06 23:00:00, 4.6, None, 119.0, None
None, 374.0, None, None, None, 2015-04-07 00:00:00, 1.8, None, 119.0, None
None, 374.0, None, None, None, 2015-04-07 01:00:00, -0.4, None, 119.0, None
None, 374.0, None, None, None, 2015-04-07 02:00:00, -1.2, None, 119.0, None
None, 375.0, None, None, None, 2015-04-07 03:00:00, -3.4, None, 119.0, None
None, 375.0, None, None, None, 2015-04-07 04:00:00, -4.2, None, 119.0, None
None, 375.0, None, None, None, 2015-04-07 05:00:00, -4.7, None, 118.0, None
None, 375.0, None, None, None, 2015-04-07 06:00:00, -5.6, None, 118.0, None
None, 375.0, None, None, None, 2015-04-07 07:00:00, -5.9, None, 118.0, None
None, 375.0, None, None, None, 2015-04-07 08:00:00, -7.8, None, 118.0, None
None, 375.0, None, None, None, 2015-04-07 09:00:00, -7.4, None, 118.0, None
None, 375.0, None, None, None, 2015-04-07 10:00:00, -9.4, None, 118.0, None
None, 375.0, None, None, None, 2015-04-07 11:00:00, -8.6, None, 118.0, None
None, 375.0, None, None, None, 2015-04-07 12:00:00, -8.3, None, 118.0, None
None, 375.0, None, None, None, 2015-04-07 13:00:00, -8.3, None, 118.0, None
None, 375.0, None, None, None, 2015-04-07 14:00:00, -7.6, None, 118.0, None
None, 375.0, None, None, None, 2015-04-07 15:00:00, -2.9, None, 118.0, None
None, 374.0, None, 0.0, None, 2015-04-07 16:00:00, -2.7, None, 118.0, None
None, 374.0, None, None, None, 2015-04-07 17:00:00, -2.0, None, 118.0, None
None, 374.0, None, None, None, 2015-04-07 18:00:00, 2.1, None, 118.0, None
None, 374.0, None, None, None, 2015-04-07 19:00:00, 1.2, None, 118.0, None
None, 374.0, None, None, None, 2015-04-07 20:00:00, 2.9, None, 118.0, None
None, 374.0, None, None, None, 2015-04-07 21:00:00, 2.0, None, 118.0, None
None, 374.0, None, None, None, 2015-04-07 22:00:00, 2.5, None, 117.0, None
None, 374.0, None, None, None, 2015-04-07 23:00:00, 0.8, None, 117.0, None
None, 374.0, None, None, None, 2015-04-08 00:00:00, 0.3, None, 117.0, None
None, 374.0, None, None, None, 2015-04-08 01:00:00, -0.4, None, 117.0, None
None, 374.0, None, None, None, 2015-04-08 02:00:00, -2.3, None, 117.0, None
None, 374.0, None, None, None, 2015-04-08 03:00:00, -3.2, None, 117.0, None
None, 374.0, None, None, None, 2015-04-08 04:00:00, -3.5, None, 117.0, None
None, 374.0, None, None, None, 2015-04-08 05:00:00, -4.1, None, 117.0, None
None, 374.0, None, None, None, 2015-04-08 06:00:00, -5.1, None, 117.0, None
None, 374.0, None, None, None, 2015-04-08 07:00:00, -5.1, None, 117.0, None
None, 374.0, None, None, None, 2015-04-08 08:00:00, -5.9, None, 117.0, None
None, 374.0, None, None, None, 2015-04-08 09:00:00, -6.4, None, 117.0, None
None, 374.0, None, None, None, 2015-04-08 10:00:00, -6.6, None, 117.0, None
None, 374.0, None, None, None, 2015-04-08 11:00:00, -6.5, None, 117.0, None
None, 374.0, None, None, None, 2015-04-08 12:00:00, -6.9, None, 117.0, None
None, 374.0, None, None, None, 2015-04-08 13:00:00, -7.0, None, 117.0, None
None, 374.0, None, None, None, 2015-04-08 14:00:00, -5.9, None, 117.0, None
None, 374.0, None, None, None, 2015-04-08 15:00:00, -0.9, None, 118.0, None
None, 374.0, None, 0.0, None, 2015-04-08 16:00:00, -0.4, None, 118.0, None
None, 374.0, None, None, None, 2015-04-08 17:00:00, 0.5, None, 118.0, None
None, 373.0, None, None, None, 2015-04-08 18:00:00, 6.0, None, 118.0, None
None, 373.0, None, None, None, 2015-04-08 19:00:00, 4.8, None, 117.0, None
None, 373.0, None, None, None, 2015-04-08 20:00:00, 8.6, None, 117.0, None
None, 373.0, None, None, None, 2015-04-08 21:00:00, 8.5, None, 117.0, None
None, 373.0, None, None, None, 2015-04-08 22:00:00, 7.3, None, 117.0, None
None, 373.0, None, None, None, 2015-04-08 23:00:00, 7.5, None, 117.0, None
None, 373.0, None, None, None, 2015-04-09 00:00:00, 5.7, None, 116.0, None
None, 373.0, None, None, None, 2015-04-09 01:00:00, 4.6, None, 116.0, None
None, 373.0, None, None, None, 2015-04-09 02:00:00, 2.3, None, 116.0, None
None, 373.0, None, None, None, 2015-04-09 03:00:00, 0.1, None, 116.0, None
None, 373.0, None, None, None, 2015-04-09 04:00:00, 0.2, None, 116.0, None
None, 373.0, None, None, None, 2015-04-09 05:00:00, 0.3, None, 116.0, None
None, 373.0, None, None, None, 2015-04-09 06:00:00, -0.3, None, 116.0, None
None, 373.0, None, None, None, 2015-04-09 07:00:00, -1.0, None, 115.0, None
None, 373.0, None, None, None, 2015-04-09 08:00:00, -1.8, None, 115.0, None
None, 373.0, None, None, None, 2015-04-09 09:00:00, -3.0, None, 115.0, None
None, 373.0, None, None, None, 2015-04-09 10:00:00, -3.0, None, 115.0, None
None, 373.0, None, None, None, 2015-04-09 11:00:00, -2.7, None, 115.0, None
None, 373.0, None, None, None, 2015-04-09 12:00:00, -3.6, None, 115.0, None
None, 373.0, None, None, None, 2015-04-09 13:00:00, -2.9, None, 115.0, None
None, 373.0, None, None, None, 2015-04-09 14:00:00, -2.4, None, 115.0, None
None, 373.0, None, None, None, 2015-04-09 15:00:00, 0.7, None, 115.0, None
None, 373.0, None, 0.0, None, 2015-04-09 16:00:00, 1.8, None, 115.0, None
None, 373.0, None, None, None, 2015-04-09 17:00:00, 2.3, None, 114.0, None
None, 373.0, None, None, None, 2015-04-09 18:00:00, 5.8, None, 114.0, None
None, 372.0, None, None, None, 2015-04-09 19:00:00, 7.0, None, 114.0, None
None, 372.0, None, None, None, 2015-04-09 20:00:00, 6.7, None, 114.0, None
None, 372.0, None, None, None, 2015-04-09 21:00:00, 7.9, None, 114.0, None
None, 372.0, None, None, None, 2015-04-09 22:00:00, 7.4, None, 114.0, None
None, 372.0, None, None, None, 2015-04-09 23:00:00, 8.1, None, 114.0, None
None, 372.0, None, None, None, 2015-04-10 00:00:00, 3.8, None, 114.0, None
None, 372.0, None, None, None, 2015-04-10 01:00:00, 3.7, None, 114.0, None
None, 372.0, None, None, None, 2015-04-10 02:00:00, 2.6, None, 114.0, None
None, 372.0, None, None, None, 2015-04-10 03:00:00, 1.4, None, 114.0, None
None, 372.0, None, None, None, 2015-04-10 04:00:00, 0.5, None, 114.0, None
None, 372.0, None, None, None, 2015-04-10 05:00:00, 0.7, None, 114.0, None
None, 372.0, None, None, None, 2015-04-10 06:00:00, 0.5, None, 114.0, None
None, 372.0, None, None, None, 2015-04-10 07:00:00, 0.1, None, 114.0, None
None, 372.0, None, None, None, 2015-04-10 08:00:00, 0.0, None, 114.0, None
None, 372.0, None, None, None, 2015-04-10 09:00:00, -0.3, None, 113.0, None
None, 372.0, None, None, None, 2015-04-10 10:00:00, -0.7, None, 114.0, None
None, 372.0, None, None, None, 2015-04-10 11:00:00, -0.6, None, 114.0, None
None, 372.0, None, None, None, 2015-04-10 12:00:00, -0.7, None, 114.0, None
None, 372.0, None, None, None, 2015-04-10 13:00:00, -1.4, None, 114.0, None
None, 372.0, None, None, None, 2015-04-10 14:00:00, -1.3, None, 114.0, None
None, 372.0, None, None, None, 2015-04-10 15:00:00, -1.4, None, 113.0, None
None, 372.0, None, 0.0, None, 2015-04-10 16:00:00, -0.7, None, 113.0, None
None, 372.0, None, None, None, 2015-04-10 17:00:00, 0.4, None, 113.0, None
None, 372.0, None, None, None, 2015-04-10 18:00:00, 0.7, None, 113.0, None
None, 372.0, None, None, None, 2015-04-10 19:00:00, 1.0, None, 113.0, None
None, 372.0, None, None, None, 2015-04-10 20:00:00, 0.8, None, 113.0, None
None, 372.0, None, None, None, 2015-04-10 21:00:00, 0.4, None, 113.0, None
None, 372.0, None, None, None, 2015-04-10 22:00:00, -0.4, None, 113.0, None
None, 372.0, None, None, None, 2015-04-10 23:00:00, -0.5, None, 113.0, None
None, 372.0, None, None, None, 2015-04-11 00:00:00, 0.4, None, 112.0, None
None, 372.0, None, None, None, 2015-04-11 01:00:00, -1.7, None, 112.0, None
None, 372.0, None, None, None, 2015-04-11 02:00:00, -1.9, None, 112.0, None
None, 373.0, None, None, None, 2015-04-11 03:00:00, -2.5, None, 112.0, None
None, 373.0, None, None, None, 2015-04-11 04:00:00, -2.7, None, 112.0, None
None, 373.0, None, None, None, 2015-04-11 05:00:00, -2.7, None, 112.0, None
None, 373.0, None, None, None, 2015-04-11 06:00:00, -3.3, None, 112.0, None
None, 373.0, None, None, None, 2015-04-11 07:00:00, -3.2, None, 112.0, None
None, 373.0, None, None, None, 2015-04-11 08:00:00, -3.5, None, 112.0, None
None, 373.0, None, None, None, 2015-04-11 09:00:00, -3.7, None, 112.0, None
None, 373.0, None, None, None, 2015-04-11 10:00:00, -5.0, None, 112.0, None
None, 373.0, None, None, None, 2015-04-11 11:00:00, -5.5, None, 112.0, None
None, 373.0, None, None, None, 2015-04-11 12:00:00, -6.2, None, 112.0, None
None, 374.0, None, None, None, 2015-04-11 13:00:00, -7.2, None, 112.0, None
None, 374.0, None, None, None, 2015-04-11 14:00:00, -7.5, None, 112.0, None
None, 374.0, None, None, None, 2015-04-11 15:00:00, -6.5, None, 112.0, None
None, 374.0, None, 0.0, None, 2015-04-11 16:00:00, -5.4, None, 112.0, None
None, 374.0, None, None, None, 2015-04-11 17:00:00, -4.0, None, 113.0, None
None, 373.0, None, None, None, 2015-04-11 18:00:00, -0.4, None, 113.0, None
None, 373.0, None, None, None, 2015-04-11 19:00:00, -2.9, None, 113.0, None
None, 373.0, None, None, None, 2015-04-11 20:00:00, -3.3, None, 113.0, None
None, 373.0, None, None, None, 2015-04-11 21:00:00, 0.5, None, 113.0, None
None, 373.0, None, None, None, 2015-04-11 22:00:00, -1.0, None, 113.0, None
None, 373.0, None, None, None, 2015-04-11 23:00:00, -1.4, None, 114.0, None
None, 373.0, None, None, None, 2015-04-12 00:00:00, -4.5, None, 114.0, None
None, 374.0, None, None, None, 2015-04-12 01:00:00, -4.3, None, 114.0, None
None, 374.0, None, None, None, 2015-04-12 02:00:00, -5.4, None, 114.0, None
None, 374.0, None, None, None, 2015-04-12 03:00:00, -7.0, None, 114.0, None
None, 374.0, None, None, None, 2015-04-12 04:00:00, -8.1, None, 114.0, None
None, 374.0, None, None, None, 2015-04-12 05:00:00, -8.7, None, 114.0, None
None, 374.0, None, None, None, 2015-04-12 06:00:00, -7.8, None, 114.0, None
None, 374.0, None, None, None, 2015-04-12 07:00:00, -7.8, None, 115.0, None
None, 374.0, None, None, None, 2015-04-12 08:00:00, -7.8, None, 115.0, None
None, 374.0, None, None, None, 2015-04-12 09:00:00, -7.9, None, 115.0, None
None, 374.0, None, None, None, 2015-04-12 10:00:00, -7.6, None, 115.0, None
None, 374.0, None, None, None, 2015-04-12 11:00:00, -7.6, None, 115.0, None
None, 374.0, None, None, None, 2015-04-12 12:00:00, -7.8, None, 115.0, None
None, 374.0, None, None, None, 2015-04-12 13:00:00, -7.9, None, 115.0, None
None, 374.0, None, None, None, 2015-04-12 14:00:00, -7.8, None, 115.0, None
None, 374.0, None, None, None, 2015-04-12 15:00:00, -6.7, None, 115.0, None
None, 374.0, None, 0.0, None, 2015-04-12 16:00:00, -4.2, None, 115.0, None
None, 374.0, None, None, None, 2015-04-12 17:00:00, -4.8, None, 115.0, None
None, 374.0, None, None, None, 2015-04-12 18:00:00, -4.5, None, 115.0, None
None, 373.0, None, None, None, 2015-04-12 19:00:00, -2.8, None, 115.0, None
None, 373.0, None, None, None, 2015-04-12 20:00:00, -2.3, None, 115.0, None
None, 373.0, None, None, None, 2015-04-12 21:00:00, -0.2, None, 115.0, None
None, 373.0, None, None, None, 2015-04-12 22:00:00, -1.3, None, 115.0, None
None, 373.0, None, None, None, 2015-04-12 23:00:00, -3.5, None, 115.0, None
None, 373.0, None, None, None, 2015-04-13 00:00:00, -3.0, None, 115.0, None
None, 373.0, None, None, None, 2015-04-13 01:00:00, -3.2, None, 115.0, None
None, 373.0, None, None, None, 2015-04-13 02:00:00, -5.0, None, 115.0, None
None, 374.0, None, None, None, 2015-04-13 03:00:00, -6.7, None, 115.0, None
None, 374.0, None, None, None, 2015-04-13 04:00:00, -7.4, None, 115.0, None
None, 374.0, None, None, None, 2015-04-13 05:00:00, -9.2, None, 115.0, None
None, 374.0, None, None, None, 2015-04-13 06:00:00, -9.5, None, 115.0, None
None, 374.0, None, None, None, 2015-04-13 07:00:00, -10.6, None, 115.0, None
None, 374.0, None, None, None, 2015-04-13 08:00:00, -9.8, None, 115.0, None
None, 374.0, None, None, None, 2015-04-13 09:00:00, -9.2, None, 115.0, None
None, 374.0, None, None, None, 2015-04-13 10:00:00, -9.2, None, 115.0, None
None, 374.0, None, None, None, 2015-04-13 11:00:00, -8.7, None, 115.0, None
None, 374.0, None, None, None, 2015-04-13 12:00:00, -8.4, None, 115.0, None
None, 374.0, None, None, None, 2015-04-13 13:00:00, -8.1, None, 115.0, None
None, 374.0, None, None, None, 2015-04-13 14:00:00, -7.7, None, 115.0, None
None, 373.0, None, None, None, 2015-04-13 15:00:00, -4.6, None, 114.0, None
None, 373.0, None, 0.0, None, 2015-04-13 16:00:00, -4.8, None, 114.0, None
None, 373.0, None, None, None, 2015-04-13 17:00:00, -3.3, None, 115.0, None
None, 373.0, None, None, None, 2015-04-13 18:00:00, -1.5, None, 114.0, None
None, 373.0, None, None, None, 2015-04-13 19:00:00, 0.5, None, 115.0, None
None, 373.0, None, None, None, 2015-04-13 20:00:00, 1.0, None, 114.0, None
None, 373.0, None, None, None, 2015-04-13 21:00:00, 1.3, None, 114.0, None
None, 373.0, None, None, None, 2015-04-13 22:00:00, 0.1, None, 114.0, None
None, 373.0, None, None, None, 2015-04-13 23:00:00, -0.5, None, 114.0, None
None, 373.0, None, None, None, 2015-04-14 00:00:00, -0.3, None, 114.0, None
None, 373.0, None, None, None, 2015-04-14 01:00:00, -2.0, None, 114.0, None
None, 373.0, None, None, None, 2015-04-14 02:00:00, -3.7, None, 114.0, None
None, 373.0, None, None, None, 2015-04-14 03:00:00, -4.4, None, 114.0, None
None, 374.0, None, None, None, 2015-04-14 04:00:00, -4.8, None, 114.0, None
None, 375.0, None, None, None, 2015-04-14 05:00:00, -4.9, None, 114.0, None
None, 376.0, None, None, None, 2015-04-14 06:00:00, -4.9, None, 114.0, None
None, 376.0, None, None, None, 2015-04-14 07:00:00, -4.7, None, 114.0, None
None, 376.0, None, None, None, 2015-04-14 08:00:00, -5.0, None, 114.0, None
None, 376.0, None, None, None, 2015-04-14 09:00:00, -5.0, None, 114.0, None
None, 376.0, None, None, None, 2015-04-14 10:00:00, -5.1, None, 114.0, None
None, 377.0, None, None, None, 2015-04-14 11:00:00, -5.1, None, 115.0, None
None, 377.0, None, None, None, 2015-04-14 12:00:00, -5.2, None, 115.0, None
None, 377.0, None, None, None, 2015-04-14 13:00:00, -5.3, None, 115.0, None
None, 377.0, None, None, None, 2015-04-14 14:00:00, -4.7, None, 115.0, None
None, 377.0, None, None, None, 2015-04-14 15:00:00, -4.3, None, 115.0, None
None, 377.0, None, None, None, 2015-04-14 16:00:00, -4.5, None, 116.0, None
None, 377.0, None, None, None, 2015-04-14 17:00:00, -2.4, None, 116.0, None
None, 377.0, None, None, None, 2015-04-14 18:00:00, -1.2, None, 116.0, None
None, 377.0, None, None, None, 2015-04-14 19:00:00, -1.6, None, 116.0, None
None, 378.0, None, None, None, 2015-04-14 20:00:00, -2.6, None, 117.0, None
None, 377.0, None, None, None, 2015-04-14 21:00:00, 2.4, None, 117.0, None
None, 377.0, None, None, None, 2015-04-14 22:00:00, 0.6, None, 117.0, None
None, 378.0, None, None, None, 2015-04-14 23:00:00, -0.4, None, 118.0, None
None, 377.0, None, None, None, 2015-04-15 00:00:00, -2.6, None, 118.0, None
None, 377.0, None, None, None, 2015-04-15 01:00:00, -4.1, None, 118.0, None
None, 378.0, None, None, None, 2015-04-15 02:00:00, -4.5, None, 118.0, None
None, 378.0, None, None, None, 2015-04-15 03:00:00, -6.1, None, 118.0, None
None, 378.0, None, None, None, 2015-04-15 04:00:00, -6.9, None, 118.0, None
None, 378.0, None, None, None, 2015-04-15 05:00:00, -6.6, None, 118.0, None
None, 378.0, None, None, None, 2015-04-15 06:00:00, -7.4, None, 119.0, None
None, 378.0, None, None, None, 2015-04-15 07:00:00, -7.7, None, 119.0, None
None, 378.0, None, None, None, 2015-04-15 08:00:00, -7.6, None, 119.0, None
None, 378.0, None, None, None, 2015-04-15 09:00:00, -7.5, None, 119.0, None
None, 378.0, None, None, None, 2015-04-15 10:00:00, -7.5, None, 119.0, None
None, 378.0, None, None, None, 2015-04-15 11:00:00, -7.3, None, 119.0, None
None, 378.0, None, None, None, 2015-04-15 12:00:00, -7.4, None, 119.0, None
None, 378.0, None, None, None, 2015-04-15 13:00:00, -6.9, None, 119.0, None
None, 378.0, None, None, None, 2015-04-15 14:00:00, -7.0, None, 119.0, None
None, 379.0, None, None, None, 2015-04-15 15:00:00, -7.2, None, 119.0, None
None, 379.0, None, 0.0, None, 2015-04-15 16:00:00, -6.7, None, 119.0, None
None, 379.0, None, None, None, 2015-04-15 17:00:00, -5.6, None, 119.0, None
None, 379.0, None, None, None, 2015-04-15 18:00:00, -2.4, None, 119.0, None
None, 379.0, None, None, None, 2015-04-15 19:00:00, -2.6, None, 119.0, None
None, 379.0, None, None, None, 2015-04-15 20:00:00, -1.4, None, 119.0, None
None, 379.0, None, None, None, 2015-04-15 21:00:00, 0.8, None, 119.0, None
None, 380.0, None, None, None, 2015-04-15 22:00:00, 1.4, None, 119.0, None
None, 379.0, None, None, None, 2015-04-15 23:00:00, 2.1, None, 119.0, None
None, 380.0, None, None, None, 2015-04-16 00:00:00, -0.2, None, 120.0, None
None, 380.0, None, None, None, 2015-04-16 01:00:00, -1.1, None, 120.0, None
None, 380.0, None, None, None, 2015-04-16 02:00:00, -1.6, None, 120.0, None
None, 380.0, None, None, None, 2015-04-16 03:00:00, -3.2, None, 120.0, None
None, 380.0, None, None, None, 2015-04-16 04:00:00, -4.6, None, 120.0, None
None, 380.0, None, None, None, 2015-04-16 05:00:00, -4.1, None, 120.0, None
None, 380.0, None, None, None, 2015-04-16 06:00:00, -4.7, None, 120.0, None
None, 380.0, None, None, None, 2015-04-16 07:00:00, -4.4, None, 120.0, None
None, 380.0, None, None, None, 2015-04-16 08:00:00, -4.5, None, 121.0, None
None, 380.0, None, None, None, 2015-04-16 09:00:00, -4.7, None, 121.0, None
None, 380.0, None, None, None, 2015-04-16 10:00:00, -5.3, None, 121.0, None
None, 380.0, None, None, None, 2015-04-16 11:00:00, -6.6, None, 121.0, None
None, 380.0, None, None, None, 2015-04-16 12:00:00, -6.8, None, 121.0, None
None, 380.0, None, None, None, 2015-04-16 13:00:00, -5.8, None, 121.0, None
None, 380.0, None, None, None, 2015-04-16 14:00:00, -5.2, None, 121.0, None
None, 380.0, None, None, None, 2015-04-16 15:00:00, -3.0, None, 121.0, None
None, 380.0, None, 0.0, None, 2015-04-16 16:00:00, -2.4, None, 122.0, None
None, 380.0, None, None, None, 2015-04-16 17:00:00, -1.8, None, 122.0, None
None, 379.0, None, None, None, 2015-04-16 18:00:00, 0.9, None, 122.0, None
None, 379.0, None, None, None, 2015-04-16 19:00:00, 4.4, None, 122.0, None
None, 379.0, None, None, None, 2015-04-16 20:00:00, 2.6, None, 122.0, None
None, 379.0, None, None, None, 2015-04-16 21:00:00, 0.2, None, 122.0, None
None, 379.0, None, None, None, 2015-04-16 22:00:00, 0.1, None, 122.0, None
None, 379.0, None, None, None, 2015-04-16 23:00:00, -1.2, None, 121.0, None
None, 379.0, None, None, None, 2015-04-17 00:00:00, 0.6, None, 121.0, None
None, 379.0, None, None, None, 2015-04-17 01:00:00, 0.4, None, 121.0, None
None, 380.0, None, None, None, 2015-04-17 02:00:00, -2.0, None, 121.0, None
None, 380.0, None, None, None, 2015-04-17 03:00:00, -3.9, None, 120.0, None
None, 380.0, None, None, None, 2015-04-17 04:00:00, -4.3, None, 120.0, None
None, 380.0, None, None, None, 2015-04-17 05:00:00, -4.3, None, 120.0, None
None, 380.0, None, None, None, 2015-04-17 06:00:00, -4.8, None, 120.0, None
None, 380.0, None, None, None, 2015-04-17 07:00:00, -6.1, None, 120.0, None
None, 380.0, None, None, None, 2015-04-17 08:00:00, -6.5, None, 120.0, None
None, 380.0, None, None, None, 2015-04-17 09:00:00, -5.5, None, 120.0, None
None, 380.0, None, None, None, 2015-04-17 10:00:00, -5.2, None, 120.0, None
None, 380.0, None, None, None, 2015-04-17 11:00:00, -5.2, None, 120.0, None
None, 380.0, None, None, None, 2015-04-17 12:00:00, -5.1, None, 120.0, None
None, 380.0, None, None, None, 2015-04-17 13:00:00, -5.8, None, 119.0, None
None, 380.0, None, None, None, 2015-04-17 14:00:00, -5.7, None, 119.0, None
None, 381.0, None, None, None, 2015-04-17 15:00:00, -4.5, None, 119.0, None
None, 381.0, None, 4.0, None, 2015-04-17 16:00:00, -3.8, None, 119.0, None
None, 381.0, None, None, None, 2015-04-17 17:00:00, -1.8, None, 119.0, None
None, 381.0, None, None, None, 2015-04-17 18:00:00, -1.2, None, 119.0, None
None, 381.0, None, None, None, 2015-04-17 19:00:00, 0.8, None, 119.0, None
None, 381.0, None, None, None, 2015-04-17 20:00:00, -0.4, None, 119.0, None
None, 381.0, None, None, None, 2015-04-17 21:00:00, -1.3, None, 119.0, None
None, 381.0, None, None, None, 2015-04-17 22:00:00, 3.1, None, 119.0, None
None, 381.0, None, None, None, 2015-04-17 23:00:00, 1.5, None, 119.0, None
None, 381.0, None, None, None, 2015-04-18 00:00:00, -2.0, None, 119.0, None
None, 381.0, None, None, None, 2015-04-18 01:00:00, -1.4, None, 119.0, None
None, 381.0, None, None, None, 2015-04-18 02:00:00, -2.2, None, 119.0, None
None, 381.0, None, None, None, 2015-04-18 03:00:00, -3.9, None, 119.0, None
None, 381.0, None, None, None, 2015-04-18 04:00:00, -4.8, None, 119.0, None
None, 381.0, None, None, None, 2015-04-18 05:00:00, -5.1, None, 119.0, None
None, 382.0, None, None, None, 2015-04-18 06:00:00, -5.7, None, 119.0, None
None, 381.0, None, None, None, 2015-04-18 07:00:00, -6.0, None, 119.0, None
None, 381.0, None, None, None, 2015-04-18 08:00:00, -6.4, None, 119.0, None
None, 382.0, None, None, None, 2015-04-18 09:00:00, -7.0, None, 119.0, None
None, 382.0, None, None, None, 2015-04-18 10:00:00, -7.4, None, 119.0, None
None, 382.0, None, None, None, 2015-04-18 11:00:00, -7.5, None, 119.0, None
None, 382.0, None, None, None, 2015-04-18 12:00:00, -7.3, None, 119.0, None
None, 382.0, None, None, None, 2015-04-18 13:00:00, -7.3, None, 119.0, None
None, 381.0, None, None, None, 2015-04-18 14:00:00, -6.1, None, 119.0, None
None, 381.0, None, None, None, 2015-04-18 15:00:00, -4.3, None, 119.0, None
None, 381.0, None, 0.0, None, 2015-04-18 16:00:00, -2.8, None, 120.0, None
None, 381.0, None, None, None, 2015-04-18 17:00:00, -1.6, None, 120.0, None
None, 381.0, None, None, None, 2015-04-18 18:00:00, 1.7, None, 120.0, None
None, 380.0, None, None, None, 2015-04-18 19:00:00, 3.2, None, 120.0, None
None, 380.0, None, None, None, 2015-04-18 20:00:00, 4.2, None, 120.0, None
None, 380.0, None, None, None, 2015-04-18 21:00:00, 5.8, None, 120.0, None
None, 380.0, None, None, None, 2015-04-18 22:00:00, 3.6, None, 120.0, None
None, 380.0, None, None, None, 2015-04-18 23:00:00, 3.1, None, 120.0, None
None, 380.0, None, None, None, 2015-04-19 00:00:00, 1.7, None, 119.0, None
None, 380.0, None, None, None, 2015-04-19 01:00:00, 0.7, None, 119.0, None
None, 380.0, None, None, None, 2015-04-19 02:00:00, -0.9, None, 119.0, None
None, 381.0, None, None, None, 2015-04-19 03:00:00, -2.8, None, 118.0, None
None, 381.0, None, None, None, 2015-04-19 04:00:00, -3.5, None, 118.0, None
None, 381.0, None, None, None, 2015-04-19 05:00:00, -4.4, None, 118.0, None
None, 381.0, None, None, None, 2015-04-19 06:00:00, -4.9, None, 118.0, None
None, 381.0, None, None, None, 2015-04-19 07:00:00, -5.3, None, 118.0, None
None, 381.0, None, None, None, 2015-04-19 08:00:00, -5.9, None, 117.0, None
None, 381.0, None, None, None, 2015-04-19 09:00:00, -5.4, None, 117.0, None
None, 381.0, None, None, None, 2015-04-19 10:00:00, -5.0, None, 117.0, None
None, 381.0, None, None, None, 2015-04-19 11:00:00, -5.4, None, 117.0, None
None, 381.0, None, None, None, 2015-04-19 12:00:00, -5.6, None, 117.0, None
None, 381.0, None, None, None, 2015-04-19 13:00:00, -4.8, None, 117.0, None
None, 380.0, None, None, None, 2015-04-19 14:00:00, -3.2, None, 116.0, None
None, 380.0, None, None, None, 2015-04-19 15:00:00, -1.5, None, 116.0, None
None, 380.0, None, 3.0, None, 2015-04-19 16:00:00, -0.4, None, 116.0, None
None, 380.0, None, None, None, 2015-04-19 17:00:00, 1.7, None, 116.0, None
None, 380.0, None, None, None, 2015-04-19 18:00:00, 2.8, None, 116.0, None
None, 380.0, None, None, None, 2015-04-19 19:00:00, 7.3, None, 116.0, None
None, 380.0, None, None, None, 2015-04-19 20:00:00, 4.9, None, 116.0, None
None, 379.0, None, None, None, 2015-04-19 21:00:00, 7.7, None, 116.0, None
None, 379.0, None, None, None, 2015-04-19 22:00:00, 7.7, None, 116.0, None
None, 379.0, None, None, None, 2015-04-19 23:00:00, 7.3, None, 116.0, None
None, 379.0, None, None, None, 2015-04-20 00:00:00, 5.2, None, 116.0, None
None, 380.0, None, None, None, 2015-04-20 01:00:00, 5.3, None, 116.0, None
None, 380.0, None, None, None, 2015-04-20 02:00:00, 3.6, None, 116.0, None
None, 380.0, None, None, None, 2015-04-20 03:00:00, 1.3, None, 115.0, None
None, 380.0, None, None, None, 2015-04-20 04:00:00, 0.7, None, 115.0, None
None, 380.0, None, None, None, 2015-04-20 05:00:00, -1.0, None, 115.0, None
None, 380.0, None, None, None, 2015-04-20 06:00:00, 0.0, None, 115.0, None
None, 380.0, None, None, None, 2015-04-20 07:00:00, 0.6, None, 115.0, None
None, 380.0, None, None, None, 2015-04-20 08:00:00, 0.6, None, 115.0, None
None, 380.0, None, None, None, 2015-04-20 09:00:00, -0.5, None, 115.0, None
None, 380.0, None, None, None, 2015-04-20 10:00:00, -1.2, None, 115.0, None
None, 380.0, None, None, None, 2015-04-20 11:00:00, -0.3, None, 115.0, None
None, 380.0, None, None, None, 2015-04-20 12:00:00, 0.1, None, 115.0, None
None, 380.0, None, None, None, 2015-04-20 13:00:00, 0.1, None, 115.0, None
None, 380.0, None, None, None, 2015-04-20 14:00:00, 1.5, None, 114.0, None
None, 380.0, None, None, None, 2015-04-20 15:00:00, 2.4, None, 114.0, None
None, 379.0, None, 0.0, None, 2015-04-20 16:00:00, 4.4, None, 114.0, None
None, 379.0, None, None, None, 2015-04-20 17:00:00, 6.8, None, 114.0, None
None, 379.0, None, None, None, 2015-04-20 18:00:00, 8.8, None, 114.0, None
None, 379.0, None, None, None, 2015-04-20 19:00:00, 10.0, None, 114.0, None
None, 379.0, None, None, None, 2015-04-20 20:00:00, 8.8, None, 114.0, None
None, 379.0, None, None, None, 2015-04-20 21:00:00, 13.2, None, 114.0, None
None, 379.0, None, None, None, 2015-04-20 22:00:00, 10.3, None, 114.0, None
None, 379.0, None, None, None, 2015-04-20 23:00:00, 11.0, None, 114.0, None
None, 379.0, None, None, None, 2015-04-21 00:00:00, 8.6, None, 114.0, None
None, 379.0, None, None, None, 2015-04-21 01:00:00, 6.8, None, 113.0, None
None, 379.0, None, None, None, 2015-04-21 02:00:00, 5.0, None, 113.0, None
None, 379.0, None, None, None, 2015-04-21 03:00:00, 4.1, None, 113.0, None
None, 379.0, None, None, None, 2015-04-21 04:00:00, 3.2, None, 113.0, None
None, 379.0, None, None, None, 2015-04-21 05:00:00, 2.9, None, 113.0, None
None, 379.0, None, None, None, 2015-04-21 06:00:00, 3.4, None, 113.0, None
None, 379.0, None, None, None, 2015-04-21 07:00:00, 3.2, None, 112.0, None
None, 379.0, None, None, None, 2015-04-21 08:00:00, 3.0, None, 112.0, None
None, 379.0, None, None, None, 2015-04-21 09:00:00, 2.9, None, 112.0, None
None, 379.0, None, None, None, 2015-04-21 10:00:00, 2.6, None, 112.0, None
None, 379.0, None, None, None, 2015-04-21 11:00:00, 2.7, None, 112.0, None
None, 379.0, None, None, None, 2015-04-21 12:00:00, 1.6, None, 112.0, None
None, 379.0, None, None, None, 2015-04-21 13:00:00, 2.2, None, 112.0, None
None, 379.0, None, None, None, 2015-04-21 14:00:00, 2.9, None, 112.0, None
None, 379.0, None, None, None, 2015-04-21 15:00:00, 3.4, None, 112.0, None
None, 379.0, None, 4.0, None, 2015-04-21 16:00:00, 4.1, None, 112.0, None
None, 379.0, None, None, None, 2015-04-21 17:00:00, 5.3, None, 111.0, None
None, 379.0, None, None, None, 2015-04-21 18:00:00, 7.0, None, 111.0, None
None, 379.0, None, None, None, 2015-04-21 19:00:00, 7.2, None, 111.0, None
None, 379.0, None, None, None, 2015-04-21 20:00:00, 4.3, None, 111.0, None
None, 380.0, None, None, None, 2015-04-21 21:00:00, 4.7, None, 111.0, None
None, 380.0, None, None, None, 2015-04-21 22:00:00, 3.8, None, 111.0, None
None, 381.0, None, None, None, 2015-04-21 23:00:00, 3.4, None, 110.0, None
None, 382.0, None, None, None, 2015-04-22 00:00:00, 2.5, None, 110.0, None
None, 383.0, None, None, None, 2015-04-22 01:00:00, 0.3, None, 110.0, None
None, 384.0, None, None, None, 2015-04-22 02:00:00, 0.1, None, 110.0, None
None, 384.0, None, None, None, 2015-04-22 03:00:00, -0.1, None, 110.0, None
None, 384.0, None, None, None, 2015-04-22 04:00:00, -0.5, None, 109.0, None
None, 384.0, None, None, None, 2015-04-22 05:00:00, -1.1, None, 109.0, None
None, 384.0, None, None, None, 2015-04-22 06:00:00, -1.5, None, 109.0, None
None, 384.0, None, None, None, 2015-04-22 07:00:00, -2.1, None, 109.0, None
None, 385.0, None, None, None, 2015-04-22 08:00:00, -2.6, None, 108.0, None
None, 385.0, None, None, None, 2015-04-22 09:00:00, -3.2, None, 108.0, None
None, 385.0, None, None, None, 2015-04-22 10:00:00, -3.8, None, 108.0, None
None, 385.0, None, None, None, 2015-04-22 11:00:00, -4.4, None, 108.0, None
None, 385.0, None, None, None, 2015-04-22 12:00:00, -4.7, None, 108.0, None
None, 385.0, None, None, None, 2015-04-22 13:00:00, -4.9, None, 108.0, None
None, 385.0, None, None, None, 2015-04-22 14:00:00, -4.8, None, 108.0, None
None, 385.0, None, None, None, 2015-04-22 15:00:00, -4.2, None, 108.0, None
None, 385.0, None, 4.0, None, 2015-04-22 16:00:00, -2.1, None, 107.0, None
None, 385.0, None, None, None, 2015-04-22 17:00:00, -1.4, None, 107.0, None
None, 385.0, None, None, None, 2015-04-22 18:00:00, -0.6, None, 107.0, None
None, 385.0, None, None, None, 2015-04-22 19:00:00, -0.3, None, 107.0, None
None, 385.0, None, None, None, 2015-04-22 20:00:00, 1.3, None, 107.0, None
None, 385.0, None, None, None, 2015-04-22 21:00:00, 2.0, None, 107.0, None
None, 385.0, None, None, None, 2015-04-22 22:00:00, 2.9, None, 107.0, None
None, 385.0, None, None, None, 2015-04-22 23:00:00, 4.3, None, 107.0, None
None, 385.0, None, None, None, 2015-04-23 00:00:00, 2.2, None, 106.0, None
None, 385.0, None, None, None, 2015-04-23 01:00:00, 0.7, None, 106.0, None
None, 385.0, None, None, None, 2015-04-23 02:00:00, 0.1, None, 106.0, None
None, 385.0, None, None, None, 2015-04-23 03:00:00, -0.8, None, 106.0, None
None, 385.0, None, None, None, 2015-04-23 04:00:00, -2.2, None, 106.0, None
None, 385.0, None, None, None, 2015-04-23 05:00:00, -2.3, None, 106.0, None
None, 385.0, None, None, None, 2015-04-23 06:00:00, -2.5, None, 106.0, None
None, 385.0, None, None, None, 2015-04-23 07:00:00, -2.6, None, 106.0, None
None, 385.0, None, None, None, 2015-04-23 08:00:00, -3.0, None, 106.0, None
None, 385.0, None, None, None, 2015-04-23 09:00:00, -3.6, None, 106.0, None
None, 385.0, None, None, None, 2015-04-23 10:00:00, -3.9, None, 106.0, None
None, 385.0, None, None, None, 2015-04-23 11:00:00, -4.3, None, 105.0, None
None, 385.0, None, None, None, 2015-04-23 12:00:00, -4.2, None, 106.0, None
None, 385.0, None, None, None, 2015-04-23 13:00:00, -4.9, None, 105.0, None
None, 385.0, None, None, None, 2015-04-23 14:00:00, -4.2, None, 105.0, None
None, 385.0, None, None, None, 2015-04-23 15:00:00, -2.4, None, 105.0, None
None, 385.0, None, 4.0, None, 2015-04-23 16:00:00, -1.1, None, 105.0, None
None, 385.0, None, None, None, 2015-04-23 17:00:00, -2.7, None, 105.0, None
None, 385.0, None, None, None, 2015-04-23 18:00:00, -1.7, None, 105.0, None
None, 385.0, None, None, None, 2015-04-23 19:00:00, -1.3, None, 105.0, None
None, 385.0, None, None, None, 2015-04-23 20:00:00, -0.4, None, 105.0, None
None, 385.0, None, None, None, 2015-04-23 21:00:00, 1.9, None, 105.0, None
None, 385.0, None, None, None, 2015-04-23 22:00:00, -1.3, None, 105.0, None
None, 386.0, None, None, None, 2015-04-23 23:00:00, -1.8, None, 105.0, None
None, 386.0, None, None, None, 2015-04-24 00:00:00, -2.3, None, 105.0, None
None, 386.0, None, None, None, 2015-04-24 01:00:00, -2.6, None, 105.0, None
None, 386.0, None, None, None, 2015-04-24 02:00:00, -3.5, None, 105.0, None
None, 386.0, None, None, None, 2015-04-24 03:00:00, -4.4, None, 105.0, None
None, 386.0, None, None, None, 2015-04-24 04:00:00, -4.8, None, 105.0, None
None, 386.0, None, None, None, 2015-04-24 05:00:00, -4.8, None, 105.0, None
None, 386.0, None, None, None, 2015-04-24 06:00:00, -4.9, None, 105.0, None
None, 386.0, None, None, None, 2015-04-24 07:00:00, -5.3, None, 105.0, None
None, 386.0, None, None, None, 2015-04-24 08:00:00, -5.3, None, 105.0, None
None, 386.0, None, None, None, 2015-04-24 09:00:00, -5.7, None, 106.0, None
None, 386.0, None, None, None, 2015-04-24 10:00:00, -6.0, None, 106.0, None
None, 386.0, None, None, None, 2015-04-24 11:00:00, -5.6, None, 106.0, None
None, 386.0, None, None, None, 2015-04-24 12:00:00, -4.9, None, 106.0, None
None, 386.0, None, None, None, 2015-04-24 13:00:00, -4.9, None, 106.0, None
None, 386.0, None, None, None, 2015-04-24 14:00:00, -0.9, None, 106.0, None
None, 386.0, None, None, None, 2015-04-24 15:00:00, -0.1, None, 106.0, None
None, 386.0, None, 3.0, None, 2015-04-24 16:00:00, -1.4, None, 106.0, None
None, 386.0, None, None, None, 2015-04-24 17:00:00, -1.0, None, 106.0, None
None, 386.0, None, None, None, 2015-04-24 18:00:00, -0.9, None, 106.0, None
None, 386.0, None, None, None, 2015-04-24 19:00:00, 0.8, None, 106.0, None
None, 385.0, None, None, None, 2015-04-24 20:00:00, 2.3, None, 107.0, None
None, 385.0, None, None, None, 2015-04-24 21:00:00, 0.2, None, 107.0, None
None, 385.0, None, None, None, 2015-04-24 22:00:00, -1.0, None, 107.0, None
None, 385.0, None, None, None, 2015-04-24 23:00:00, -0.5, None, 107.0, None
None, 385.0, None, None, None, 2015-04-25 00:00:00, 0.9, None, 107.0, None
None, 385.0, None, None, None, 2015-04-25 01:00:00, -1.3, None, 107.0, None
None, 386.0, None, None, None, 2015-04-25 02:00:00, -2.8, None, 107.0, None
None, 386.0, None, None, None, 2015-04-25 03:00:00, -4.0, None, 107.0, None
None, 386.0, None, None, None, 2015-04-25 04:00:00, -4.9, None, 107.0, None
None, 386.0, None, None, None, 2015-04-25 05:00:00, -5.9, None, 106.0, None
None, 386.0, None, None, None, 2015-04-25 06:00:00, -7.7, None, 107.0, None
None, 386.0, None, None, None, 2015-04-25 07:00:00, -7.1, None, 106.0, None
None, 386.0, None, None, None, 2015-04-25 08:00:00, -7.6, None, 107.0, None
None, 386.0, None, None, None, 2015-04-25 09:00:00, -7.6, None, 107.0, None
None, 386.0, None, None, None, 2015-04-25 10:00:00, -8.0, None, 106.0, None
None, 386.0, None, None, None, 2015-04-25 11:00:00, -8.0, None, 107.0, None
None, 386.0, None, None, None, 2015-04-25 12:00:00, -8.9, None, 107.0, None
None, 386.0, None, None, None, 2015-04-25 13:00:00, -7.7, None, 106.0, None
None, 386.0, None, None, None, 2015-04-25 14:00:00, -3.5, None, 106.0, None
None, 386.0, None, None, None, 2015-04-25 15:00:00, -1.7, None, 106.0, None
None, 385.0, None, 3.0, None, 2015-04-25 16:00:00, -0.2, None, 106.0, None
None, 385.0, None, None, None, 2015-04-25 17:00:00, 1.1, None, 106.0, None
None, 385.0, None, None, None, 2015-04-25 18:00:00, 2.4, None, 106.0, None
None, 385.0, None, None, None, 2015-04-25 19:00:00, 5.6, None, 106.0, None
None, 385.0, None, None, None, 2015-04-25 20:00:00, 4.9, None, 106.0, None
None, 385.0, None, None, None, 2015-04-25 21:00:00, 7.9, None, 106.0, None
None, 384.0, None, None, None, 2015-04-25 22:00:00, 6.4, None, 106.0, None
None, 384.0, None, None, None, 2015-04-25 23:00:00, 6.7, None, 106.0, None
None, 385.0, None, None, None, 2015-04-26 00:00:00, 4.8, None, 105.0, None
None, 385.0, None, None, None, 2015-04-26 01:00:00, 4.3, None, 105.0, None
None, 385.0, None, None, None, 2015-04-26 02:00:00, 2.0, None, 105.0, None
None, 385.0, None, None, None, 2015-04-26 03:00:00, -0.7, None, 105.0, None
None, 385.0, None, None, None, 2015-04-26 04:00:00, -3.0, None, 105.0, None
None, 385.0, None, None, None, 2015-04-26 05:00:00, -1.6, None, 105.0, None
None, 385.0, None, None, None, 2015-04-26 06:00:00, -2.4, None, 105.0, None
None, 385.0, None, None, None, 2015-04-26 07:00:00, -2.9, None, 104.0, None
None, 385.0, None, None, None, 2015-04-26 08:00:00, -3.3, None, 104.0, None
None, 385.0, None, None, None, 2015-04-26 09:00:00, -3.5, None, 104.0, None
None, 385.0, None, None, None, 2015-04-26 10:00:00, -4.0, None, 104.0, None
None, 385.0, None, None, None, 2015-04-26 11:00:00, -4.9, None, 104.0, None
None, 385.0, None, None, None, 2015-04-26 12:00:00, -5.3, None, 104.0, None
None, 385.0, None, None, None, 2015-04-26 13:00:00, -4.9, None, 104.0, None
None, 385.0, None, None, None, 2015-04-26 14:00:00, -1.5, None, 104.0, None
None, 385.0, None, None, None, 2015-04-26 15:00:00, 0.9, None, 104.0, None
None, 384.0, None, 4.0, None, 2015-04-26 16:00:00, 1.0, None, 104.0, None
None, 384.0, None, None, None, 2015-04-26 17:00:00, 2.6, None, 104.0, None
None, 384.0, None, None, None, 2015-04-26 18:00:00, 2.5, None, 104.0, None
None, 384.0, None, None, None, 2015-04-26 19:00:00, 2.7, None, 104.0, None
None, 384.0, None, None, None, 2015-04-26 20:00:00, 6.1, None, 104.0, None
None, 384.0, None, None, None, 2015-04-26 21:00:00, 5.6, None, 104.0, None
None, 384.0, None, None, None, 2015-04-26 22:00:00, 5.0, None, 104.0, None
None, 384.0, None, None, None, 2015-04-26 23:00:00, 5.3, None, 104.0, None
None, 384.0, None, None, None, 2015-04-27 00:00:00, 1.9, None, 104.0, None
None, 384.0, None, None, None, 2015-04-27 01:00:00, 2.2, None, 104.0, None
None, 384.0, None, None, None, 2015-04-27 02:00:00, 0.7, None, 104.0, None
None, 385.0, None, None, None, 2015-04-27 03:00:00, -1.2, None, 104.0, None
None, 385.0, None, None, None, 2015-04-27 04:00:00, -1.8, None, 104.0, None
None, 386.0, None, None, None, 2015-04-27 05:00:00, -1.6, None, 103.0, None
None, 386.0, None, None, None, 2015-04-27 06:00:00, -1.8, None, 103.0, None
None, 386.0, None, None, None, 2015-04-27 07:00:00, -1.9, None, 104.0, None
None, 387.0, None, None, None, 2015-04-27 08:00:00, -2.2, None, 104.0, None
None, 387.0, None, None, None, 2015-04-27 09:00:00, -2.7, None, 104.0, None
None, 387.0, None, None, None, 2015-04-27 10:00:00, -2.9, None, 104.0, None
None, 387.0, None, None, None, 2015-04-27 11:00:00, -3.2, None, 104.0, None
None, 387.0, None, None, None, 2015-04-27 12:00:00, -3.3, None, 104.0, None
None, 387.0, None, None, None, 2015-04-27 13:00:00, -3.1, None, 104.0, None
None, 387.0, None, None, None, 2015-04-27 14:00:00, -2.7, None, 105.0, None
None, 387.0, None, None, None, 2015-04-27 15:00:00, -1.7, None, 105.0, None
None, 387.0, None, 0.0, None, 2015-04-27 16:00:00, -1.5, None, 105.0, None
None, 387.0, None, None, None, 2015-04-27 17:00:00, -0.9, None, 105.0, None
None, 386.0, None, None, None, 2015-04-27 18:00:00, -0.5, None, 105.0, None
None, 387.0, None, None, None, 2015-04-27 19:00:00, 0.7, None, 105.0, None
None, 387.0, None, None, None, 2015-04-27 20:00:00, 1.6, None, 105.0, None
None, 387.0, None, None, None, 2015-04-27 21:00:00, 0.7, None, 105.0, None
None, 388.0, None, None, None, 2015-04-27 22:00:00, -0.2, None, 105.0, None
None, 389.0, None, None, None, 2015-04-27 23:00:00, -0.2, None, 105.0, None
None, 389.0, None, None, None, 2015-04-28 00:00:00, 1.1, None, 105.0, None
None, 389.0, None, None, None, 2015-04-28 01:00:00, 0.9, None, 106.0, None
None, 389.0, None, None, None, 2015-04-28 02:00:00, -0.5, None, 106.0, None
None, 390.0, None, None, None, 2015-04-28 03:00:00, -1.1, None, 106.0, None
None, 390.0, None, None, None, 2015-04-28 04:00:00, -1.2, None, 106.0, None
None, 390.0, None, None, None, 2015-04-28 05:00:00, -1.0, None, 106.0, None
None, 390.0, None, None, None, 2015-04-28 06:00:00, -0.5, None, 106.0, None
None, 390.0, None, None, None, 2015-04-28 07:00:00, 0.0, None, 107.0, None
None, 390.0, None, None, None, 2015-04-28 08:00:00, 0.1, None, 107.0, None
None, 391.0, None, None, None, 2015-04-28 09:00:00, 0.0, None, 107.0, None
None, 391.0, None, None, None, 2015-04-28 10:00:00, 0.5, None, 108.0, None
None, 391.0, None, None, None, 2015-04-28 11:00:00, 1.2, None, 108.0, None
None, 391.0, None, None, None, 2015-04-28 12:00:00, 2.0, None, 108.0, None
None, 391.0, None, None, None, 2015-04-28 13:00:00, 2.5, None, 109.0, None
None, 391.0, None, None, None, 2015-04-28 14:00:00, 3.6, None, 109.0, None
None, 391.0, None, None, None, 2015-04-28 15:00:00, 4.8, None, 109.0, None
None, 391.0, None, 0.0, None, 2015-04-28 16:00:00, 4.1, None, 109.0, None
None, 391.0, None, None, None, 2015-04-28 17:00:00, 3.4, None, 110.0, None
None, 209.0, None, None, None, 2015-04-28 18:00:00, 2.1, None, 110.0, None
None, 209.0, None, None, None, 2015-04-28 19:00:00, 3.6, None, 110.0, None
None, 209.0, None, None, None, 2015-04-28 20:00:00, 5.0, None, 110.0, None
None, 210.0, None, None, None, 2015-04-28 21:00:00, 2.5, None, 110.0, None
None, 210.0, None, None, None, 2015-04-28 22:00:00, 4.1, None, 109.0, None
None, 210.0, None, None, None, 2015-04-28 23:00:00, 5.3, None, 109.0, None
None, 210.0, None, None, None, 2015-04-29 00:00:00, 2.0, None, 109.0, None
None, 210.0, None, None, None, 2015-04-29 01:00:00, 1.2, None, 108.0, None
None, 210.0, None, None, None, 2015-04-29 02:00:00, -0.2, None, 108.0, None
None, 210.0, None, None, None, 2015-04-29 03:00:00, -1.0, None, 108.0, None
None, 210.0, None, None, None, 2015-04-29 04:00:00, -2.4, None, 108.0, None
None, 210.0, None, None, None, 2015-04-29 05:00:00, -2.8, None, 107.0, None
None, 210.0, None, None, None, 2015-04-29 06:00:00, -3.4, None, 107.0, None
None, 210.0, None, None, None, 2015-04-29 07:00:00, -3.0, None, 106.0, None
None, 210.0, None, None, None, 2015-04-29 08:00:00, -4.3, None, 106.0, None
None, 210.0, None, None, None, 2015-04-29 09:00:00, -3.8, None, 106.0, None
None, 210.0, None, None, None, 2015-04-29 10:00:00, -3.8, None, 106.0, None
None, 210.0, None, None, None, 2015-04-29 11:00:00, -4.4, None, 106.0, None
None, 210.0, None, None, None, 2015-04-29 12:00:00, -5.3, None, 105.0, None
None, 210.0, None, None, None, 2015-04-29 13:00:00, -4.3, None, 105.0, None
None, 210.0, None, None, None, 2015-04-29 14:00:00, -0.2, None, 105.0, None
None, 210.0, None, None, None, 2015-04-29 15:00:00, 0.7, None, 105.0, None
None, 210.0, None, None, None, 2015-04-29 16:00:00, 1.0, None, 105.0, None
None, 210.0, None, None, None, 2015-04-29 17:00:00, 1.8, None, 105.0, None
None, 210.0, None, None, None, 2015-04-29 18:00:00, 1.4, None, 105.0, None
None, 210.0, None, None, None, 2015-04-29 19:00:00, 4.3, None, 105.0, None
None, 210.0, None, None, None, 2015-04-29 20:00:00, -0.5, None, 105.0, None
None, 210.0, None, None, None, 2015-04-29 21:00:00, 4.7, None, 105.0, None
None, 210.0, None, None, None, 2015-04-29 22:00:00, 2.8, None, 105.0, None
None, 210.0, None, None, None, 2015-04-29 23:00:00, 1.1, None, 105.0, None
None, 210.0, None, None, None, 2015-04-30 00:00:00, 0.4, None, 104.0, None
None, 210.0, None, None, None, 2015-04-30 01:00:00, -0.2, None, 104.0, None
None, 210.0, None, None, None, 2015-04-30 02:00:00, -0.2, None, 104.0, None
None, 211.0, None, None, None, 2015-04-30 03:00:00, -1.9, None, 104.0, None
None, 211.0, None, None, None, 2015-04-30 04:00:00, -3.9, None, 104.0, None
None, 211.0, None, None, None, 2015-04-30 05:00:00, -3.5, None, 104.0, None
None, 211.0, None, None, None, 2015-04-30 06:00:00, -3.8, None, 104.0, None
None, 211.0, None, None, None, 2015-04-30 07:00:00, -4.3, None, 104.0, None
None, 211.0, None, None, None, 2015-04-30 08:00:00, -4.4, None, 104.0, None
None, 211.0, None, None, None, 2015-04-30 09:00:00, -4.3, None, 104.0, None
None, 211.0, None, None, None, 2015-04-30 10:00:00, -5.1, None, 104.0, None
None, 211.0, None, None, None, 2015-04-30 11:00:00, -5.5, None, 104.0, None
None, 211.0, None, None, None, 2015-04-30 12:00:00, -5.3, None, 104.0, None
None, 211.0, None, None, None, 2015-04-30 13:00:00, -4.6, None, 104.0, None
None, 210.0, None, None, None, 2015-04-30 14:00:00, -4.1, None, 104.0, None
None, 211.0, None, None, None, 2015-04-30 15:00:00, -3.5, None, 104.0, None
None, 210.0, None, None, None, 2015-04-30 16:00:00, -0.1, None, 104.0, None
None, 210.0, None, None, None, 2015-04-30 17:00:00, 0.3, None, 104.0, None
None, 210.0, None, None, None, 2015-04-30 18:00:00, 1.1, None, 104.0, None
None, 210.0, None, None, None, 2015-04-30 19:00:00, 0.8, None, 104.0, None
None, 211.0, None, None, None, 2015-04-30 20:00:00, 5.1, None, 104.0, None
None, 211.0, None, None, None, 2015-04-30 21:00:00, 5.9, None, 104.0, None
None, 211.0, None, None, None, 2015-04-30 22:00:00, 4.7, None, 104.0, None
None, 211.0, None, None, None, 2015-04-30 23:00:00, 2.5, None, 103.0, None
None, 211.0, None, None, None, 2015-05-01 00:00:00, 1.5, None, 103.0, None
None, 211.0, None, None, None, 2015-05-01 01:00:00, 0.4, None, 104.0, None
None, 211.0, None, None, None, 2015-05-01 02:00:00, -0.8, None, 103.0, None
None, 211.0, None, None, None, 2015-05-01 03:00:00, -1.6, None, 103.0, None
None, 211.0, None, None, None, 2015-05-01 04:00:00, -2.4, None, 103.0, None
None, 211.0, None, None, None, 2015-05-01 05:00:00, -2.6, None, 103.0, None
None, 211.0, None, None, None, 2015-05-01 06:00:00, -3.2, None, 103.0, None
None, 211.0, None, None, None, 2015-05-01 07:00:00, -3.9, None, 103.0, None
None, 211.0, None, None, None, 2015-05-01 08:00:00, -4.1, None, 103.0, None
None, 211.0, None, None, None, 2015-05-01 09:00:00, -4.6, None, 103.0, None
None, 211.0, None, None, None, 2015-05-01 10:00:00, -4.2, None, 103.0, None
None, 211.0, None, None, None, 2015-05-01 11:00:00, -4.3, None, 103.0, None
None, 211.0, None, None, None, 2015-05-01 12:00:00, -4.4, None, 103.0, None
None, 211.0, None, None, None, 2015-05-01 13:00:00, -5.2, None, 103.0, None
None, 211.0, None, None, None, 2015-05-01 14:00:00, -3.4, None, 103.0, None
None, 211.0, None, None, None, 2015-05-01 15:00:00, -1.4, None, 103.0, None
None, 211.0, None, 0.0, None, 2015-05-01 16:00:00, -0.8, None, 103.0, None
None, 211.0, None, None, None, 2015-05-01 17:00:00, 1.7, None, 103.0, None
None, 211.0, None, None, None, 2015-05-01 18:00:00, 3.9, None, 103.0, None
None, 212.0, None, None, None, 2015-05-01 19:00:00, 1.7, None, 103.0, None
None, 213.0, None, None, None, 2015-05-01 20:00:00, -2.8, None, 103.0, None
None, 214.0, None, None, None, 2015-05-01 21:00:00, -2.2, None, 103.0, None
None, 214.0, None, None, None, 2015-05-01 22:00:00, -0.7, None, 103.0, None
None, 214.0, None, None, None, 2015-05-01 23:00:00, -1.3, None, 103.0, None
None, 215.0, None, None, None, 2015-05-02 00:00:00, 0.1, None, 103.0, None
None, 215.0, None, None, None, 2015-05-02 01:00:00, -2.8, None, 103.0, None
None, 215.0, None, None, None, 2015-05-02 02:00:00, -2.6, None, 103.0, None
None, 215.0, None, None, None, 2015-05-02 03:00:00, -3.3, None, 103.0, None
None, 215.0, None, None, None, 2015-05-02 04:00:00, -4.0, None, 103.0, None
None, 215.0, None, None, None, 2015-05-02 05:00:00, -4.9, None, 103.0, None
None, 215.0, None, None, None, 2015-05-02 06:00:00, -5.0, None, 103.0, None
None, 214.0, None, None, None, 2015-05-02 07:00:00, -4.9, None, 103.0, None
None, 214.0, None, None, None, 2015-05-02 08:00:00, -4.5, None, 103.0, None
None, 214.0, None, None, None, 2015-05-02 09:00:00, -4.2, None, 104.0, None
None, 214.0, None, None, None, 2015-05-02 10:00:00, -4.1, None, 104.0, None
None, 214.0, None, None, None, 2015-05-02 11:00:00, -4.4, None, 104.0, None
None, 214.0, None, None, None, 2015-05-02 12:00:00, -4.6, None, 104.0, None
None, 214.0, None, None, None, 2015-05-02 13:00:00, -4.3, None, 104.0, None
None, 214.0, None, None, None, 2015-05-02 14:00:00, -3.6, None, 104.0, None
None, 214.0, None, None, None, 2015-05-02 15:00:00, -2.7, None, 104.0, None
None, 215.0, None, 0.0, None, 2015-05-02 16:00:00, 0.6, None, 104.0, None
None, 215.0, None, None, None, 2015-05-02 17:00:00, 0.2, None, 105.0, None
None, 215.0, None, None, None, 2015-05-02 18:00:00, 2.5, None, 104.0, None
None, 215.0, None, None, None, 2015-05-02 19:00:00, 3.3, None, 104.0, None
None, 215.0, None, None, None, 2015-05-02 20:00:00, 1.4, None, 104.0, None
None, 215.0, None, None, None, 2015-05-02 21:00:00, 3.5, None, 104.0, None
None, 215.0, None, None, None, 2015-05-02 22:00:00, 5.1, None, 104.0, None
None, 215.0, None, None, None, 2015-05-02 23:00:00, 3.3, None, 104.0, None
None, 215.0, None, None, None, 2015-05-03 00:00:00, 1.8, None, 104.0, None
None, 215.0, None, None, None, 2015-05-03 01:00:00, 2.4, None, 104.0, None
None, 215.0, None, None, None, 2015-05-03 02:00:00, 0.3, None, 104.0, None
None, 215.0, None, None, None, 2015-05-03 03:00:00, -1.6, None, 104.0, None
None, 215.0, None, None, None, 2015-05-03 04:00:00, -3.0, None, 104.0, None
None, 215.0, None, None, None, 2015-05-03 05:00:00, -4.1, None, 104.0, None
None, 214.0, None, None, None, 2015-05-03 06:00:00, -4.4, None, 104.0, None
None, 214.0, None, None, None, 2015-05-03 07:00:00, -3.7, None, 104.0, None
None, 214.0, None, None, None, 2015-05-03 08:00:00, -4.7, None, 104.0, None
None, 213.0, None, None, None, 2015-05-03 09:00:00, -5.3, None, 104.0, None
None, 213.0, None, None, None, 2015-05-03 10:00:00, -5.0, None, 104.0, None
None, 213.0, None, None, None, 2015-05-03 11:00:00, -4.8, None, 104.0, None
None, 213.0, None, None, None, 2015-05-03 12:00:00, -5.6, None, 104.0, None
None, 213.0, None, None, None, 2015-05-03 13:00:00, -4.4, None, 104.0, None
None, 213.0, None, None, None, 2015-05-03 14:00:00, -0.1, None, 104.0, None
None, 213.0, None, None, None, 2015-05-03 15:00:00, -0.2, None, 104.0, None
None, 213.0, None, 0.0, None, 2015-05-03 16:00:00, -0.1, None, 104.0, None
None, 214.0, None, None, None, 2015-05-03 17:00:00, 2.6, None, 104.0, None
None, 214.0, None, None, None, 2015-05-03 18:00:00, 3.0, None, 104.0, None
None, 214.0, None, None, None, 2015-05-03 19:00:00, 4.2, None, 104.0, None
None, 214.0, None, None, None, 2015-05-03 20:00:00, 2.2, None, 104.0, None
None, 215.0, None, None, None, 2015-05-03 21:00:00, 4.0, None, 104.0, None
None, 215.0, None, None, None, 2015-05-03 22:00:00, 1.6, None, 104.0, None
None, 215.0, None, None, None, 2015-05-03 23:00:00, 5.0, None, 104.0, None
None, 215.0, None, None, None, 2015-05-04 00:00:00, 0.0, None, 104.0, None
None, 215.0, None, None, None, 2015-05-04 01:00:00, -0.6, None, 104.0, None
None, 215.0, None, None, None, 2015-05-04 02:00:00, -2.1, None, 104.0, None
None, 215.0, None, None, None, 2015-05-04 03:00:00, -3.6, None, 104.0, None
None, 215.0, None, None, None, 2015-05-04 04:00:00, -4.6, None, 104.0, None
None, 215.0, None, None, None, 2015-05-04 05:00:00, -5.2, None, 104.0, None
None, 214.0, None, None, None, 2015-05-04 06:00:00, -4.8, None, 103.0, None
None, 214.0, None, None, None, 2015-05-04 07:00:00, -5.0, None, 103.0, None
None, 213.0, None, None, None, 2015-05-04 08:00:00, -5.1, None, 103.0, None
None, 213.0, None, None, None, 2015-05-04 09:00:00, -5.2, None, 103.0, None
None, 213.0, None, None, None, 2015-05-04 10:00:00, -5.4, None, 103.0, None
None, 213.0, None, None, None, 2015-05-04 11:00:00, -6.1, None, 103.0, None
None, 214.0, None, None, None, 2015-05-04 12:00:00, -6.4, None, 103.0, None
None, 214.0, None, None, None, 2015-05-04 13:00:00, -6.5, None, 103.0, None
None, 214.0, None, None, None, 2015-05-04 14:00:00, -5.8, None, 103.0, None
None, 214.0, None, None, None, 2015-05-04 15:00:00, -4.7, None, 103.0, None
None, 214.0, None, 0.0, None, 2015-05-04 16:00:00, -3.8, None, 103.0, None
None, 214.0, None, None, None, 2015-05-04 17:00:00, -1.2, None, 103.0, None
None, 215.0, None, None, None, 2015-05-04 18:00:00, 0.5, None, 103.0, None
None, 216.0, None, None, None, 2015-05-04 19:00:00, -0.1, None, 103.0, None
None, 216.0, None, None, None, 2015-05-04 20:00:00, 1.6, None, 103.0, None
None, 216.0, None, None, None, 2015-05-04 21:00:00, 0.8, None, 103.0, None
None, 216.0, None, None, None, 2015-05-04 22:00:00, 0.9, None, 103.0, None
None, 216.0, None, None, None, 2015-05-04 23:00:00, 0.3, None, 103.0, None
None, 216.0, None, None, None, 2015-05-05 00:00:00, -0.2, None, 102.0, None
None, 216.0, None, None, None, 2015-05-05 01:00:00, -1.1, None, 102.0, None
None, 216.0, None, None, None, 2015-05-05 02:00:00, -2.3, None, 102.0, None
None, 216.0, None, None, None, 2015-05-05 03:00:00, -3.7, None, 102.0, None
None, 216.0, None, None, None, 2015-05-05 04:00:00, -4.8, None, 102.0, None
None, 216.0, None, None, None, 2015-05-05 05:00:00, -6.3, None, 102.0, None
None, 216.0, None, None, None, 2015-05-05 06:00:00, -6.2, None, 102.0, None
None, 215.0, None, None, None, 2015-05-05 07:00:00, -6.9, None, 102.0, None
None, 215.0, None, None, None, 2015-05-05 08:00:00, -6.1, None, 102.0, None
None, 215.0, None, None, None, 2015-05-05 09:00:00, -5.9, None, 102.0, None
None, 215.0, None, None, None, 2015-05-05 10:00:00, -6.4, None, 103.0, None
None, 214.0, None, None, None, 2015-05-05 11:00:00, -6.2, None, 103.0, None
None, 214.0, None, None, None, 2015-05-05 12:00:00, -7.4, None, 103.0, None
None, 214.0, None, None, None, 2015-05-05 13:00:00, -5.8, None, 103.0, None
None, 214.0, None, None, None, 2015-05-05 14:00:00, -3.9, None, 103.0, None
None, 215.0, None, None, None, 2015-05-05 15:00:00, -1.4, None, 103.0, None
None, 216.0, None, 0.0, None, 2015-05-05 16:00:00, 0.4, None, 103.0, None
None, 216.0, None, None, None, 2015-05-05 17:00:00, 0.1, None, 103.0, None
None, 216.0, None, None, None, 2015-05-05 18:00:00, -0.4, None, 103.0, None
None, 216.0, None, None, None, 2015-05-05 19:00:00, 0.7, None, 103.0, None
None, 216.0, None, None, None, 2015-05-05 20:00:00, 1.1, None, 103.0, None
None, 216.0, None, None, None, 2015-05-05 21:00:00, 1.2, None, 103.0, None
None, 216.0, None, None, None, 2015-05-05 22:00:00, 2.6, None, 103.0, None
None, 216.0, None, None, None, 2015-05-05 23:00:00, 6.0, None, 103.0, None
None, 216.0, None, None, None, 2015-05-06 00:00:00, 2.7, None, 103.0, None
None, 216.0, None, None, None, 2015-05-06 01:00:00, 1.6, None, 103.0, None
None, 216.0, None, None, None, 2015-05-06 02:00:00, 1.2, None, 103.0, None
None, 216.0, None, None, None, 2015-05-06 03:00:00, -1.1, None, 103.0, None
None, 216.0, None, None, None, 2015-05-06 04:00:00, -4.0, None, 103.0, None
None, 216.0, None, None, None, 2015-05-06 05:00:00, -4.3, None, 103.0, None
None, 216.0, None, None, None, 2015-05-06 06:00:00, -4.5, None, 103.0, None
None, 216.0, None, None, None, 2015-05-06 07:00:00, -4.8, None, 103.0, None
None, 216.0, None, None, None, 2015-05-06 08:00:00, -4.8, None, 103.0, None
None, 216.0, None, None, None, 2015-05-06 09:00:00, -5.2, None, 103.0, None
None, 216.0, None, None, None, 2015-05-06 10:00:00, -5.6, None, 103.0, None
None, 215.0, None, None, None, 2015-05-06 11:00:00, -5.6, None, 103.0, None
None, 215.0, None, None, None, 2015-05-06 12:00:00, -5.8, None, 103.0, None
None, 214.0, None, None, None, 2015-05-06 13:00:00, -5.2, None, 103.0, None
None, 215.0, None, None, None, 2015-05-06 14:00:00, -1.5, None, 103.0, None
None, 216.0, None, None, None, 2015-05-06 15:00:00, 0.5, None, 103.0, None
None, 216.0, None, 0.0, None, 2015-05-06 16:00:00, 2.4, None, 103.0, None
None, 216.0, None, None, None, 2015-05-06 17:00:00, 4.8, None, 103.0, None
None, 216.0, None, None, None, 2015-05-06 18:00:00, 5.1, None, 103.0, None
None, 216.0, None, None, None, 2015-05-06 19:00:00, 6.5, None, 103.0, None
None, 216.0, None, None, None, 2015-05-06 20:00:00, 9.3, None, 103.0, None
None, 216.0, None, None, None, 2015-05-06 21:00:00, 7.9, None, 103.0, None
None, 216.0, None, None, None, 2015-05-06 22:00:00, 6.4, None, 103.0, None
None, 216.0, None, None, None, 2015-05-06 23:00:00, 6.1, None, 103.0, None
None, 216.0, None, None, None, 2015-05-07 00:00:00, 6.5, None, 102.0, None
None, 216.0, None, None, None, 2015-05-07 01:00:00, 5.5, None, 102.0, None
None, 216.0, None, None, None, 2015-05-07 02:00:00, 3.1, None, 102.0, None
None, 216.0, None, None, None, 2015-05-07 03:00:00, 1.8, None, 102.0, None
None, 216.0, None, None, None, 2015-05-07 04:00:00, 1.3, None, 102.0, None
None, 216.0, None, None, None, 2015-05-07 05:00:00, 1.0, None, 102.0, None
None, 216.0, None, None, None, 2015-05-07 06:00:00, 0.1, None, 102.0, None
None, 216.0, None, None, None, 2015-05-07 07:00:00, -0.3, None, 102.0, None
None, 216.0, None, None, None, 2015-05-07 08:00:00, -2.1, None, 102.0, None
None, 215.0, None, None, None, 2015-05-07 09:00:00, -2.6, None, 101.0, None
None, 214.0, None, None, None, 2015-05-07 10:00:00, -2.5, None, 101.0, None
None, 214.0, None, None, None, 2015-05-07 11:00:00, -3.7, None, 101.0, None
None, 214.0, None, None, None, 2015-05-07 12:00:00, -3.6, None, 101.0, None
None, 214.0, None, None, None, 2015-05-07 13:00:00, -1.7, None, 101.0, None
None, 214.0, None, None, None, 2015-05-07 14:00:00, 2.2, None, 101.0, None
None, 214.0, None, None, None, 2015-05-07 15:00:00, 5.4, None, 101.0, None
None, 216.0, None, 0.0, None, 2015-05-07 16:00:00, 5.7, None, 101.0, None
None, 216.0, None, None, None, 2015-05-07 17:00:00, 8.3, None, 101.0, None
None, 216.0, None, None, None, 2015-05-07 18:00:00, 7.7, None, 101.0, None
None, 216.0, None, None, None, 2015-05-07 19:00:00, 6.5, None, 101.0, None
None, 216.0, None, None, None, 2015-05-07 20:00:00, 10.1, None, 101.0, None
None, 216.0, None, None, None, 2015-05-07 21:00:00, 7.3, None, 101.0, None
None, 216.0, None, None, None, 2015-05-07 22:00:00, 11.1, None, 101.0, None
None, 215.0, None, None, None, 2015-05-07 23:00:00, 9.9, None, 100.0, None
None, 215.0, None, None, None, 2015-05-08 00:00:00, 8.3, None, 100.0, None
None, 215.0, None, None, None, 2015-05-08 01:00:00, 7.3, None, 100.0, None
None, 215.0, None, None, None, 2015-05-08 02:00:00, 5.7, None, 100.0, None
None, 215.0, None, None, None, 2015-05-08 03:00:00, 4.1, None, 100.0, None
None, 215.0, None, None, None, 2015-05-08 04:00:00, 2.6, None, 99.0, None
None, 215.0, None, None, None, 2015-05-08 05:00:00, 2.1, None, 99.0, None
None, 215.0, None, None, None, 2015-05-08 06:00:00, 1.5, None, 99.0, None
None, 215.0, None, None, None, 2015-05-08 07:00:00, -0.4, None, 99.0, None
None, 215.0, None, None, None, 2015-05-08 08:00:00, -0.1, None, 99.0, None
None, 215.0, None, None, None, 2015-05-08 09:00:00, -0.3, None, 98.0, None
None, 215.0, None, None, None, 2015-05-08 10:00:00, 1.3, None, 98.0, None
None, 215.0, None, None, None, 2015-05-08 11:00:00, 0.4, None, 98.0, None
None, 215.0, None, None, None, 2015-05-08 12:00:00, -0.5, None, 98.0, None
None, 215.0, None, None, None, 2015-05-08 13:00:00, 2.4, None, 98.0, None
None, 215.0, None, None, None, 2015-05-08 14:00:00, 5.8, None, 98.0, None
None, 215.0, None, None, None, 2015-05-08 15:00:00, 8.5, None, 97.0, None
None, 215.0, None, 0.0, None, 2015-05-08 16:00:00, 8.1, None, 97.0, None
None, 215.0, None, None, None, 2015-05-08 17:00:00, 11.4, None, 97.0, None
None, 215.0, None, None, None, 2015-05-08 18:00:00, 12.6, None, 97.0, None
None, 215.0, None, None, None, 2015-05-08 19:00:00, 12.4, None, 96.0, None
None, 215.0, None, None, None, 2015-05-08 20:00:00, 13.5, None, 96.0, None
None, 214.0, None, None, None, 2015-05-08 21:00:00, 14.0, None, 96.0, None
None, 214.0, None, None, None, 2015-05-08 22:00:00, 13.9, None, 96.0, None
None, 214.0, None, None, None, 2015-05-08 23:00:00, 14.0, None, 96.0, None
None, 214.0, None, None, None, 2015-05-09 00:00:00, 12.2, None, 96.0, None
None, 214.0, None, None, None, 2015-05-09 01:00:00, 11.0, None, 95.0, None
None, 215.0, None, None, None, 2015-05-09 02:00:00, 9.5, None, 95.0, None
None, 215.0, None, None, None, 2015-05-09 03:00:00, 6.8, None, 95.0, None
None, 215.0, None, None, None, 2015-05-09 04:00:00, 3.7, None, 95.0, None
None, 215.0, None, None, None, 2015-05-09 05:00:00, 3.1, None, 95.0, None
None, 215.0, None, None, None, 2015-05-09 06:00:00, 3.1, None, 95.0, None
None, 215.0, None, None, None, 2015-05-09 07:00:00, 3.4, None, 94.0, None
None, 215.0, None, None, None, 2015-05-09 08:00:00, 3.2, None, 94.0, None
None, 215.0, None, None, None, 2015-05-09 09:00:00, 4.1, None, 94.0, None
None, 215.0, None, None, None, 2015-05-09 10:00:00, 1.9, None, 94.0, None
None, 215.0, None, None, None, 2015-05-09 11:00:00, 2.1, None, 94.0, None
None, 215.0, None, None, None, 2015-05-09 12:00:00, 2.7, None, 94.0, None
None, 215.0, None, None, None, 2015-05-09 13:00:00, 4.9, None, 94.0, None
None, 215.0, None, None, None, 2015-05-09 14:00:00, 9.6, None, 94.0, None
None, 215.0, None, None, None, 2015-05-09 15:00:00, 10.3, None, 94.0, None
None, 214.0, None, 0.0, None, 2015-05-09 16:00:00, 10.8, None, 93.0, None
None, 214.0, None, None, None, 2015-05-09 17:00:00, 12.4, None, 93.0, None
None, 214.0, None, None, None, 2015-05-09 18:00:00, 13.7, None, 93.0, None
None, 214.0, None, None, None, 2015-05-09 19:00:00, 14.5, None, 93.0, None
None, 214.0, None, None, None, 2015-05-09 20:00:00, 13.9, None, 93.0, None
None, 214.0, None, None, None, 2015-05-09 21:00:00, 16.3, None, 92.0, None
None, 214.0, None, None, None, 2015-05-09 22:00:00, 15.9, None, 92.0, None
None, 214.0, None, None, None, 2015-05-09 23:00:00, 17.1, None, 92.0, None
None, 214.0, None, None, None, 2015-05-10 00:00:00, 14.4, None, 92.0, None
None, 214.0, None, None, None, 2015-05-10 01:00:00, 13.5, None, 91.0, None
None, 214.0, None, None, None, 2015-05-10 02:00:00, 12.3, None, 91.0, None
None, 214.0, None, None, None, 2015-05-10 03:00:00, 9.3, None, 91.0, None
None, 214.0, None, None, None, 2015-05-10 04:00:00, 7.2, None, 90.0, None
None, 214.0, None, None, None, 2015-05-10 05:00:00, 6.5, None, 90.0, None
None, 215.0, None, None, None, 2015-05-10 06:00:00, 5.2, None, 90.0, None
None, 215.0, None, None, None, 2015-05-10 07:00:00, 5.0, None, 90.0, None
None, 215.0, None, None, None, 2015-05-10 08:00:00, 4.6, None, 89.0, None
None, 215.0, None, None, None, 2015-05-10 09:00:00, 5.7, None, 89.0, None
None, 215.0, None, None, None, 2015-05-10 10:00:00, 5.3, None, 89.0, None
None, 215.0, None, None, None, 2015-05-10 11:00:00, 4.9, None, 88.0, None
None, 215.0, None, None, None, 2015-05-10 12:00:00, 5.1, None, 88.0, None
None, 215.0, None, None, None, 2015-05-10 13:00:00, 7.7, None, 88.0, None
None, 214.0, None, None, None, 2015-05-10 14:00:00, 10.8, None, 88.0, None
None, 214.0, None, None, None, 2015-05-10 15:00:00, 12.5, None, 88.0, None
None, 214.0, None, 0.0, None, 2015-05-10 16:00:00, 13.0, None, 88.0, None
None, 214.0, None, None, None, 2015-05-10 17:00:00, 14.2, None, 88.0, None
None, 214.0, None, None, None, 2015-05-10 18:00:00, 15.9, None, 87.0, None
None, 214.0, None, None, None, 2015-05-10 19:00:00, 16.8, None, 87.0, None
None, 214.0, None, None, None, 2015-05-10 20:00:00, 18.1, None, 87.0, None
None, 214.0, None, None, None, 2015-05-10 21:00:00, 16.4, None, 87.0, None
None, 214.0, None, None, None, 2015-05-10 22:00:00, 16.5, None, 86.0, None
None, 214.0, None, None, None, 2015-05-10 23:00:00, 15.4, None, 86.0, None
None, 214.0, None, None, None, 2015-05-11 00:00:00, 14.6, None, 86.0, None
None, 214.0, None, None, None, 2015-05-11 01:00:00, 14.7, None, 86.0, None
None, 214.0, None, None, None, 2015-05-11 02:00:00, 13.1, None, 85.0, None
None, 214.0, None, None, None, 2015-05-11 03:00:00, 11.9, None, 85.0, None
None, 214.0, None, None, None, 2015-05-11 04:00:00, 11.0, None, 84.0, None
None, 214.0, None, None, None, 2015-05-11 05:00:00, 9.9, None, 84.0, None
None, 214.0, None, None, None, 2015-05-11 06:00:00, 9.4, None, 84.0, None
None, 214.0, None, None, None, 2015-05-11 07:00:00, 10.2, None, 84.0, None
None, 214.0, None, None, None, 2015-05-11 08:00:00, 9.6, None, 83.0, None
None, 214.0, None, None, None, 2015-05-11 09:00:00, 9.0, None, 83.0, None
None, 214.0, None, None, None, 2015-05-11 10:00:00, 8.4, None, 83.0, None
None, 214.0, None, None, None, 2015-05-11 11:00:00, 8.0, None, 82.0, None
None, 214.0, None, None, None, 2015-05-11 12:00:00, 6.8, None, 82.0, None
None, 214.0, None, None, None, 2015-05-11 13:00:00, 9.6, None, 82.0, None
None, 214.0, None, None, None, 2015-05-11 14:00:00, 12.2, None, 82.0, None
None, 214.0, None, None, None, 2015-05-11 15:00:00, 13.8, None, 82.0, None
None, 214.0, None, 0.0, None, 2015-05-11 16:00:00, 14.3, None, 81.0, None
None, 214.0, None, None, None, 2015-05-11 17:00:00, 15.4, None, 81.0, None
None, 214.0, None, None, None, 2015-05-11 18:00:00, 16.6, None, 81.0, None
None, 214.0, None, None, None, 2015-05-11 19:00:00, 18.5, None, 81.0, None
None, 214.0, None, None, None, 2015-05-11 20:00:00, 18.2, None, 80.0, None
None, 214.0, None, None, None, 2015-05-11 21:00:00, 19.2, None, 80.0, None
None, 214.0, None, None, None, 2015-05-11 22:00:00, 19.1, None, 80.0, None
None, 214.0, None, None, None, 2015-05-11 23:00:00, 17.7, None, 79.0, None
None, 214.0, None, None, None, 2015-05-12 00:00:00, 15.8, None, 79.0, None
None, 214.0, None, None, None, 2015-05-12 01:00:00, 14.5, None, 78.0, None
None, 214.0, None, None, None, 2015-05-12 02:00:00, 13.0, None, 78.0, None
None, 214.0, None, None, None, 2015-05-12 03:00:00, 12.0, None, 78.0, None
None, 214.0, None, None, None, 2015-05-12 04:00:00, 10.1, None, 77.0, None
None, 214.0, None, None, None, 2015-05-12 05:00:00, 8.8, None, 77.0, None
None, 214.0, None, None, None, 2015-05-12 06:00:00, 7.7, None, 77.0, None
None, 214.0, None, None, None, 2015-05-12 07:00:00, 7.4, None, 77.0, None
None, 214.0, None, None, None, 2015-05-12 08:00:00, 7.1, None, 76.0, None
None, 214.0, None, None, None, 2015-05-12 09:00:00, 5.9, None, 76.0, None
None, 214.0, None, None, None, 2015-05-12 10:00:00, 6.5, None, 76.0, None
None, 214.0, None, None, None, 2015-05-12 11:00:00, 5.8, None, 76.0, None
None, 214.0, None, None, None, 2015-05-12 12:00:00, 6.7, None, 75.0, None
None, 214.0, None, None, None, 2015-05-12 13:00:00, 7.8, None, 75.0, None
None, 214.0, None, None, None, 2015-05-12 14:00:00, 11.6, None, 75.0, None
None, 214.0, None, None, None, 2015-05-12 15:00:00, 13.5, None, 75.0, None
None, 214.0, None, None, None, 2015-05-12 16:00:00, 13.8, None, 74.0, None
None, 214.0, None, None, None, 2015-05-12 17:00:00, 15.4, None, 74.0, None
None, 214.0, None, None, None, 2015-05-12 18:00:00, 15.9, None, 74.0, None
None, 214.0, None, None, None, 2015-05-12 19:00:00, 16.7, None, 74.0, None
None, 214.0, None, None, None, 2015-05-12 20:00:00, 16.3, None, 74.0, None
None, 214.0, None, None, None, 2015-05-12 21:00:00, 16.7, None, 74.0, None
None, 213.0, None, None, None, 2015-05-12 22:00:00, 16.2, None, 73.0, None
None, 214.0, None, None, None, 2015-05-12 23:00:00, 16.6, None, 73.0, None
None, 214.0, None, None, None, 2015-05-13 00:00:00, 14.8, None, 72.0, None
None, 214.0, None, None, None, 2015-05-13 01:00:00, 13.9, None, 72.0, None
None, 214.0, None, None, None, 2015-05-13 02:00:00, 12.6, None, 71.0, None
None, 214.0, None, None, None, 2015-05-13 03:00:00, 10.8, None, 71.0, None
None, 214.0, None, None, None, 2015-05-13 04:00:00, 8.8, None, 71.0, None
None, 214.0, None, None, None, 2015-05-13 05:00:00, 8.4, None, 70.0, None
None, 214.0, None, None, None, 2015-05-13 06:00:00, 7.4, None, 70.0, None
None, 214.0, None, None, None, 2015-05-13 07:00:00, 6.6, None, 69.0, None
None, 214.0, None, None, None, 2015-05-13 08:00:00, 6.3, None, 69.0, None
None, 214.0, None, None, None, 2015-05-13 09:00:00, 4.4, None, 69.0, None
None, 214.0, None, None, None, 2015-05-13 10:00:00, 4.1, None, 68.0, None
None, 214.0, None, None, None, 2015-05-13 11:00:00, 3.7, None, 68.0, None
None, 214.0, None, None, None, 2015-05-13 12:00:00, 3.9, None, 68.0, None
None, 214.0, None, None, None, 2015-05-13 13:00:00, 6.2, None, 68.0, None
None, 214.0, None, None, None, 2015-05-13 14:00:00, 11.2, None, 68.0, None
None, 214.0, None, None, None, 2015-05-13 15:00:00, 11.9, None, 68.0, None
None, 214.0, None, 0.0, None, 2015-05-13 16:00:00, 13.0, None, 67.0, None
None, 214.0, None, None, None, 2015-05-13 17:00:00, 13.2, None, 67.0, None
None, 214.0, None, None, None, 2015-05-13 18:00:00, 14.2, None, 67.0, None
None, 213.0, None, None, None, 2015-05-13 19:00:00, 15.5, None, 67.0, None
None, 213.0, None, None, None, 2015-05-13 20:00:00, 14.9, None, 67.0, None
None, 213.0, None, None, None, 2015-05-13 21:00:00, 14.8, None, 66.0, None
None, 213.0, None, None, None, 2015-05-13 22:00:00, 15.8, None, 66.0, None
None, 214.0, None, None, None, 2015-05-13 23:00:00, 16.1, None, 66.0, None
None, 214.0, None, None, None, 2015-05-14 00:00:00, 14.5, None, 66.0, None
None, 214.0, None, None, None, 2015-05-14 01:00:00, 13.5, None, 65.0, None
None, 213.0, None, None, None, 2015-05-14 02:00:00, 11.9, None, 65.0, None
None, 213.0, None, None, None, 2015-05-14 03:00:00, 10.1, None, 65.0, None
None, 213.0, None, None, None, 2015-05-14 04:00:00, 9.4, None, 65.0, None
None, 212.0, None, None, None, 2015-05-14 05:00:00, 9.1, None, 64.0, None
None, 212.0, None, None, None, 2015-05-14 06:00:00, 7.4, None, 64.0, None
None, 212.0, None, None, None, 2015-05-14 07:00:00, 5.3, None, 64.0, None
None, 213.0, None, None, None, 2015-05-14 08:00:00, 4.3, None, 64.0, None
None, 213.0, None, None, None, 2015-05-14 09:00:00, 3.9, None, 64.0, None
None, 213.0, None, None, None, 2015-05-14 10:00:00, 3.9, None, 63.0, None
None, 213.0, None, None, None, 2015-05-14 11:00:00, 4.8, None, 63.0, None
None, 213.0, None, None, None, 2015-05-14 12:00:00, 5.2, None, 63.0, None
None, 213.0, None, None, None, 2015-05-14 13:00:00, 6.4, None, 63.0, None
None, 213.0, None, None, None, 2015-05-14 14:00:00, 9.6, None, 63.0, None
None, 212.0, None, None, None, 2015-05-14 15:00:00, 13.9, None, 63.0, None
None, 213.0, None, 0.0, None, 2015-05-14 16:00:00, 13.7, None, 63.0, None
None, 212.0, None, None, None, 2015-05-14 17:00:00, 15.2, None, 62.0, None
None, 213.0, None, None, None, 2015-05-14 18:00:00, 16.7, None, 62.0, None
None, 214.0, None, None, None, 2015-05-14 19:00:00, 16.6, None, 62.0, None
None, 213.0, None, None, None, 2015-05-14 20:00:00, 18.2, None, 62.0, None
None, 213.0, None, None, None, 2015-05-14 21:00:00, 17.5, None, 62.0, None
None, 213.0, None, None, None, 2015-05-14 22:00:00, 17.7, None, 62.0, None
None, 213.0, None, None, None, 2015-05-14 23:00:00, 15.9, None, 61.0, None
None, 213.0, None, None, None, 2015-05-15 00:00:00, 15.2, None, 61.0, None
None, 213.0, None, None, None, 2015-05-15 01:00:00, 14.3, None, 61.0, None
None, 213.0, None, None, None, 2015-05-15 02:00:00, 13.5, None, 61.0, None
None, 213.0, None, None, None, 2015-05-15 03:00:00, 12.0, None, 60.0, None
None, 213.0, None, None, None, 2015-05-15 04:00:00, 10.4, None, 60.0, None
None, 213.0, None, None, None, 2015-05-15 05:00:00, 8.7, None, 60.0, None
None, 214.0, None, None, None, 2015-05-15 06:00:00, 7.7, None, 60.0, None
None, 214.0, None, None, None, 2015-05-15 07:00:00, 8.0, None, 59.0, None
None, 214.0, None, None, None, 2015-05-15 08:00:00, 7.5, None, 59.0, None
None, 214.0, None, None, None, 2015-05-15 09:00:00, 7.3, None, 59.0, None
None, 214.0, None, None, None, 2015-05-15 10:00:00, 7.2, None, 59.0, None
None, 214.0, None, None, None, 2015-05-15 11:00:00, 6.5, None, 58.0, None
None, 214.0, None, None, None, 2015-05-15 12:00:00, 5.3, None, 58.0, None
None, 214.0, None, None, None, 2015-05-15 13:00:00, 7.7, None, 58.0, None
None, 214.0, None, None, None, 2015-05-15 14:00:00, 12.5, None, 58.0, None
None, 214.0, None, None, None, 2015-05-15 15:00:00, 15.1, None, 58.0, None
None, 214.0, None, 4.0, None, 2015-05-15 16:00:00, 14.9, None, 58.0, None
None, 214.0, None, None, None, 2015-05-15 17:00:00, 14.8, None, 58.0, None
None, 214.0, None, None, None, 2015-05-15 18:00:00, 17.3, None, 57.0, None
None, 214.0, None, None, None, 2015-05-15 19:00:00, 14.1, None, 57.0, None
None, 214.0, None, None, None, 2015-05-15 20:00:00, 14.3, None, 57.0, None
None, 214.0, None, None, None, 2015-05-15 21:00:00, 15.2, None, 57.0, None
None, 214.0, None, None, None, 2015-05-15 22:00:00, 14.4, None, 57.0, None
None, 214.0, None, None, None, 2015-05-15 23:00:00, 14.7, None, 56.0, None
None, 214.0, None, None, None, 2015-05-16 00:00:00, 9.7, None, 56.0, None
None, 213.0, None, None, None, 2015-05-16 01:00:00, 8.6, None, 56.0, None
None, 213.0, None, None, None, 2015-05-16 02:00:00, 8.1, None, 56.0, None
None, 213.0, None, None, None, 2015-05-16 03:00:00, 6.8, None, 56.0, None
None, 214.0, None, None, None, 2015-05-16 04:00:00, 5.5, None, 56.0, None
None, 214.0, None, None, None, 2015-05-16 05:00:00, 5.1, None, 55.0, None
None, 214.0, None, None, None, 2015-05-16 06:00:00, 4.3, None, 55.0, None
None, 214.0, None, None, None, 2015-05-16 07:00:00, 3.7, None, 55.0, None
None, 214.0, None, None, None, 2015-05-16 08:00:00, 3.2, None, 55.0, None
None, 214.0, None, None, None, 2015-05-16 09:00:00, 2.9, None, 55.0, None
None, 214.0, None, None, None, 2015-05-16 10:00:00, 2.9, None, 55.0, None
None, 214.0, None, None, None, 2015-05-16 11:00:00, 2.5, None, 55.0, None
None, 214.0, None, None, None, 2015-05-16 12:00:00, 1.9, None, 54.0, None
None, 214.0, None, None, None, 2015-05-16 13:00:00, 1.2, None, 54.0, None
None, 214.0, None, None, None, 2015-05-16 14:00:00, 0.4, None, 54.0, None
None, 215.0, None, None, None, 2015-05-16 15:00:00, 1.3, None, 54.0, None
None, 215.0, None, 4.0, None, 2015-05-16 16:00:00, 3.7, None, 54.0, None
None, 215.0, None, None, None, 2015-05-16 17:00:00, 3.8, None, 54.0, None
None, 214.0, None, None, None, 2015-05-16 18:00:00, 6.6, None, 54.0, None
None, 214.0, None, None, None, 2015-05-16 19:00:00, 6.5, None, 54.0, None
None, 214.0, None, None, None, 2015-05-16 20:00:00, 7.8, None, 53.0, None
None, 214.0, None, None, None, 2015-05-16 21:00:00, 8.7, None, 53.0, None
None, 214.0, None, None, None, 2015-05-16 22:00:00, 10.0, None, 53.0, None
None, 214.0, None, None, None, 2015-05-16 23:00:00, 8.7, None, 53.0, None
None, 214.0, None, None, None, 2015-05-17 00:00:00, 10.6, None, 53.0, None
None, 214.0, None, None, None, 2015-05-17 01:00:00, 7.9, None, 52.0, None
None, 214.0, None, None, None, 2015-05-17 02:00:00, 8.8, None, 52.0, None
None, 214.0, None, None, None, 2015-05-17 03:00:00, 6.4, None, 52.0, None
None, 214.0, None, None, None, 2015-05-17 04:00:00, 4.8, None, 51.0, None
None, 215.0, None, None, None, 2015-05-17 05:00:00, 3.0, None, 51.0, None
None, 215.0, None, None, None, 2015-05-17 06:00:00, 2.4, None, 51.0, None
None, 215.0, None, None, None, 2015-05-17 07:00:00, 2.7, None, 51.0, None
None, 215.0, None, None, None, 2015-05-17 08:00:00, 1.9, None, 50.0, None
None, 215.0, None, None, None, 2015-05-17 09:00:00, 1.4, None, 50.0, None
None, 215.0, None, None, None, 2015-05-17 10:00:00, 0.3, None, 50.0, None
None, 215.0, None, None, None, 2015-05-17 11:00:00, 0.4, None, 50.0, None
None, 215.0, None, None, None, 2015-05-17 12:00:00, 0.3, None, 50.0, None
None, 215.0, None, None, None, 2015-05-17 13:00:00, 2.8, None, 50.0, None
None, 215.0, None, None, None, 2015-05-17 14:00:00, 8.1, None, 50.0, None
None, 214.0, None, None, None, 2015-05-17 15:00:00, 8.0, None, 49.0, None
None, 214.0, None, 0.0, None, 2015-05-17 16:00:00, 8.6, None, 49.0, None
None, 214.0, None, None, None, 2015-05-17 17:00:00, 10.5, None, 49.0, None
None, 214.0, None, None, None, 2015-05-17 18:00:00, 11.3, None, 49.0, None
None, 214.0, None, None, None, 2015-05-17 19:00:00, 13.6, None, 49.0, None
None, 214.0, None, None, None, 2015-05-17 20:00:00, 13.2, None, 48.0, None
None, 214.0, None, None, None, 2015-05-17 21:00:00, 15.3, None, 48.0, None
None, 214.0, None, None, None, 2015-05-17 22:00:00, 15.8, None, 48.0, None
None, 214.0, None, None, None, 2015-05-17 23:00:00, 15.6, None, 48.0, None
None, 214.0, None, None, None, 2015-05-18 00:00:00, 14.1, None, 48.0, None
None, 214.0, None, None, None, 2015-05-18 01:00:00, 13.1, None, 47.0, None
None, 214.0, None, None, None, 2015-05-18 02:00:00, 12.3, None, 47.0, None
None, 214.0, None, None, None, 2015-05-18 03:00:00, 9.2, None, 47.0, None
None, 214.0, None, None, None, 2015-05-18 04:00:00, 7.2, None, 47.0, None
None, 214.0, None, None, None, 2015-05-18 05:00:00, 5.5, None, 47.0, None
None, 214.0, None, None, None, 2015-05-18 06:00:00, 5.8, None, 46.0, None
None, 214.0, None, None, None, 2015-05-18 07:00:00, 6.3, None, 46.0, None
None, 214.0, None, None, None, 2015-05-18 08:00:00, 4.2, None, 46.0, None
None, 214.0, None, None, None, 2015-05-18 09:00:00, 3.7, None, 46.0, None
None, 215.0, None, None, None, 2015-05-18 10:00:00, 2.0, None, 45.0, None
None, 214.0, None, None, None, 2015-05-18 11:00:00, 5.0, None, 45.0, None
None, 214.0, None, None, None, 2015-05-18 12:00:00, 4.2, None, 45.0, None
None, 214.0, None, None, None, 2015-05-18 13:00:00, 6.0, None, 45.0, None
None, 214.0, None, None, None, 2015-05-18 14:00:00, 10.3, None, 45.0, None
None, 214.0, None, None, None, 2015-05-18 15:00:00, 12.9, None, 45.0, None
None, 214.0, None, 0.0, None, 2015-05-18 16:00:00, 12.3, None, 45.0, None
None, 214.0, None, None, None, 2015-05-18 17:00:00, 13.3, None, 45.0, None
None, 215.0, None, None, None, 2015-05-18 18:00:00, 14.8, None, 44.0, None
None, 215.0, None, None, None, 2015-05-18 19:00:00, 16.1, None, 44.0, None
None, 214.0, None, None, None, 2015-05-18 20:00:00, 16.4, None, 44.0, None
None, 215.0, None, None, None, 2015-05-18 21:00:00, 16.9, None, 44.0, None
None, 214.0, None, None, None, 2015-05-18 22:00:00, 15.6, None, 44.0, None
None, 214.0, None, None, None, 2015-05-18 23:00:00, 15.1, None, 44.0, None
None, 214.0, None, None, None, 2015-05-19 00:00:00, 14.4, None, 44.0, None
None, 214.0, None, None, None, 2015-05-19 01:00:00, 12.0, None, 43.0, None
None, 214.0, None, None, None, 2015-05-19 02:00:00, 11.4, None, 43.0, None
None, 214.0, None, None, None, 2015-05-19 03:00:00, 9.9, None, 43.0, None
None, 213.0, None, None, None, 2015-05-19 04:00:00, 8.5, None, 43.0, None
None, 213.0, None, None, None, 2015-05-19 05:00:00, 7.5, None, 43.0, None
None, 213.0, None, None, None, 2015-05-19 06:00:00, 6.9, None, 42.0, None
None, 214.0, None, None, None, 2015-05-19 07:00:00, 5.7, None, 42.0, None
None, 214.0, None, None, None, 2015-05-19 08:00:00, 5.1, None, 42.0, None
None, 214.0, None, None, None, 2015-05-19 09:00:00, 4.3, None, 42.0, None
None, 214.0, None, None, None, 2015-05-19 10:00:00, 4.9, None, 42.0, None
None, 214.0, None, None, None, 2015-05-19 11:00:00, 4.2, None, 42.0, None
None, 214.0, None, None, None, 2015-05-19 12:00:00, 4.5, None, 41.0, None
None, 214.0, None, None, None, 2015-05-19 13:00:00, 6.2, None, 41.0, None
None, 214.0, None, None, None, 2015-05-19 14:00:00, 10.8, None, 41.0, None
None, 214.0, None, None, None, 2015-05-19 15:00:00, 12.0, None, 41.0, None
None, 214.0, None, 0.0, None, 2015-05-19 16:00:00, 12.6, None, 41.0, None
None, 214.0, None, None, None, 2015-05-19 17:00:00, 13.7, None, 40.0, None
None, 214.0, None, None, None, 2015-05-19 18:00:00, 14.3, None, 40.0, None
None, 214.0, None, None, None, 2015-05-19 19:00:00, 12.8, None, 40.0, None
None, 214.0, None, None, None, 2015-05-19 20:00:00, 13.1, None, 40.0, None
None, 214.0, None, None, None, 2015-05-19 21:00:00, 15.8, None, 40.0, None
None, 213.0, None, None, None, 2015-05-19 22:00:00, 17.7, None, 39.0, None
None, 214.0, None, None, None, 2015-05-19 23:00:00, 8.1, None, 39.0, None
None, 214.0, None, None, None, 2015-05-20 00:00:00, 10.1, None, 39.0, None
None, 214.0, None, None, None, 2015-05-20 01:00:00, 10.5, None, 39.0, None
None, 214.0, None, None, None, 2015-05-20 02:00:00, 10.0, None, 38.0, None
None, 214.0, None, None, None, 2015-05-20 03:00:00, 8.8, None, 38.0, None
None, 214.0, None, None, None, 2015-05-20 04:00:00, 7.3, None, 38.0, None
None, 214.0, None, None, None, 2015-05-20 05:00:00, 6.6, None, 38.0, None
None, 214.0, None, None, None, 2015-05-20 06:00:00, 6.7, None, 37.0, None
None, 214.0, None, None, None, 2015-05-20 07:00:00, 6.0, None, 37.0, None
None, 214.0, None, None, None, 2015-05-20 08:00:00, 4.2, None, 37.0, None
None, 214.0, None, None, None, 2015-05-20 09:00:00, 4.0, None, 37.0, None
None, 214.0, None, None, None, 2015-05-20 10:00:00, 3.9, None, 37.0, None
None, 214.0, None, None, None, 2015-05-20 11:00:00, 3.2, None, 37.0, None
None, 214.0, None, None, None, 2015-05-20 12:00:00, 3.5, None, 37.0, None
None, 214.0, None, None, None, 2015-05-20 13:00:00, 5.6, None, 37.0, None
None, 214.0, None, None, None, 2015-05-20 14:00:00, 10.7, None, 36.0, None
None, 214.0, None, None, None, 2015-05-20 15:00:00, 12.1, None, 36.0, None
None, 214.0, None, 0.0, None, 2015-05-20 16:00:00, 10.4, None, 36.0, None
None, 214.0, None, None, None, 2015-05-20 17:00:00, 11.3, None, 36.0, None
None, 214.0, None, None, None, 2015-05-20 18:00:00, 15.5, None, 36.0, None
None, 214.0, None, None, None, 2015-05-20 19:00:00, 17.2, None, 36.0, None
None, 214.0, None, None, None, 2015-05-20 20:00:00, 11.4, None, 36.0, None
None, 214.0, None, None, None, 2015-05-20 21:00:00, 9.7, None, 35.0, None
None, 214.0, None, None, None, 2015-05-20 22:00:00, 11.6, None, 35.0, None
None, 214.0, None, None, None, 2015-05-20 23:00:00, 12.9, None, 35.0, None
None, 214.0, None, None, None, 2015-05-21 00:00:00, 13.7, None, 35.0, None
None, 215.0, None, None, None, 2015-05-21 01:00:00, 7.5, None, 34.0, None
None, 215.0, None, None, None, 2015-05-21 02:00:00, 5.8, None, 34.0, None
None, 215.0, None, None, None, 2015-05-21 03:00:00, 5.7, None, 34.0, None
None, 214.0, None, None, None, 2015-05-21 04:00:00, 6.2, None, 34.0, None
None, 214.0, None, None, None, 2015-05-21 05:00:00, 4.1, None, 33.0, None
None, 214.0, None, None, None, 2015-05-21 06:00:00, 4.5, None, 33.0, None
None, 214.0, None, None, None, 2015-05-21 07:00:00, 3.4, None, 32.0, None
None, 215.0, None, None, None, 2015-05-21 08:00:00, 3.9, None, 32.0, None
None, 215.0, None, None, None, 2015-05-21 09:00:00, 5.0, None, 32.0, None
None, 215.0, None, None, None, 2015-05-21 10:00:00, 3.4, None, 31.0, None
None, 215.0, None, None, None, 2015-05-21 11:00:00, 5.0, None, 31.0, None
None, 215.0, None, None, None, 2015-05-21 12:00:00, 3.9, None, 31.0, None
None, 215.0, None, None, None, 2015-05-21 13:00:00, 4.6, None, 31.0, None
None, 215.0, None, None, None, 2015-05-21 14:00:00, 4.7, None, 31.0, None
None, 215.0, None, None, None, 2015-05-21 15:00:00, 4.1, None, 31.0, None
None, 215.0, None, None, None, 2015-05-21 16:00:00, 9.1, None, 31.0, None
None, 215.0, None, None, None, 2015-05-21 17:00:00, 10.7, None, 30.0, None
None, 215.0, None, None, None, 2015-05-21 18:00:00, 11.7, None, 30.0, None
None, 215.0, None, None, None, 2015-05-21 19:00:00, 12.3, None, 30.0, None
None, 215.0, None, None, None, 2015-05-21 20:00:00, 17.2, None, 30.0, None
None, 216.0, None, None, None, 2015-05-21 21:00:00, 13.7, None, 30.0, None
None, 216.0, None, None, None, 2015-05-21 22:00:00, 14.6, None, 29.0, None
None, 216.0, None, None, None, 2015-05-21 23:00:00, 15.5, None, 29.0, None
None, 215.0, None, None, None, 2015-05-22 00:00:00, 8.6, None, 29.0, None
None, 216.0, None, None, None, 2015-05-22 01:00:00, 10.2, None, 29.0, None
None, 216.0, None, None, None, 2015-05-22 02:00:00, 10.1, None, 28.0, None
None, 216.0, None, None, None, 2015-05-22 03:00:00, 9.0, None, 28.0, None
None, 215.0, None, None, None, 2015-05-22 04:00:00, 8.3, None, 28.0, None
None, 216.0, None, None, None, 2015-05-22 05:00:00, 5.8, None, 28.0, None
None, 216.0, None, None, None, 2015-05-22 06:00:00, 5.3, None, 27.0, None
None, 216.0, None, None, None, 2015-05-22 07:00:00, 5.2, None, 27.0, None
None, 216.0, None, None, None, 2015-05-22 08:00:00, 5.5, None, 27.0, None
None, 216.0, None, None, None, 2015-05-22 09:00:00, 5.5, None, 26.0, None
None, 216.0, None, None, None, 2015-05-22 10:00:00, 5.7, None, 26.0, None
None, 216.0, None, None, None, 2015-05-22 11:00:00, 6.4, None, 26.0, None
None, 216.0, None, None, None, 2015-05-22 12:00:00, 6.2, None, 26.0, None
None, 216.0, None, None, None, 2015-05-22 13:00:00, 8.5, None, 25.0, None
None, 216.0, None, None, None, 2015-05-22 14:00:00, 8.9, None, 25.0, None
None, 215.0, None, None, None, 2015-05-22 15:00:00, 11.6, None, 25.0, None
None, 215.0, None, None, None, 2015-05-22 16:00:00, 12.8, None, 24.0, None
None, 215.0, None, None, None, 2015-05-22 17:00:00, 14.9, None, 24.0, None
None, 216.0, None, None, None, 2015-05-22 18:00:00, 14.8, None, 24.0, None
None, 217.0, None, None, None, 2015-05-22 19:00:00, 17.7, None, 24.0, None
None, 217.0, None, None, None, 2015-05-22 20:00:00, 16.4, None, 24.0, None
None, 217.0, None, None, None, 2015-05-22 21:00:00, 15.4, None, 23.0, None
None, 217.0, None, None, None, 2015-05-22 22:00:00, 15.2, None, 23.0, None
None, 216.0, None, None, None, 2015-05-22 23:00:00, 16.1, None, 23.0, None
None, 216.0, None, None, None, 2015-05-23 00:00:00, 15.7, None, 22.0, None
None, 216.0, None, None, None, 2015-05-23 01:00:00, 13.1, None, 22.0, None
None, 216.0, None, None, None, 2015-05-23 02:00:00, 12.4, None, 22.0, None
None, 216.0, None, None, None, 2015-05-23 03:00:00, 11.4, None, 21.0, None
None, 216.0, None, None, None, 2015-05-23 04:00:00, 11.1, None, 21.0, None
None, 215.0, None, None, None, 2015-05-23 05:00:00, 10.8, None, 21.0, None
None, 215.0, None, None, None, 2015-05-23 06:00:00, 11.0, None, 20.0, None
None, 215.0, None, None, None, 2015-05-23 07:00:00, 10.7, None, 20.0, None
None, 216.0, None, None, None, 2015-05-23 08:00:00, 10.3, None, 20.0, None
None, 216.0, None, None, None, 2015-05-23 09:00:00, 10.3, None, 19.0, None
None, 216.0, None, None, None, 2015-05-23 10:00:00, 10.2, None, 19.0, None
None, 216.0, None, None, None, 2015-05-23 11:00:00, 9.3, None, 19.0, None
None, 216.0, None, None, None, 2015-05-23 12:00:00, 9.7, None, 18.0, None
None, 216.0, None, None, None, 2015-05-23 13:00:00, 11.0, None, 18.0, None
None, 216.0, None, None, None, 2015-05-23 14:00:00, 13.7, None, 18.0, None
None, 216.0, None, None, None, 2015-05-23 15:00:00, 15.3, None, 18.0, None
None, 216.0, None, None, None, 2015-05-23 16:00:00, 16.0, None, 17.0, None
None, 216.0, None, None, None, 2015-05-23 17:00:00, 17.4, None, 17.0, None
None, 216.0, None, None, None, 2015-05-23 18:00:00, 17.3, None, 16.0, None
None, 216.0, None, None, None, 2015-05-23 19:00:00, 17.2, None, 16.0, None
None, 215.0, None, None, None, 2015-05-23 20:00:00, 17.9, None, 16.0, None
None, 215.0, None, None, None, 2015-05-23 21:00:00, 19.1, None, 15.0, None
None, 216.0, None, None, None, 2015-05-23 22:00:00, 17.2, None, 15.0, None
None, 216.0, None, None, None, 2015-05-23 23:00:00, 17.8, None, 14.0, None
None, 216.0, None, None, None, 2015-05-24 00:00:00, 15.2, None, 14.0, None
None, 215.0, None, None, None, 2015-05-24 01:00:00, 14.2, None, 13.0, None
None, 215.0, None, None, None, 2015-05-24 02:00:00, 13.1, None, 13.0, None
None, 215.0, None, None, None, 2015-05-24 03:00:00, 13.0, None, 12.0, None
None, 215.0, None, None, None, 2015-05-24 04:00:00, 12.5, None, 12.0, None
None, 215.0, None, None, None, 2015-05-24 05:00:00, 10.1, None, 11.0, None
None, 215.0, None, None, None, 2015-05-24 06:00:00, 10.2, None, 11.0, None
None, 215.0, None, None, None, 2015-05-24 07:00:00, 9.6, None, 10.0, None
None, 215.0, None, None, None, 2015-05-24 08:00:00, 8.4, None, 10.0, None
None, 215.0, None, None, None, 2015-05-24 09:00:00, 8.4, None, 9.0, None
None, 215.0, None, None, None, 2015-05-24 10:00:00, 8.4, None, 9.0, None
None, 215.0, None, None, None, 2015-05-24 11:00:00, 7.8, None, 8.0, None
None, 215.0, None, None, None, 2015-05-24 12:00:00, 7.6, None, 8.0, None
None, 215.0, None, None, None, 2015-05-24 13:00:00, 9.7, None, 8.0, None
None, 215.0, None, None, None, 2015-05-24 14:00:00, 13.2, None, 7.0, None
None, 215.0, None, None, None, 2015-05-24 15:00:00, 15.7, None, 7.0, None
None, 215.0, None, None, None, 2015-05-24 16:00:00, 17.0, None, 6.0, None
None, 216.0, None, None, None, 2015-05-24 17:00:00, 17.9, None, 6.0, None
None, 216.0, None, None, None, 2015-05-24 18:00:00, 18.4, None, 6.0, None
None, 216.0, None, None, None, 2015-05-24 19:00:00, 20.6, None, 6.0, None
None, 216.0, None, None, None, 2015-05-24 20:00:00, 16.6, None, 5.0, None
None, 216.0, None, None, None, 2015-05-24 21:00:00, 18.4, None, 5.0, None
None, 216.0, None, None, None, 2015-05-24 22:00:00, 13.1, None, 5.0, None
None, 216.0, None, None, None, 2015-05-24 23:00:00, 15.1, None, 4.0, None
None, 216.0, None, None, None, 2015-05-25 00:00:00, 17.6, None, 4.0, None
None, 216.0, None, None, None, 2015-05-25 01:00:00, 16.7, None, 3.0, None
None, 216.0, None, None, None, 2015-05-25 02:00:00, 15.9, None, 2.0, None
None, 216.0, None, None, None, 2015-05-25 03:00:00, 14.1, None, 2.0, None
None, 215.0, None, None, None, 2015-05-25 04:00:00, 11.6, None, 2.0, None
None, 216.0, None, None, None, 2015-05-25 05:00:00, 11.8, None, 1.0, None
None, 216.0, None, None, None, 2015-05-25 06:00:00, 11.3, None, 1.0, None
None, 216.0, None, None, None, 2015-05-25 07:00:00, 9.0, None, 1.0, None
None, 216.0, None, None, None, 2015-05-25 08:00:00, 10.4, None, 1.0, None
None, 216.0, None, None, None, 2015-05-25 09:00:00, 9.2, None, 1.0, None
None, 216.0, None, None, None, 2015-05-25 10:00:00, 8.8, None, 1.0, None
None, 216.0, None, None, None, 2015-05-25 11:00:00, 7.2, None, 1.0, None
None, 216.0, None, None, None, 2015-05-25 12:00:00, 7.4, None, 1.0, None
None, 216.0, None, None, None, 2015-05-25 13:00:00, 7.7, None, 1.0, None
None, 216.0, None, None, None, 2015-05-25 14:00:00, 9.5, None, 1.0, None
None, 216.0, None, None, None, 2015-05-25 15:00:00, 9.9, None, 1.0, None
None, 216.0, None, None, None, 2015-05-25 16:00:00, 12.9, None, 1.0, None
None, 216.0, None, None, None, 2015-05-25 17:00:00, 14.9, None, 1.0, None
None, 216.0, None, None, None, 2015-05-25 18:00:00, 16.0, None, 1.0, None
None, 216.0, None, None, None, 2015-05-25 19:00:00, 17.6, None, 1.0, None
None, 216.0, None, None, None, 2015-05-25 20:00:00, 16.4, None, 1.0, None
None, 216.0, None, None, None, 2015-05-25 21:00:00, 16.1, None, 1.0, None
None, 216.0, None, None, None, 2015-05-25 22:00:00, 13.5, None, 1.0, None
None, 216.0, None, None, None, 2015-05-25 23:00:00, 13.3, None, 1.0, None
None, 216.0, None, None, None, 2015-05-26 00:00:00, 13.4, None, 1.0, None
None, 216.0, None, None, None, 2015-05-26 01:00:00, 12.8, None, 1.0, None
None, 216.0, None, None, None, 2015-05-26 02:00:00, 11.8, None, 1.0, None
None, 216.0, None, None, None, 2015-05-26 03:00:00, 11.2, None, 1.0, None
None, 216.0, None, None, None, 2015-05-26 04:00:00, 9.6, None, 1.0, None
None, 216.0, None, None, None, 2015-05-26 05:00:00, 9.6, None, 1.0, None
None, 216.0, None, None, None, 2015-05-26 06:00:00, 7.9, None, 1.0, None
None, 216.0, None, None, None, 2015-05-26 07:00:00, 6.0, None, 1.0, None
None, 216.0, None, None, None, 2015-05-26 08:00:00, 6.4, None, 1.0, None
None, 216.0, None, None, None, 2015-05-26 09:00:00, 6.1, None, 1.0, None
None, 216.0, None, None, None, 2015-05-26 10:00:00, 5.0, None, 1.0, None
None, 216.0, None, None, None, 2015-05-26 11:00:00, 6.4, None, 1.0, None
None, 216.0, None, None, None, 2015-05-26 12:00:00, 6.6, None, 1.0, None
None, 216.0, None, None, None, 2015-05-26 13:00:00, 7.7, None, 1.0, None
None, 216.0, None, None, None, 2015-05-26 14:00:00, 12.0, None, 1.0, None
None, 216.0, None, None, None, 2015-05-26 15:00:00, 12.9, None, 1.0, None
None, 216.0, None, None, None, 2015-05-26 16:00:00, 13.4, None, 1.0, None
None, 216.0, None, None, None, 2015-05-26 17:00:00, 13.1, None, 1.0, None
None, 216.0, None, None, None, 2015-05-26 18:00:00, 15.2, None, 1.0, None
None, 215.0, None, None, None, 2015-05-26 19:00:00, 15.6, None, 1.0, None
None, 216.0, None, None, None, 2015-05-26 20:00:00, 14.5, None, 1.0, None
None, 216.0, None, None, None, 2015-05-26 21:00:00, 13.3, None, 1.0, None
None, 216.0, None, None, None, 2015-05-26 22:00:00, 13.9, None, 1.0, None
None, 215.0, None, None, None, 2015-05-26 23:00:00, 16.7, None, 1.0, None
None, 217.0, None, None, None, 2015-05-27 00:00:00, 14.1, None, 1.0, None
None, 217.0, None, None, None, 2015-05-27 01:00:00, 13.1, None, 1.0, None
None, 222.0, None, None, None, 2015-05-27 02:00:00, 7.6, None, 1.0, None
None, 223.0, None, None, None, 2015-05-27 03:00:00, 8.0, None, 1.0, None
None, 223.0, None, None, None, 2015-05-27 04:00:00, 6.7, None, 1.0, None
None, 225.0, None, None, None, 2015-05-27 05:00:00, 6.3, None, 1.0, None
None, 225.0, None, None, None, 2015-05-27 06:00:00, 6.4, None, 1.0, None
None, 227.0, None, None, None, 2015-05-27 07:00:00, 5.3, None, 1.0, None
None, 227.0, None, None, None, 2015-05-27 08:00:00, 4.8, None, 1.0, None
None, 227.0, None, None, None, 2015-05-27 09:00:00, 6.4, None, 1.0, None
None, 227.0, None, None, None, 2015-05-27 10:00:00, 5.0, None, 1.0, None
None, 227.0, None, None, None, 2015-05-27 11:00:00, 4.8, None, 1.0, None
None, 227.0, None, None, None, 2015-05-27 12:00:00, 5.8, None, 1.0, None
None, 227.0, None, None, None, 2015-05-27 13:00:00, 6.8, None, 1.0, None
None, 227.0, None, None, None, 2015-05-27 14:00:00, 10.7, None, 1.0, None
None, 227.0, None, None, None, 2015-05-27 15:00:00, 11.5, None, 1.0, None
None, 227.0, None, None, None, 2015-05-27 16:00:00, 9.7, None, 1.0, None
None, 227.0, None, None, None, 2015-05-27 17:00:00, 10.0, None, 1.0, None
None, 227.0, None, None, None, 2015-05-27 18:00:00, 11.8, None, 1.0, None
None, 227.0, None, None, None, 2015-05-27 19:00:00, 15.2, None, 1.0, None
None, 228.0, None, None, None, 2015-05-27 20:00:00, 16.8, None, 1.0, None
None, 228.0, None, None, None, 2015-05-27 21:00:00, 14.3, None, 1.0, None
None, 228.0, None, None, None, 2015-05-27 22:00:00, 13.9, None, 1.0, None
None, 228.0, None, None, None, 2015-05-27 23:00:00, 11.9, None, 1.0, None
None, 228.0, None, None, None, 2015-05-28 00:00:00, 9.5, None, 1.0, None
None, 228.0, None, None, None, 2015-05-28 01:00:00, 7.9, None, 1.0, None
None, 227.0, None, None, None, 2015-05-28 02:00:00, 6.5, None, 1.0, None
None, 227.0, None, None, None, 2015-05-28 03:00:00, 5.1, None, 1.0, None
None, 227.0, None, None, None, 2015-05-28 04:00:00, 3.8, None, 1.0, None
None, 227.0, None, None, None, 2015-05-28 05:00:00, 2.6, None, 1.0, None
None, 227.0, None, None, None, 2015-05-28 06:00:00, 2.8, None, 1.0, None
None, 227.0, None, None, None, 2015-05-28 07:00:00, 3.0, None, 1.0, None
None, 227.0, None, None, None, 2015-05-28 08:00:00, 2.0, None, 1.0, None
None, 228.0, None, None, None, 2015-05-28 09:00:00, 1.5, None, 1.0, None
None, 228.0, None, None, None, 2015-05-28 10:00:00, 1.0, None, 1.0, None
None, 228.0, None, None, None, 2015-05-28 11:00:00, 1.2, None, 1.0, None
None, 228.0, None, None, None, 2015-05-28 12:00:00, 1.0, None, 1.0, None
None, 228.0, None, None, None, 2015-05-28 13:00:00, 1.2, None, 1.0, None
None, 228.0, None, None, None, 2015-05-28 14:00:00, 1.0, None, 1.0, None
None, 228.0, None, None, None, 2015-05-28 15:00:00, 1.3, None, 1.0, None
None, 228.0, None, None, None, 2015-05-28 16:00:00, 2.6, None, 1.0, None
None, 228.0, None, None, None, 2015-05-28 17:00:00, 0.8, None, 1.0, None
None, 228.0, None, None, None, 2015-05-28 18:00:00, 4.1, None, 1.0, None
None, 228.0, None, None, None, 2015-05-28 19:00:00, 3.1, None, 1.0, None
None, 228.0, None, None, None, 2015-05-28 20:00:00, 3.3, None, 1.0, None
None, 228.0, None, None, None, 2015-05-28 21:00:00, 1.4, None, 1.0, None
None, 228.0, None, None, None, 2015-05-28 22:00:00, 3.2, None, 1.0, None
None, 229.0, None, None, None, 2015-05-28 23:00:00, 3.5, None, 1.0, None
None, 229.0, None, None, None, 2015-05-29 00:00:00, 1.2, None, 1.0, None
None, 229.0, None, None, None, 2015-05-29 01:00:00, 1.7, None, 1.0, None
None, 229.0, None, None, None, 2015-05-29 02:00:00, 1.9, None, 1.0, None
None, 229.0, None, None, None, 2015-05-29 03:00:00, 2.1, None, 1.0, None
None, 229.0, None, None, None, 2015-05-29 04:00:00, 1.0, None, 1.0, None
None, 229.0, None, None, None, 2015-05-29 05:00:00, 0.9, None, 1.0, None
None, 229.0, None, None, None, 2015-05-29 06:00:00, 0.8, None, 1.0, None
None, 229.0, None, None, None, 2015-05-29 07:00:00, 0.0, None, 1.0, None
None, 229.0, None, None, None, 2015-05-29 08:00:00, 0.7, None, 1.0, None
None, 229.0, None, None, None, 2015-05-29 09:00:00, 0.7, None, 1.0, None
None, 229.0, None, None, None, 2015-05-29 10:00:00, 0.7, None, 1.0, None
None, 229.0, None, None, None, 2015-05-29 11:00:00, 0.7, None, 1.0, None
None, 229.0, None, None, None, 2015-05-29 12:00:00, 0.0, None, 1.0, None
None, 229.0, None, None, None, 2015-05-29 13:00:00, 0.4, None, 1.0, None
None, 229.0, None, None, None, 2015-05-29 14:00:00, 2.5, None, 1.0, None
None, 229.0, None, None, None, 2015-05-29 15:00:00, 3.0, None, 1.0, None
None, 229.0, None, None, None, 2015-05-29 16:00:00, 3.7, None, 1.0, None
None, 229.0, None, None, None, 2015-05-29 17:00:00, 4.1, None, 1.0, None
None, 229.0, None, None, None, 2015-05-29 18:00:00, 2.6, None, 1.0, None
None, 229.0, None, None, None, 2015-05-29 19:00:00, 3.6, None, 1.0, None
None, 229.0, None, None, None, 2015-05-29 20:00:00, 7.9, None, 1.0, None
None, 229.0, None, None, None, 2015-05-29 21:00:00, 10.4, None, 1.0, None
None, 230.0, None, None, None, 2015-05-29 22:00:00, 12.5, None, 1.0, None
None, 229.0, None, None, None, 2015-05-29 23:00:00, 11.6, None, 1.0, None
None, 230.0, None, None, None, 2015-05-30 00:00:00, 11.1, None, 1.0, None
None, 230.0, None, None, None, 2015-05-30 01:00:00, 9.8, None, 1.0, None
None, 230.0, None, None, None, 2015-05-30 02:00:00, 9.1, None, 1.0, None
None, 230.0, None, None, None, 2015-05-30 03:00:00, 7.8, None, 1.0, None
None, 230.0, None, None, None, 2015-05-30 04:00:00, 4.9, None, 1.0, None
None, 229.0, None, None, None, 2015-05-30 05:00:00, 3.4, None, 1.0, None
None, 229.0, None, None, None, 2015-05-30 06:00:00, 3.5, None, 1.0, None
None, 229.0, None, None, None, 2015-05-30 07:00:00, 2.1, None, 1.0, None
None, 229.0, None, None, None, 2015-05-30 08:00:00, 2.9, None, 1.0, None
None, 229.0, None, None, None, 2015-05-30 09:00:00, 3.9, None, 1.0, None
None, 229.0, None, None, None, 2015-05-30 10:00:00, 3.9, None, 1.0, None
None, 229.0, None, None, None, 2015-05-30 11:00:00, 4.0, None, 1.0, None
None, 229.0, None, None, None, 2015-05-30 12:00:00, 4.0, None, 1.0, None
None, 229.0, None, None, None, 2015-05-30 13:00:00, 4.6, None, 1.0, None
None, 229.0, None, None, None, 2015-05-30 14:00:00, 8.2, None, 1.0, None
None, 229.0, None, None, None, 2015-05-30 15:00:00, 8.4, None, 1.0, None
None, 230.0, None, None, None, 2015-05-30 16:00:00, 9.0, None, 1.0, None
None, 230.0, None, None, None, 2015-05-30 17:00:00, 10.6, None, 1.0, None
None, 230.0, None, None, None, 2015-05-30 18:00:00, 12.4, None, 1.0, None
None, 230.0, None, None, None, 2015-05-30 19:00:00, 13.1, None, 1.0, None
None, 230.0, None, None, None, 2015-05-30 20:00:00, 14.9, None, 1.0, None
None, 230.0, None, None, None, 2015-05-30 21:00:00, 14.5, None, 1.0, None
None, 230.0, None, None, None, 2015-05-30 22:00:00, 16.0, None, 1.0, None
None, 230.0, None, None, None, 2015-05-30 23:00:00, 16.5, None, 1.0, None
None, 230.0, None, None, None, 2015-05-31 00:00:00, 15.3, None, 1.0, None
None, 230.0, None, None, None, 2015-05-31 01:00:00, 14.5, None, 1.0, None
None, 230.0, None, None, None, 2015-05-31 02:00:00, 14.4, None, 1.0, None
None, 230.0, None, None, None, 2015-05-31 03:00:00, 12.0, None, 1.0, None
None, 230.0, None, None, None, 2015-05-31 04:00:00, 9.4, None, 1.0, None
None, 229.0, None, None, None, 2015-05-31 05:00:00, 5.8, None, 1.0, None
None, 228.0, None, None, None, 2015-05-31 06:00:00, 4.8, None, 1.0, None
None, 228.0, None, None, None, 2015-05-31 07:00:00, 3.6, None, 1.0, None
None, 228.0, None, None, None, 2015-05-31 08:00:00, 3.1, None, 1.0, None
None, 228.0, None, None, None, 2015-05-31 09:00:00, 2.6, None, 1.0, None
None, 228.0, None, None, None, 2015-05-31 10:00:00, 1.7, None, 1.0, None
None, 228.0, None, None, None, 2015-05-31 11:00:00, 3.3, None, 1.0, None
None, 229.0, None, None, None, 2015-05-31 12:00:00, 1.8, None, 1.0, None
None, 229.0, None, None, None, 2015-05-31 13:00:00, 3.6, None, 1.0, None
None, 229.0, None, None, None, 2015-05-31 14:00:00, 6.9, None, 1.0, None
None, 229.0, None, None, None, 2015-05-31 15:00:00, 6.5, None, 1.0, None
None, 228.0, None, None, None, 2015-05-31 16:00:00, 9.6, None, 1.0, None
None, 228.0, None, None, None, 2015-05-31 17:00:00, 10.9, None, 1.0, None
None, 229.0, None, None, None, 2015-05-31 18:00:00, 11.5, None, 1.0, None
None, 229.0, None, None, None, 2015-05-31 19:00:00, 10.3, None, 1.0, None
None, 229.0, None, None, None, 2015-05-31 20:00:00, 14.2, None, 1.0, None
None, 230.0, None, None, None, 2015-05-31 21:00:00, 13.6, None, 1.0, None
None, 230.0, None, None, None, 2015-05-31 22:00:00, 10.6, None, 1.0, None
None, 230.0, None, None, None, 2015-05-31 23:00:00, 13.6, None, 1.0, None
None, 230.0, None, None, None, 2015-06-01 00:00:00, 10.2, None, 1.0, None
None, 231.0, None, None, None, 2015-06-01 01:00:00, 6.3, None, 1.0, None
None, 231.0, None, None, None, 2015-06-01 02:00:00, 6.0, None, 1.0, None
None, 231.0, None, None, None, 2015-06-01 03:00:00, 6.2, None, 1.0, None
None, 231.0, None, None, None, 2015-06-01 04:00:00, 4.2, None, 1.0, None
None, 233.0, None, None, None, 2015-06-01 05:00:00, 3.6, None, 1.0, None
None, 233.0, None, None, None, 2015-06-01 06:00:00, 3.2, None, 1.0, None
None, 233.0, None, None, None, 2015-06-01 07:00:00, 3.1, None, 1.0, None
None, 233.0, None, None, None, 2015-06-01 08:00:00, 2.9, None, 1.0, None
None, 233.0, None, None, None, 2015-06-01 09:00:00, 2.2, None, 1.0, None
None, 233.0, None, None, None, 2015-06-01 10:00:00, 1.8, None, 1.0, None
None, 233.0, None, None, None, 2015-06-01 11:00:00, 1.8, None, 1.0, None
None, 233.0, None, None, None, 2015-06-01 12:00:00, 1.5, None, 1.0, None
None, 233.0, None, None, None, 2015-06-01 13:00:00, 2.0, None, 1.0, None
None, 234.0, None, None, None, 2015-06-01 14:00:00, 2.0, None, 1.0, None
None, 233.0, None, None, None, 2015-06-01 15:00:00, 3.2, None, 1.0, None
None, 234.0, None, None, None, 2015-06-01 16:00:00, 4.9, None, 1.0, None
None, 234.0, None, None, None, 2015-06-01 17:00:00, 5.5, None, 1.0, None
None, 233.0, None, None, None, 2015-06-01 18:00:00, 7.9, None, 1.0, None
None, 234.0, None, None, None, 2015-06-01 19:00:00, 11.2, None, 1.0, None
None, 233.0, None, None, None, 2015-06-01 20:00:00, 11.0, None, 1.0, None
None, 234.0, None, None, None, 2015-06-01 21:00:00, 10.4, None, 1.0, None
None, 234.0, None, None, None, 2015-06-01 22:00:00, 12.5, None, 1.0, None
None, 235.0, None, None, None, 2015-06-01 23:00:00, 11.1, None, 1.0, None
None, 235.0, None, None, None, 2015-06-02 00:00:00, 12.4, None, 1.0, None
None, 235.0, None, None, None, 2015-06-02 01:00:00, 12.4, None, 1.0, None
None, 235.0, None, None, None, 2015-06-02 02:00:00, 11.7, None, 1.0, None
None, 235.0, None, None, None, 2015-06-02 03:00:00, 10.7, None, 1.0, None
None, 235.0, None, None, None, 2015-06-02 04:00:00, 8.9, None, 1.0, None
None, 234.0, None, None, None, 2015-06-02 05:00:00, 7.8, None, 1.0, None
None, 235.0, None, None, None, 2015-06-02 06:00:00, 7.2, None, 1.0, None
None, 235.0, None, None, None, 2015-06-02 07:00:00, 7.2, None, 1.0, None
None, 235.0, None, None, None, 2015-06-02 08:00:00, 5.7, None, 1.0, None
None, 235.0, None, None, None, 2015-06-02 09:00:00, 5.4, None, 1.0, None
None, 234.0, None, None, None, 2015-06-02 10:00:00, 5.4, None, 1.0, None
None, 234.0, None, None, None, 2015-06-02 11:00:00, 5.4, None, 1.0, None
None, 234.0, None, None, None, 2015-06-02 12:00:00, 5.1, None, 1.0, None
None, 234.0, None, None, None, 2015-06-02 13:00:00, 6.3, None, 1.0, None
None, 234.0, None, None, None, 2015-06-02 14:00:00, 9.8, None, 1.0, None
None, 235.0, None, None, None, 2015-06-02 15:00:00, 10.9, None, 1.0, None
None, 235.0, None, None, None, 2015-06-02 16:00:00, 12.7, None, 1.0, None
None, 235.0, None, None, None, 2015-06-02 17:00:00, 14.0, None, 1.0, None
None, 235.0, None, None, None, 2015-06-02 18:00:00, 14.4, None, 1.0, None
None, 235.0, None, None, None, 2015-06-02 19:00:00, 15.0, None, 1.0, None
None, 235.0, None, None, None, 2015-06-02 20:00:00, 15.6, None, 1.0, None
None, 235.0, None, None, None, 2015-06-02 21:00:00, 17.1, None, 1.0, None
None, 235.0, None, None, None, 2015-06-02 22:00:00, 16.7, None, 1.0, None
None, 235.0, None, None, None, 2015-06-02 23:00:00, 16.2, None, 1.0, None
None, 235.0, None, None, None, 2015-06-03 00:00:00, 16.7, None, 1.0, None
None, 235.0, None, None, None, 2015-06-03 01:00:00, 15.1, None, 1.0, None
None, 235.0, None, None, None, 2015-06-03 02:00:00, 13.9, None, 1.0, None
None, 235.0, None, None, None, 2015-06-03 03:00:00, 11.0, None, 1.0, None
None, 235.0, None, None, None, 2015-06-03 04:00:00, 11.7, None, 1.0, None
None, 235.0, None, None, None, 2015-06-03 05:00:00, 10.4, None, 1.0, None
None, 235.0, None, None, None, 2015-06-03 06:00:00, 10.7, None, 1.0, None
None, 235.0, None, None, None, 2015-06-03 07:00:00, 10.3, None, 1.0, None
None, 235.0, None, None, None, 2015-06-03 08:00:00, 10.0, None, 1.0, None
None, 235.0, None, None, None, 2015-06-03 09:00:00, 9.1, None, 1.0, None
None, 235.0, None, None, None, 2015-06-03 10:00:00, 8.0, None, 1.0, None
None, 234.0, None, None, None, 2015-06-03 11:00:00, 8.0, None, 1.0, None
None, 234.0, None, None, None, 2015-06-03 12:00:00, 7.5, None, 1.0, None
None, 233.0, None, None, None, 2015-06-03 13:00:00, 8.0, None, 1.0, None
None, 233.0, None, None, None, 2015-06-03 14:00:00, 9.2, None, 1.0, None
None, 234.0, None, None, None, 2015-06-03 15:00:00, 10.5, None, 1.0, None
None, 234.0, None, None, None, 2015-06-03 16:00:00, 10.5, None, 1.0, None
None, 235.0, None, None, None, 2015-06-03 17:00:00, 10.4, None, 1.0, None
None, 235.0, None, None, None, 2015-06-03 18:00:00, 9.7, None, 1.0, None
None, 241.0, None, None, None, 2015-06-03 19:00:00, 6.4, None, 1.0, None
None, 245.0, None, None, None, 2015-06-03 20:00:00, 5.6, None, 1.0, None
None, 248.0, None, None, None, 2015-06-03 21:00:00, 4.9, None, 1.0, None
None, 250.0, None, None, None, 2015-06-03 22:00:00, 5.3, None, 1.0, None
None, 251.0, None, None, None, 2015-06-03 23:00:00, 5.9, None, 1.0, None
None, 252.0, None, None, None, 2015-06-04 00:00:00, 6.5, None, 1.0, None
None, 252.0, None, None, None, 2015-06-04 01:00:00, 7.8, None, 1.0, None
None, 252.0, None, None, None, 2015-06-04 02:00:00, 6.9, None, 1.0, None
None, 252.0, None, None, None, 2015-06-04 03:00:00, 6.6, None, 1.0, None
None, 252.0, None, None, None, 2015-06-04 04:00:00, 4.8, None, 1.0, None
None, 252.0, None, None, None, 2015-06-04 05:00:00, 4.7, None, 1.0, None
None, 252.0, None, None, None, 2015-06-04 06:00:00, 3.4, None, 1.0, None
None, 252.0, None, None, None, 2015-06-04 07:00:00, 4.2, None, 1.0, None
None, 252.0, None, None, None, 2015-06-04 08:00:00, 4.1, None, 1.0, None
None, 252.0, None, None, None, 2015-06-04 09:00:00, 3.2, None, 1.0, None
None, 252.0, None, None, None, 2015-06-04 10:00:00, 3.1, None, 1.0, None
None, 252.0, None, None, None, 2015-06-04 11:00:00, 3.4, None, 1.0, None
None, 253.0, None, None, None, 2015-06-04 12:00:00, 3.3, None, 1.0, None
None, 252.0, None, None, None, 2015-06-04 13:00:00, 5.2, None, 1.0, None
None, 252.0, None, None, None, 2015-06-04 14:00:00, 7.3, None, 1.0, None
None, 252.0, None, None, None, 2015-06-04 15:00:00, 6.7, None, 1.0, None
None, 252.0, None, None, None, 2015-06-04 16:00:00, 7.7, None, 1.0, None
None, 252.0, None, None, None, 2015-06-04 17:00:00, 9.2, None, 1.0, None
None, 252.0, None, None, None, 2015-06-04 18:00:00, 10.5, None, 1.0, None
None, 253.0, None, None, None, 2015-06-04 19:00:00, 11.7, None, 1.0, None
None, 253.0, None, None, None, 2015-06-04 20:00:00, 14.2, None, 1.0, None
None, 254.0, None, None, None, 2015-06-04 21:00:00, 13.1, None, 1.0, None
None, 254.0, None, None, None, 2015-06-04 22:00:00, 13.6, None, 1.0, None
None, 253.0, None, None, None, 2015-06-04 23:00:00, 13.4, None, 1.0, None
None, 254.0, None, None, None, 2015-06-05 00:00:00, 12.4, None, 1.0, None
None, 253.0, None, None, None, 2015-06-05 01:00:00, 13.2, None, 1.0, None
None, 254.0, None, None, None, 2015-06-05 02:00:00, 11.1, None, 1.0, None
None, 254.0, None, None, None, 2015-06-05 03:00:00, 10.5, None, 1.0, None
None, 254.0, None, None, None, 2015-06-05 04:00:00, 9.5, None, 1.0, None
None, 254.0, None, None, None, 2015-06-05 05:00:00, 8.3, None, 1.0, None
None, 254.0, None, None, None, 2015-06-05 06:00:00, 8.3, None, 1.0, None
None, 254.0, None, None, None, 2015-06-05 07:00:00, 8.4, None, 1.0, None
None, 254.0, None, None, None, 2015-06-05 08:00:00, 7.7, None, 1.0, None
None, 253.0, None, None, None, 2015-06-05 09:00:00, 7.3, None, 1.0, None
None, 253.0, None, None, None, 2015-06-05 10:00:00, 8.0, None, 1.0, None
None, 253.0, None, None, None, 2015-06-05 11:00:00, 7.2, None, 1.0, None
None, 253.0, None, None, None, 2015-06-05 12:00:00, 7.6, None, 1.0, None
None, 252.0, None, None, None, 2015-06-05 13:00:00, 7.7, None, 1.0, None
None, 252.0, None, None, None, 2015-06-05 14:00:00, 8.3, None, 1.0, None
None, 253.0, None, None, None, 2015-06-05 15:00:00, 8.9, None, 1.0, None
None, 253.0, None, None, None, 2015-06-05 16:00:00, 9.5, None, 1.0, None
None, 253.0, None, None, None, 2015-06-05 17:00:00, 8.7, None, 1.0, None
None, 253.0, None, None, None, 2015-06-05 18:00:00, 10.6, None, 1.0, None
None, 254.0, None, None, None, 2015-06-05 19:00:00, 10.4, None, 1.0, None
None, 254.0, None, None, None, 2015-06-05 20:00:00, 9.8, None, 1.0, None
None, 254.0, None, None, None, 2015-06-05 21:00:00, 13.1, None, 1.0, None
None, 254.0, None, None, None, 2015-06-05 22:00:00, 10.5, None, 1.0, None
None, 254.0, None, None, None, 2015-06-05 23:00:00, 14.1, None, 1.0, None
None, 254.0, None, None, None, 2015-06-06 00:00:00, 13.3, None, 1.0, None
None, 254.0, None, None, None, 2015-06-06 01:00:00, 11.5, None, 1.0, None
None, 254.0, None, None, None, 2015-06-06 02:00:00, 11.8, None, 1.0, None
None, 254.0, None, None, None, 2015-06-06 03:00:00, 10.1, None, 1.0, None
None, 253.0, None, None, None, 2015-06-06 04:00:00, 8.4, None, 1.0, None
None, 253.0, None, None, None, 2015-06-06 05:00:00, 7.2, None, 1.0, None
None, 252.0, None, None, None, 2015-06-06 06:00:00, 6.3, None, 1.0, None
None, 253.0, None, None, None, 2015-06-06 07:00:00, 5.6, None, 1.0, None
None, 253.0, None, None, None, 2015-06-06 08:00:00, 5.3, None, 1.0, None
None, 253.0, None, None, None, 2015-06-06 09:00:00, 4.8, None, 1.0, None
None, 253.0, None, None, None, 2015-06-06 10:00:00, 3.3, None, 1.0, None
None, 253.0, None, None, None, 2015-06-06 11:00:00, 3.3, None, 1.0, None
None, 253.0, None, None, None, 2015-06-06 12:00:00, 3.3, None, 1.0, None
None, 253.0, None, None, None, 2015-06-06 13:00:00, 3.1, None, 1.0, None
None, 254.0, None, None, None, 2015-06-06 14:00:00, 5.9, None, 1.0, None
None, 254.0, None, None, None, 2015-06-06 15:00:00, 7.9, None, 1.0, None
None, 253.0, None, None, None, 2015-06-06 16:00:00, 8.4, None, 1.0, None
None, 253.0, None, None, None, 2015-06-06 17:00:00, 9.8, None, 1.0, None
None, 253.0, None, None, None, 2015-06-06 18:00:00, 9.5, None, 1.0, None
None, 253.0, None, None, None, 2015-06-06 19:00:00, 11.1, None, 1.0, None
None, 253.0, None, None, None, 2015-06-06 20:00:00, 8.9, None, 1.0, None
None, 253.0, None, None, None, 2015-06-06 21:00:00, 9.6, None, 1.0, None
None, 253.0, None, None, None, 2015-06-06 22:00:00, 10.0, None, 1.0, None
None, 253.0, None, None, None, 2015-06-06 23:00:00, 9.8, None, 1.0, None
None, 253.0, None, None, None, 2015-06-07 00:00:00, 10.0, None, 1.0, None
None, 253.0, None, None, None, 2015-06-07 01:00:00, 9.9, None, 1.0, None
None, 254.0, None, None, None, 2015-06-07 02:00:00, 10.2, None, 1.0, None
None, 254.0, None, None, None, 2015-06-07 03:00:00, 8.5, None, 1.0, None
None, 254.0, None, None, None, 2015-06-07 04:00:00, 6.9, None, 1.0, None
None, 254.0, None, None, None, 2015-06-07 05:00:00, 6.4, None, 1.0, None
None, 253.0, None, None, None, 2015-06-07 06:00:00, 6.3, None, 1.0, None
None, 253.0, None, None, None, 2015-06-07 07:00:00, 6.0, None, 1.0, None
None, 253.0, None, None, None, 2015-06-07 08:00:00, 5.4, None, 1.0, None
None, 253.0, None, None, None, 2015-06-07 09:00:00, 4.6, None, 1.0, None
None, 252.0, None, None, None, 2015-06-07 10:00:00, 4.7, None, 1.0, None
None, 253.0, None, None, None, 2015-06-07 11:00:00, 4.7, None, 1.0, None
None, 253.0, None, None, None, 2015-06-07 12:00:00, 4.5, None, 1.0, None
None, 253.0, None, None, None, 2015-06-07 13:00:00, 4.3, None, 1.0, None
None, 253.0, None, None, None, 2015-06-07 14:00:00, 5.1, None, 1.0, None
None, 253.0, None, None, None, 2015-06-07 15:00:00, 5.5, None, 1.0, None
None, 253.0, None, None, None, 2015-06-07 16:00:00, 5.8, None, 1.0, None
None, 254.0, None, None, None, 2015-06-07 17:00:00, 6.0, None, 1.0, None
None, 254.0, None, None, None, 2015-06-07 18:00:00, 5.9, None, 1.0, None
None, 255.0, None, None, None, 2015-06-07 19:00:00, 6.2, None, 1.0, None
None, 256.0, None, None, None, 2015-06-07 20:00:00, 6.4, None, 1.0, None
None, 256.0, None, None, None, 2015-06-07 21:00:00, 7.0, None, 1.0, None
None, 257.0, None, None, None, 2015-06-07 22:00:00, 7.6, None, 1.0, None
None, 259.0, None, None, None, 2015-06-07 23:00:00, 7.1, None, 1.0, None
None, 259.0, None, None, None, 2015-06-08 00:00:00, 8.1, None, 1.0, None
None, 260.0, None, None, None, 2015-06-08 01:00:00, 7.9, None, 1.0, None
None, 261.0, None, None, None, 2015-06-08 02:00:00, 7.7, None, 1.0, None
None, 263.0, None, None, None, 2015-06-08 03:00:00, 7.3, None, 1.0, None
None, 262.0, None, None, None, 2015-06-08 04:00:00, 6.0, None, 1.0, None
None, 262.0, None, None, None, 2015-06-08 05:00:00, 5.8, None, 1.0, None
None, 262.0, None, None, None, 2015-06-08 06:00:00, 4.6, None, 1.0, None
None, 262.0, None, None, None, 2015-06-08 07:00:00, 4.6, None, 1.0, None
None, 262.0, None, None, None, 2015-06-08 08:00:00, 4.2, None, 1.0, None
None, 262.0, None, None, None, 2015-06-08 09:00:00, 4.5, None, 1.0, None
None, 263.0, None, None, None, 2015-06-08 10:00:00, 3.9, None, 1.0, None
None, 266.0, None, None, None, 2015-06-08 11:00:00, 2.7, None, 1.0, None
None, 267.0, None, None, None, 2015-06-08 12:00:00, 2.5, None, 1.0, None
None, 267.0, None, None, None, 2015-06-08 13:00:00, 3.0, None, 1.0, None
None, 269.0, None, None, None, 2015-06-08 14:00:00, 1.6, None, 1.0, None
None, 269.0, None, None, None, 2015-06-08 15:00:00, 3.1, None, 1.0, None
None, 269.0, None, None, None, 2015-06-08 16:00:00, 6.1, None, 1.0, None
None, 269.0, None, None, None, 2015-06-08 17:00:00, 6.0, None, 1.0, None
None, 269.0, None, None, None, 2015-06-08 18:00:00, 4.1, None, 1.0, None
None, 269.0, None, None, None, 2015-06-08 19:00:00, 4.2, None, 1.0, None
None, 269.0, None, None, None, 2015-06-08 20:00:00, 10.2, None, 1.0, None
None, 270.0, None, None, None, 2015-06-08 21:00:00, 10.9, None, 1.0, None
None, 270.0, None, None, None, 2015-06-08 22:00:00, 10.1, None, 1.0, None
None, 270.0, None, None, None, 2015-06-08 23:00:00, 11.1, None, 1.0, None
None, 270.0, None, None, None, 2015-06-09 00:00:00, 11.4, None, 1.0, None
None, 270.0, None, None, None, 2015-06-09 01:00:00, 8.9, None, 1.0, None
None, 270.0, None, None, None, 2015-06-09 02:00:00, 7.0, None, 1.0, None
None, 270.0, None, None, None, 2015-06-09 03:00:00, 6.3, None, 1.0, None
None, 270.0, None, None, None, 2015-06-09 04:00:00, 5.1, None, 1.0, None
None, 270.0, None, None, None, 2015-06-09 05:00:00, 3.9, None, 1.0, None
None, 270.0, None, None, None, 2015-06-09 06:00:00, 2.3, None, 1.0, None
None, 269.0, None, None, None, 2015-06-09 07:00:00, 2.9, None, 1.0, None
None, 269.0, None, None, None, 2015-06-09 08:00:00, 1.7, None, 1.0, None
None, 269.0, None, None, None, 2015-06-09 09:00:00, 0.9, None, 1.0, None
None, 269.0, None, None, None, 2015-06-09 10:00:00, 0.9, None, 1.0, None
None, 269.0, None, None, None, 2015-06-09 11:00:00, 0.5, None, 1.0, None
None, 269.0, None, None, None, 2015-06-09 12:00:00, 0.4, None, 1.0, None
None, 269.0, None, None, None, 2015-06-09 13:00:00, 2.8, None, 1.0, None
None, 269.0, None, None, None, 2015-06-09 14:00:00, 5.4, None, 1.0, None
None, 269.0, None, None, None, 2015-06-09 15:00:00, 7.4, None, 1.0, None
None, 269.0, None, None, None, 2015-06-09 16:00:00, 8.6, None, 1.0, None
None, 270.0, None, None, None, 2015-06-09 17:00:00, 9.6, None, 1.0, None
None, 270.0, None, None, None, 2015-06-09 18:00:00, 10.2, None, 1.0, None
None, 270.0, None, None, None, 2015-06-09 19:00:00, 12.0, None, 1.0, None
None, 270.0, None, None, None, 2015-06-09 20:00:00, 13.3, None, 1.0, None
None, 270.0, None, None, None, 2015-06-09 21:00:00, 14.6, None, 1.0, None
None, 270.0, None, None, None, 2015-06-09 22:00:00, 14.3, None, 1.0, None
None, 270.0, None, None, None, 2015-06-09 23:00:00, 15.5, None, 1.0, None
None, 270.0, None, None, None, 2015-06-10 00:00:00, 14.2, None, 1.0, None
None, 270.0, None, None, None, 2015-06-10 01:00:00, 13.8, None, 1.0, None
None, 270.0, None, None, None, 2015-06-10 02:00:00, 13.5, None, 1.0, None
None, 270.0, None, None, None, 2015-06-10 03:00:00, 11.8, None, 1.0, None
None, 270.0, None, None, None, 2015-06-10 04:00:00, 9.8, None, 1.0, None
None, 270.0, None, None, None, 2015-06-10 05:00:00, 8.5, None, 1.0, None
None, 270.0, None, None, None, 2015-06-10 06:00:00, 8.3, None, 1.0, None
None, 270.0, None, None, None, 2015-06-10 07:00:00, 7.6, None, 1.0, None
None, 270.0, None, None, None, 2015-06-10 08:00:00, 7.3, None, 1.0, None
None, 270.0, None, None, None, 2015-06-10 09:00:00, 6.8, None, 1.0, None
None, 270.0, None, None, None, 2015-06-10 10:00:00, 4.5, None, 1.0, None
None, 270.0, None, None, None, 2015-06-10 11:00:00, 4.9, None, 1.0, None
None, 270.0, None, None, None, 2015-06-10 12:00:00, 5.2, None, 1.0, None
None, 270.0, None, None, None, 2015-06-10 13:00:00, 7.2, None, 1.0, None
None, 270.0, None, None, None, 2015-06-10 14:00:00, 9.8, None, 1.0, None
None, 270.0, None, None, None, 2015-06-10 15:00:00, 11.5, None, 1.0, None
None, 270.0, None, None, None, 2015-06-10 16:00:00, 12.0, None, 1.0, None
None, 270.0, None, None, None, 2015-06-10 17:00:00, 13.1, None, 1.0, None
None, 270.0, None, None, None, 2015-06-10 18:00:00, 12.8, None, 1.0, None
None, 270.0, None, None, None, 2015-06-10 19:00:00, 12.9, None, 1.0, None
None, 270.0, None, None, None, 2015-06-10 20:00:00, 13.5, None, 1.0, None
None, 270.0, None, None, None, 2015-06-10 21:00:00, 14.2, None, 1.0, None
None, 270.0, None, None, None, 2015-06-10 22:00:00, 12.5, None, 1.0, None
None, 270.0, None, None, None, 2015-06-10 23:00:00, 8.8, None, 1.0, None
None, 270.0, None, None, None, 2015-06-11 00:00:00, 7.6, None, 1.0, None
None, 270.0, None, None, None, 2015-06-11 01:00:00, 8.7, None, 1.0, None
None, 270.0, None, None, None, 2015-06-11 02:00:00, 7.1, None, 1.0, None
None, 270.0, None, None, None, 2015-06-11 03:00:00, 7.5, None, 1.0, None
None, 270.0, None, None, None, 2015-06-11 04:00:00, 5.7, None, 1.0, None
None, 270.0, None, None, None, 2015-06-11 05:00:00, 5.0, None, 1.0, None
None, 270.0, None, None, None, 2015-06-11 06:00:00, 4.4, None, 1.0, None
None, 270.0, None, None, None, 2015-06-11 07:00:00, 3.3, None, 1.0, None
None, 270.0, None, None, None, 2015-06-11 08:00:00, 3.2, None, 1.0, None
None, 270.0, None, None, None, 2015-06-11 09:00:00, 3.3, None, 1.0, None
None, 270.0, None, None, None, 2015-06-11 10:00:00, 2.3, None, 1.0, None
None, 270.0, None, None, None, 2015-06-11 11:00:00, 1.7, None, 1.0, None
None, 270.0, None, None, None, 2015-06-11 12:00:00, 2.2, None, 1.0, None
None, 269.0, None, None, None, 2015-06-11 13:00:00, 2.9, None, 1.0, None
None, 269.0, None, None, None, 2015-06-11 14:00:00, 4.3, None, 1.0, None
None, 270.0, None, None, None, 2015-06-11 15:00:00, 5.4, None, 1.0, None
None, 270.0, None, None, None, 2015-06-11 16:00:00, 7.0, None, 1.0, None
None, 270.0, None, None, None, 2015-06-11 17:00:00, 9.2, None, 1.0, None
None, 270.0, None, None, None, 2015-06-11 18:00:00, 9.2, None, 1.0, None
None, 270.0, None, None, None, 2015-06-11 19:00:00, 8.5, None, 1.0, None
None, 270.0, None, None, None, 2015-06-11 20:00:00, 6.3, None, 1.0, None
None, 270.0, None, None, None, 2015-06-11 21:00:00, 8.0, None, 1.0, None
None, 272.0, None, None, None, 2015-06-11 22:00:00, 2.1, None, 1.0, None
None, 272.0, None, None, None, 2015-06-11 23:00:00, 1.2, None, 1.0, None
None, 273.0, None, None, None, 2015-06-12 00:00:00, 2.9, None, 1.0, None
None, 273.0, None, None, None, 2015-06-12 01:00:00, 2.3, None, 1.0, None
None, 273.0, None, None, None, 2015-06-12 02:00:00, 3.6, None, 1.0, None
None, 273.0, None, None, None, 2015-06-12 03:00:00, 1.9, None, 1.0, None
None, 272.0, None, None, None, 2015-06-12 04:00:00, 1.4, None, 1.0, None
None, 272.0, None, None, None, 2015-06-12 05:00:00, 0.8, None, 1.0, None
None, 272.0, None, None, None, 2015-06-12 06:00:00, 0.4, None, 1.0, None
None, 272.0, None, None, None, 2015-06-12 07:00:00, 0.3, None, 1.0, None
None, 272.0, None, None, None, 2015-06-12 08:00:00, 0.7, None, 1.0, None
None, 272.0, None, None, None, 2015-06-12 09:00:00, 0.8, None, 1.0, None
None, 272.0, None, None, None, 2015-06-12 10:00:00, 0.4, None, 1.0, None
None, 272.0, None, None, None, 2015-06-12 11:00:00, 0.4, None, 1.0, None
None, 272.0, None, None, None, 2015-06-12 12:00:00, 0.6, None, 1.0, None
None, 272.0, None, None, None, 2015-06-12 13:00:00, 0.7, None, 1.0, None
None, 272.0, None, None, None, 2015-06-12 14:00:00, 1.4, None, 1.0, None
None, 271.0, None, None, None, 2015-06-12 15:00:00, 2.2, None, 1.0, None
None, 272.0, None, None, None, 2015-06-12 16:00:00, 2.8, None, 1.0, None
None, 272.0, None, None, None, 2015-06-12 17:00:00, 2.6, None, 1.0, None
None, 272.0, None, None, None, 2015-06-12 18:00:00, 4.1, None, 1.0, None
None, 272.0, None, None, None, 2015-06-12 19:00:00, 2.7, None, 1.0, None
None, 272.0, None, None, None, 2015-06-12 20:00:00, 2.4, None, 1.0, None
None, 272.0, None, None, None, 2015-06-12 21:00:00, 3.1, None, 1.0, None
None, 273.0, None, None, None, 2015-06-12 22:00:00, 3.9, None, 1.0, None
None, 273.0, None, None, None, 2015-06-12 23:00:00, 4.1, None, 1.0, None
None, 273.0, None, None, None, 2015-06-13 00:00:00, 4.1, None, 1.0, None
None, 274.0, None, None, None, 2015-06-13 01:00:00, 4.5, None, 1.0, None
None, 273.0, None, None, None, 2015-06-13 02:00:00, 4.3, None, 1.0, None
None, 273.0, None, None, None, 2015-06-13 03:00:00, 3.9, None, 1.0, None
None, 273.0, None, None, None, 2015-06-13 04:00:00, 3.3, None, 1.0, None
None, 273.0, None, None, None, 2015-06-13 05:00:00, 2.9, None, 1.0, None
None, 272.0, None, None, None, 2015-06-13 06:00:00, 2.9, None, 1.0, None
None, 272.0, None, None, None, 2015-06-13 07:00:00, 2.6, None, 1.0, None
None, 272.0, None, None, None, 2015-06-13 08:00:00, 2.7, None, 1.0, None
None, 272.0, None, None, None, 2015-06-13 09:00:00, 3.0, None, 1.0, None
None, 272.0, None, None, None, 2015-06-13 10:00:00, 2.9, None, 1.0, None
None, 272.0, None, None, None, 2015-06-13 11:00:00, 2.9, None, 1.0, None
None, 272.0, None, None, None, 2015-06-13 12:00:00, 3.7, None, 1.0, None
None, 273.0, None, None, None, 2015-06-13 13:00:00, 6.2, None, 1.0, None
None, 273.0, None, None, None, 2015-06-13 14:00:00, 6.9, None, 1.0, None
None, 273.0, None, None, None, 2015-06-13 15:00:00, 6.4, None, 1.0, None
None, 274.0, None, None, None, 2015-06-13 16:00:00, 8.2, None, 1.0, None
None, 274.0, None, None, None, 2015-06-13 17:00:00, 7.6, None, 1.0, None
None, 274.0, None, None, None, 2015-06-13 18:00:00, 8.3, None, 1.0, None
None, 274.0, None, None, None, 2015-06-13 19:00:00, 8.6, None, 1.0, None
None, 274.0, None, None, None, 2015-06-13 20:00:00, 10.1, None, 1.0, None
None, 274.0, None, None, None, 2015-06-13 21:00:00, 10.2, None, 1.0, None
None, 274.0, None, None, None, 2015-06-13 22:00:00, 10.3, None, 1.0, None
None, 274.0, None, None, None, 2015-06-13 23:00:00, 9.1, None, 1.0, None
None, 274.0, None, None, None, 2015-06-14 00:00:00, 9.5, None, 1.0, None
None, 274.0, None, None, None, 2015-06-14 01:00:00, 9.2, None, 1.0, None
None, 274.0, None, None, None, 2015-06-14 02:00:00, 8.6, None, 1.0, None
None, 274.0, None, None, None, 2015-06-14 03:00:00, 8.3, None, 1.0, None
None, 274.0, None, None, None, 2015-06-14 04:00:00, 6.5, None, 1.0, None
None, 274.0, None, None, None, 2015-06-14 05:00:00, 5.9, None, 1.0, None
None, 274.0, None, None, None, 2015-06-14 06:00:00, 4.4, None, 1.0, None
None, 274.0, None, None, None, 2015-06-14 07:00:00, 4.0, None, 1.0, None
None, 274.0, None, None, None, 2015-06-14 08:00:00, 4.6, None, 1.0, None
None, 274.0, None, None, None, 2015-06-14 09:00:00, 4.1, None, 1.0, None
None, 274.0, None, None, None, 2015-06-14 10:00:00, 4.4, None, 1.0, None
None, 274.0, None, None, None, 2015-06-14 11:00:00, 4.2, None, 1.0, None
None, 274.0, None, None, None, 2015-06-14 12:00:00, 3.8, None, 1.0, None
None, 274.0, None, None, None, 2015-06-14 13:00:00, 4.8, None, 1.0, None
None, 274.0, None, None, None, 2015-06-14 14:00:00, 6.7, None, 1.0, None
None, 274.0, None, None, None, 2015-06-14 15:00:00, 7.5, None, 1.0, None
None, 274.0, None, None, None, 2015-06-14 16:00:00, 7.7, None, 1.0, None
None, 274.0, None, None, None, 2015-06-14 17:00:00, 8.6, None, 1.0, None
None, 274.0, None, None, None, 2015-06-14 18:00:00, 9.8, None, 1.0, None
None, 274.0, None, None, None, 2015-06-14 19:00:00, 11.8, None, 1.0, None
None, 274.0, None, None, None, 2015-06-14 20:00:00, 11.7, None, 1.0, None
None, 274.0, None, None, None, 2015-06-14 21:00:00, 10.1, None, 1.0, None
None, 274.0, None, None, None, 2015-06-14 22:00:00, 13.9, None, 1.0, None
None, 274.0, None, None, None, 2015-06-14 23:00:00, 13.9, None, 1.0, None
None, 274.0, None, None, None, 2015-06-15 00:00:00, 14.1, None, 1.0, None
None, 274.0, None, None, None, 2015-06-15 01:00:00, 10.6, None, 1.0, None
None, 274.0, None, None, None, 2015-06-15 02:00:00, 11.3, None, 1.0, None
None, 274.0, None, None, None, 2015-06-15 03:00:00, 10.3, None, 1.0, None
None, 274.0, None, None, None, 2015-06-15 04:00:00, 8.5, None, 1.0, None
None, 274.0, None, None, None, 2015-06-15 05:00:00, 7.4, None, 1.0, None
None, 274.0, None, None, None, 2015-06-15 06:00:00, 6.0, None, 1.0, None
None, 274.0, None, None, None, 2015-06-15 07:00:00, 5.6, None, 1.0, None
None, 274.0, None, None, None, 2015-06-15 08:00:00, 4.6, None, 1.0, None
None, 274.0, None, None, None, 2015-06-15 09:00:00, 3.0, None, 1.0, None
None, 274.0, None, None, None, 2015-06-15 10:00:00, 2.5, None, 1.0, None
None, 274.0, None, None, None, 2015-06-15 11:00:00, 2.0, None, 1.0, None
None, 274.0, None, None, None, 2015-06-15 12:00:00, 3.6, None, 1.0, None
None, 274.0, None, None, None, 2015-06-15 13:00:00, 7.3, None, 1.0, None
None, 274.0, None, None, None, 2015-06-15 14:00:00, 9.5, None, 1.0, None
None, 274.0, None, None, None, 2015-06-15 15:00:00, 10.4, None, 1.0, None
None, 274.0, None, None, None, 2015-06-15 16:00:00, 11.9, None, 1.0, None
None, 274.0, None, None, None, 2015-06-15 17:00:00, 12.4, None, 1.0, None
None, 274.0, None, None, None, 2015-06-15 18:00:00, 9.8, None, 1.0, None
None, 274.0, None, None, None, 2015-06-15 19:00:00, 12.5, None, 1.0, None
None, 274.0, None, None, None, 2015-06-15 20:00:00, 16.2, None, 1.0, None
None, 274.0, None, None, None, 2015-06-15 21:00:00, 16.9, None, 1.0, None
None, 273.0, None, None, None, 2015-06-15 22:00:00, 15.2, None, 1.0, None
None, 274.0, None, None, None, 2015-06-15 23:00:00, 12.4, None, 1.0, None
None, 274.0, None, None, None, 2015-06-16 00:00:00, 13.3, None, 1.0, None
None, 274.0, None, None, None, 2015-06-16 01:00:00, 12.7, None, 1.0, None
None, 274.0, None, None, None, 2015-06-16 02:00:00, 12.3, None, 1.0, None
None, 274.0, None, None, None, 2015-06-16 03:00:00, 8.9, None, 1.0, None
None, 274.0, None, None, None, 2015-06-16 04:00:00, 8.4, None, 1.0, None
None, 274.0, None, None, None, 2015-06-16 05:00:00, 7.6, None, 1.0, None
None, 274.0, None, None, None, 2015-06-16 06:00:00, 7.2, None, 1.0, None
None, 274.0, None, None, None, 2015-06-16 07:00:00, 5.0, None, 1.0, None
None, 274.0, None, None, None, 2015-06-16 08:00:00, 4.8, None, 1.0, None
None, 274.0, None, None, None, 2015-06-16 09:00:00, 4.7, None, 1.0, None
None, 274.0, None, None, None, 2015-06-16 10:00:00, 4.5, None, 1.0, None
None, 274.0, None, None, None, 2015-06-16 11:00:00, 4.1, None, 1.0, None
None, 274.0, None, None, None, 2015-06-16 12:00:00, 4.1, None, 1.0, None
None, 274.0, None, None, None, 2015-06-16 13:00:00, 4.1, None, 1.0, None
None, 274.0, None, None, None, 2015-06-16 14:00:00, 4.0, None, 1.0, None
None, 274.0, None, None, None, 2015-06-16 15:00:00, 3.7, None, 1.0, None
None, 275.0, None, None, None, 2015-06-16 16:00:00, 4.1, None, 1.0, None
None, 275.0, None, None, None, 2015-06-16 17:00:00, 5.8, None, 1.0, None
None, 275.0, None, None, None, 2015-06-16 18:00:00, 8.7, None, 1.0, None
None, 275.0, None, None, None, 2015-06-16 19:00:00, 7.7, None, 1.0, None
None, 275.0, None, None, None, 2015-06-16 20:00:00, 8.9, None, 1.0, None
None, 275.0, None, None, None, 2015-06-16 21:00:00, 10.8, None, 1.0, None
None, 275.0, None, None, None, 2015-06-16 22:00:00, 11.1, None, 1.0, None
None, 275.0, None, None, None, 2015-06-16 23:00:00, 10.1, None, 1.0, None
None, 275.0, None, None, None, 2015-06-17 00:00:00, 7.6, None, 1.0, None
None, 275.0, None, None, None, 2015-06-17 01:00:00, 9.2, None, 1.0, None
None, 275.0, None, None, None, 2015-06-17 02:00:00, 7.0, None, 1.0, None
None, 275.0, None, None, None, 2015-06-17 03:00:00, 6.5, None, 1.0, None
None, 275.0, None, None, None, 2015-06-17 04:00:00, 5.5, None, 1.0, None
None, 275.0, None, None, None, 2015-06-17 05:00:00, 3.5, None, 1.0, None
None, 274.0, None, None, None, 2015-06-17 06:00:00, 2.9, None, 1.0, None
None, 274.0, None, None, None, 2015-06-17 07:00:00, 3.1, None, 1.0, None
None, 274.0, None, None, None, 2015-06-17 08:00:00, 1.8, None, 1.0, None
None, 274.0, None, None, None, 2015-06-17 09:00:00, 3.2, None, 1.0, None
None, 274.0, None, None, None, 2015-06-17 10:00:00, 3.1, None, 1.0, None
None, 274.0, None, None, None, 2015-06-17 11:00:00, 2.6, None, 1.0, None
None, 274.0, None, None, None, 2015-06-17 12:00:00, 2.3, None, 1.0, None
None, 274.0, None, None, None, 2015-06-17 13:00:00, 3.9, None, 1.0, None
None, 274.0, None, None, None, 2015-06-17 14:00:00, 5.9, None, 1.0, None
None, 274.0, None, None, None, 2015-06-17 15:00:00, 7.0, None, 1.0, None
None, 274.0, None, None, None, 2015-06-17 16:00:00, 6.7, None, 1.0, None
None, 274.0, None, None, None, 2015-06-17 17:00:00, 6.9, None, 1.0, None
None, 275.0, None, None, None, 2015-06-17 18:00:00, 10.1, None, 1.0, None
None, 275.0, None, None, None, 2015-06-17 19:00:00, 9.8, None, 1.0, None
None, 275.0, None, None, None, 2015-06-17 20:00:00, 9.6, None, 1.0, None
None, 275.0, None, None, None, 2015-06-17 21:00:00, 14.1, None, 1.0, None
None, 275.0, None, None, None, 2015-06-17 22:00:00, 13.5, None, 1.0, None
None, 275.0, None, None, None, 2015-06-17 23:00:00, 10.0, None, 1.0, None
None, 275.0, None, None, None, 2015-06-18 00:00:00, 10.3, None, 1.0, None
None, 275.0, None, None, None, 2015-06-18 01:00:00, 10.6, None, 1.0, None
None, 275.0, None, None, None, 2015-06-18 02:00:00, 10.9, None, 1.0, None
None, 275.0, None, None, None, 2015-06-18 03:00:00, 9.6, None, 1.0, None
None, 275.0, None, None, None, 2015-06-18 04:00:00, 7.9, None, 1.0, None
None, 275.0, None, None, None, 2015-06-18 05:00:00, 7.1, None, 1.0, None
None, 275.0, None, None, None, 2015-06-18 06:00:00, 6.0, None, 1.0, None
None, 275.0, None, None, None, 2015-06-18 07:00:00, 5.4, None, 1.0, None
None, 275.0, None, None, None, 2015-06-18 08:00:00, 5.1, None, 1.0, None
None, 275.0, None, None, None, 2015-06-18 09:00:00, 3.4, None, 1.0, None
None, 275.0, None, None, None, 2015-06-18 10:00:00, 4.6, None, 1.0, None
None, 275.0, None, None, None, 2015-06-18 11:00:00, 4.5, None, 1.0, None
None, 275.0, None, None, None, 2015-06-18 12:00:00, 4.8, None, 1.0, None
None, 275.0, None, None, None, 2015-06-18 13:00:00, 5.5, None, 1.0, None
None, 275.0, None, None, None, 2015-06-18 14:00:00, 7.4, None, 1.0, None
None, 275.0, None, None, None, 2015-06-18 15:00:00, 8.4, None, 1.0, None
None, 275.0, None, None, None, 2015-06-18 16:00:00, 9.2, None, 1.0, None
None, 275.0, None, None, None, 2015-06-18 17:00:00, 11.4, None, 1.0, None
None, 275.0, None, None, None, 2015-06-18 18:00:00, 10.5, None, 1.0, None
None, 275.0, None, None, None, 2015-06-18 19:00:00, 10.5, None, 1.0, None
None, 275.0, None, None, None, 2015-06-18 20:00:00, 11.5, None, 1.0, None
None, 275.0, None, None, None, 2015-06-18 21:00:00, 9.3, None, 1.0, None
None, 275.0, None, None, None, 2015-06-18 22:00:00, 11.0, None, 1.0, None
None, 276.0, None, None, None, 2015-06-18 23:00:00, 7.8, None, 1.0, None
None, 276.0, None, None, None, 2015-06-19 00:00:00, 8.9, None, 1.0, None
None, 276.0, None, None, None, 2015-06-19 01:00:00, 8.4, None, 1.0, None
None, 276.0, None, None, None, 2015-06-19 02:00:00, 7.9, None, 1.0, None
None, 276.0, None, None, None, 2015-06-19 03:00:00, 6.9, None, 1.0, None
None, 276.0, None, None, None, 2015-06-19 04:00:00, 6.3, None, 1.0, None
None, 276.0, None, None, None, 2015-06-19 05:00:00, 5.6, None, 1.0, None
None, 276.0, None, None, None, 2015-06-19 06:00:00, 5.5, None, 1.0, None
None, 276.0, None, None, None, 2015-06-19 07:00:00, 4.5, None, 1.0, None
None, 276.0, None, None, None, 2015-06-19 08:00:00, 3.4, None, 1.0, None
None, 276.0, None, None, None, 2015-06-19 09:00:00, 3.0, None, 1.0, None
None, 276.0, None, None, None, 2015-06-19 10:00:00, 3.5, None, 1.0, None
None, 276.0, None, None, None, 2015-06-19 11:00:00, 4.1, None, 1.0, None
None, 276.0, None, None, None, 2015-06-19 12:00:00, 4.7, None, 1.0, None
None, 276.0, None, None, None, 2015-06-19 13:00:00, 5.1, None, 1.0, None
None, 276.0, None, None, None, 2015-06-19 14:00:00, 6.7, None, 1.0, None
None, 276.0, None, None, None, 2015-06-19 15:00:00, 7.5, None, 1.0, None
None, 276.0, None, None, None, 2015-06-19 16:00:00, 10.6, None, 1.0, None
None, 276.0, None, None, None, 2015-06-19 17:00:00, 10.5, None, 1.0, None
None, 276.0, None, None, None, 2015-06-19 18:00:00, 9.7, None, 1.0, None
None, 276.0, None, None, None, 2015-06-19 19:00:00, 9.2, None, 1.0, None
None, 276.0, None, None, None, 2015-06-19 20:00:00, 10.7, None, 1.0, None
None, 276.0, None, None, None, 2015-06-19 21:00:00, 9.9, None, 1.0, None
None, 276.0, None, None, None, 2015-06-19 22:00:00, 10.9, None, 1.0, None
None, 276.0, None, None, None, 2015-06-19 23:00:00, 11.4, None, 1.0, None
None, 276.0, None, None, None, 2015-06-20 00:00:00, 10.7, None, 1.0, None
None, 276.0, None, None, None, 2015-06-20 01:00:00, 11.3, None, 1.0, None
None, 276.0, None, None, None, 2015-06-20 02:00:00, 11.4, None, 1.0, None
None, 276.0, None, None, None, 2015-06-20 03:00:00, 10.0, None, 1.0, None
None, 276.0, None, None, None, 2015-06-20 04:00:00, 8.1, None, 1.0, None
None, 276.0, None, None, None, 2015-06-20 05:00:00, 6.6, None, 1.0, None
None, 276.0, None, None, None, 2015-06-20 06:00:00, 6.1, None, 1.0, None
None, 276.0, None, None, None, 2015-06-20 07:00:00, 5.9, None, 1.0, None
None, 276.0, None, None, None, 2015-06-20 08:00:00, 4.8, None, 1.0, None
None, 276.0, None, None, None, 2015-06-20 09:00:00, 4.1, None, 1.0, None
None, 276.0, None, None, None, 2015-06-20 10:00:00, 3.8, None, 1.0, None
None, 276.0, None, None, None, 2015-06-20 11:00:00, 4.1, None, 1.0, None
None, 276.0, None, None, None, 2015-06-20 12:00:00, 3.9, None, 1.0, None
None, 276.0, None, None, None, 2015-06-20 13:00:00, 6.5, None, 1.0, None
None, 276.0, None, None, None, 2015-06-20 14:00:00, 9.0, None, 1.0, None
None, 276.0, None, None, None, 2015-06-20 15:00:00, 11.7, None, 1.0, None
None, 275.0, None, None, None, 2015-06-20 16:00:00, 12.3, None, 1.0, None
None, 276.0, None, None, None, 2015-06-20 17:00:00, 12.8, None, 1.0, None
None, 275.0, None, None, None, 2015-06-20 18:00:00, 11.9, None, 1.0, None
None, 276.0, None, None, None, 2015-06-20 19:00:00, 12.0, None, 1.0, None
None, 276.0, None, None, None, 2015-06-20 20:00:00, 11.8, None, 1.0, None
None, 276.0, None, None, None, 2015-06-20 21:00:00, 15.8, None, 1.0, None
None, 276.0, None, None, None, 2015-06-20 22:00:00, 14.6, None, 1.0, None
None, 276.0, None, None, None, 2015-06-20 23:00:00, 14.6, None, 1.0, None
None, 276.0, None, None, None, 2015-06-21 00:00:00, 14.9, None, 1.0, None
None, 276.0, None, None, None, 2015-06-21 01:00:00, 14.8, None, 1.0, None
None, 276.0, None, None, None, 2015-06-21 02:00:00, 11.2, None, 1.0, None
None, 276.0, None, None, None, 2015-06-21 03:00:00, 9.8, None, 1.0, None
None, 276.0, None, None, None, 2015-06-21 04:00:00, 8.4, None, 1.0, None
None, 276.0, None, None, None, 2015-06-21 05:00:00, 6.8, None, 1.0, None
None, 276.0, None, None, None, 2015-06-21 06:00:00, 7.1, None, 1.0, None
None, 276.0, None, None, None, 2015-06-21 07:00:00, 6.8, None, 1.0, None
None, 276.0, None, None, None, 2015-06-21 08:00:00, 5.4, None, 1.0, None
None, 276.0, None, None, None, 2015-06-21 09:00:00, 5.3, None, 1.0, None
None, 276.0, None, None, None, 2015-06-21 10:00:00, 4.5, None, 1.0, None
None, 276.0, None, None, None, 2015-06-21 11:00:00, 4.5, None, 1.0, None
None, 276.0, None, None, None, 2015-06-21 12:00:00, 4.3, None, 1.0, None
None, 276.0, None, None, None, 2015-06-21 13:00:00, 6.7, None, 1.0, None
None, 276.0, None, None, None, 2015-06-21 14:00:00, 9.0, None, 1.0, None
None, 276.0, None, None, None, 2015-06-21 15:00:00, 11.2, None, 1.0, None
None, 276.0, None, 3.0, None, 2015-06-21 16:00:00, 12.0, None, 1.0, None
None, 276.0, None, None, None, 2015-06-21 17:00:00, 12.0, None, 1.0, None
None, 276.0, None, None, None, 2015-06-21 18:00:00, 11.2, None, 1.0, None
None, 276.0, None, None, None, 2015-06-21 19:00:00, 14.0, None, 1.0, None
None, 276.0, None, None, None, 2015-06-21 20:00:00, 12.1, None, 1.0, None
None, 276.0, None, None, None, 2015-06-21 21:00:00, 8.7, None, 1.0, None
None, 276.0, None, None, None, 2015-06-21 22:00:00, 11.7, None, 1.0, None
None, 276.0, None, None, None, 2015-06-21 23:00:00, 10.7, None, 1.0, None
None, 276.0, None, None, None, 2015-06-22 00:00:00, 14.1, None, 1.0, None
None, 276.0, None, None, None, 2015-06-22 01:00:00, 13.9, None, 1.0, None
None, 276.0, None, None, None, 2015-06-22 02:00:00, 12.7, None, 1.0, None
None, 276.0, None, None, None, 2015-06-22 03:00:00, 10.5, None, 1.0, None
None, 276.0, None, None, None, 2015-06-22 04:00:00, 8.6, None, 1.0, None
None, 276.0, None, None, None, 2015-06-22 05:00:00, 7.3, None, 1.0, None
None, 276.0, None, None, None, 2015-06-22 06:00:00, 7.2, None, 1.0, None
None, 276.0, None, None, None, 2015-06-22 07:00:00, 7.2, None, 1.0, None
None, 276.0, None, None, None, 2015-06-22 08:00:00, 6.5, None, 1.0, None
None, 276.0, None, None, None, 2015-06-22 09:00:00, 6.7, None, 1.0, None
None, 276.0, None, None, None, 2015-06-22 10:00:00, 6.5, None, 1.0, None
None, 276.0, None, None, None, 2015-06-22 11:00:00, 5.9, None, 1.0, None
None, 277.0, None, None, None, 2015-06-22 12:00:00, 5.6, None, 1.0, None
None, 277.0, None, None, None, 2015-06-22 13:00:00, 5.5, None, 1.0, None
None, 277.0, None, None, None, 2015-06-22 14:00:00, 8.0, None, 1.0, None
None, 277.0, None, None, None, 2015-06-22 15:00:00, 8.0, None, 1.0, None
None, 277.0, None, None, None, 2015-06-22 16:00:00, 7.7, None, 1.0, None
None, 277.0, None, None, None, 2015-06-22 17:00:00, 11.9, None, 1.0, None
None, 277.0, None, None, None, 2015-06-22 18:00:00, 10.1, None, 1.0, None
None, 277.0, None, None, None, 2015-06-22 19:00:00, 11.6, None, 1.0, None
None, 277.0, None, None, None, 2015-06-22 20:00:00, 14.0, None, 1.0, None
None, 276.0, None, None, None, 2015-06-22 21:00:00, 15.8, None, 1.0, None
None, 278.0, None, None, None, 2015-06-22 22:00:00, 15.3, None, 1.0, None
None, 279.0, None, None, None, 2015-06-22 23:00:00, 14.0, None, 1.0, None
None, 279.0, None, None, None, 2015-06-23 00:00:00, 13.7, None, 1.0, None
None, 278.0, None, None, None, 2015-06-23 01:00:00, 14.3, None, 1.0, None
None, 279.0, None, None, None, 2015-06-23 02:00:00, 13.4, None, 1.0, None
None, 279.0, None, None, None, 2015-06-23 03:00:00, 11.1, None, 1.0, None
None, 279.0, None, None, None, 2015-06-23 04:00:00, 10.1, None, 1.0, None
None, 279.0, None, None, None, 2015-06-23 05:00:00, 9.1, None, 1.0, None
None, 280.0, None, None, None, 2015-06-23 06:00:00, 6.6, None, 1.0, None
None, 280.0, None, None, None, 2015-06-23 07:00:00, 6.5, None, 1.0, None
None, 280.0, None, None, None, 2015-06-23 08:00:00, 4.8, None, 1.0, None
None, 280.0, None, None, None, 2015-06-23 09:00:00, 5.4, None, 1.0, None
None, 280.0, None, None, None, 2015-06-23 10:00:00, 4.7, None, 1.0, None
None, 280.0, None, None, None, 2015-06-23 11:00:00, 4.3, None, 1.0, None
None, 280.0, None, None, None, 2015-06-23 12:00:00, 4.8, None, 1.0, None
None, 280.0, None, None, None, 2015-06-23 13:00:00, 7.5, None, 1.0, None
None, 280.0, None, None, None, 2015-06-23 14:00:00, 9.5, None, 1.0, None
None, 280.0, None, None, None, 2015-06-23 15:00:00, 11.6, None, 1.0, None
None, 280.0, None, None, None, 2015-06-23 16:00:00, 13.1, None, 1.0, None
None, 280.0, None, None, None, 2015-06-23 17:00:00, 13.5, None, 1.0, None
None, 280.0, None, None, None, 2015-06-23 18:00:00, 15.6, None, 1.0, None
None, 280.0, None, None, None, 2015-06-23 19:00:00, 17.4, None, 1.0, None
None, 280.0, None, None, None, 2015-06-23 20:00:00, 17.8, None, 1.0, None
None, 280.0, None, None, None, 2015-06-23 21:00:00, 9.8, None, 1.0, None
None, 281.0, None, None, None, 2015-06-23 22:00:00, 13.1, None, 1.0, None
None, 281.0, None, None, None, 2015-06-23 23:00:00, 15.8, None, 1.0, None
None, 281.0, None, None, None, 2015-06-24 00:00:00, 11.0, None, 1.0, None
None, 281.0, None, None, None, 2015-06-24 01:00:00, 14.2, None, 1.0, None
None, 281.0, None, None, None, 2015-06-24 02:00:00, 13.3, None, 1.0, None
None, 281.0, None, None, None, 2015-06-24 03:00:00, 12.0, None, 1.0, None
None, 281.0, None, None, None, 2015-06-24 04:00:00, 9.4, None, 1.0, None
None, 281.0, None, None, None, 2015-06-24 05:00:00, 9.3, None, 1.0, None
None, 281.0, None, None, None, 2015-06-24 06:00:00, 8.1, None, 1.0, None
None, 281.0, None, None, None, 2015-06-24 07:00:00, 7.8, None, 1.0, None
None, 281.0, None, None, None, 2015-06-24 08:00:00, 7.5, None, 1.0, None
None, 281.0, None, None, None, 2015-06-24 09:00:00, 8.2, None, 1.0, None
None, 280.0, None, None, None, 2015-06-24 10:00:00, 7.3, None, 1.0, None
None, 280.0, None, None, None, 2015-06-24 11:00:00, 6.8, None, 1.0, None
None, 279.0, None, None, None, 2015-06-24 12:00:00, 7.3, None, 1.0, None
None, 279.0, None, None, None, 2015-06-24 13:00:00, 10.6, None, 1.0, None
None, 280.0, None, None, None, 2015-06-24 14:00:00, 11.1, None, 1.0, None
None, 280.0, None, None, None, 2015-06-24 15:00:00, 14.7, None, 1.0, None
None, 280.0, None, None, None, 2015-06-24 16:00:00, 14.4, None, 1.0, None
None, 281.0, None, None, None, 2015-06-24 17:00:00, 13.9, None, 1.0, None
None, 281.0, None, None, None, 2015-06-24 18:00:00, 16.7, None, 1.0, None
None, 281.0, None, None, None, 2015-06-24 19:00:00, 18.7, None, 1.0, None
None, 281.0, None, None, None, 2015-06-24 20:00:00, 19.4, None, 1.0, None
None, 281.0, None, None, None, 2015-06-24 21:00:00, 19.0, None, 1.0, None
None, 281.0, None, None, None, 2015-06-24 22:00:00, 20.9, None, 1.0, None
None, 280.0, None, None, None, 2015-06-24 23:00:00, 18.8, None, 1.0, None
None, 281.0, None, None, None, 2015-06-25 00:00:00, 18.8, None, 1.0, None
None, 281.0, None, None, None, 2015-06-25 01:00:00, 18.0, None, 1.0, None
None, 281.0, None, None, None, 2015-06-25 02:00:00, 15.2, None, 1.0, None
None, 281.0, None, None, None, 2015-06-25 03:00:00, 13.9, None, 1.0, None
None, 281.0, None, None, None, 2015-06-25 04:00:00, 12.6, None, 1.0, None
None, 281.0, None, None, None, 2015-06-25 05:00:00, 10.8, None, 1.0, None
None, 281.0, None, None, None, 2015-06-25 06:00:00, 11.4, None, 1.0, None
None, 281.0, None, None, None, 2015-06-25 07:00:00, 11.4, None, 1.0, None
None, 281.0, None, None, None, 2015-06-25 08:00:00, 11.2, None, 1.0, None
None, 281.0, None, None, None, 2015-06-25 09:00:00, 9.6, None, 1.0, None
None, 281.0, None, None, None, 2015-06-25 10:00:00, 8.9, None, 1.0, None
None, 281.0, None, None, None, 2015-06-25 11:00:00, 9.8, None, 1.0, None
None, 281.0, None, None, None, 2015-06-25 12:00:00, 9.5, None, 1.0, None
None, 281.0, None, None, None, 2015-06-25 13:00:00, 10.2, None, 1.0, None
None, 281.0, None, None, None, 2015-06-25 14:00:00, 10.7, None, 1.0, None
None, 281.0, None, None, None, 2015-06-25 15:00:00, 13.6, None, 1.0, None
None, 281.0, None, None, None, 2015-06-25 16:00:00, 13.1, None, 1.0, None
None, 281.0, None, None, None, 2015-06-25 17:00:00, 13.7, None, 1.0, None
None, 281.0, None, None, None, 2015-06-25 18:00:00, 14.2, None, 1.0, None
None, 281.0, None, None, None, 2015-06-25 19:00:00, 15.6, None, 1.0, None
None, 281.0, None, None, None, 2015-06-25 20:00:00, 16.9, None, 1.0, None
None, 281.0, None, None, None, 2015-06-25 21:00:00, 14.0, None, 1.0, None
None, 281.0, None, None, None, 2015-06-25 22:00:00, 13.9, None, 1.0, None
None, 281.0, None, None, None, 2015-06-25 23:00:00, 15.6, None, 1.0, None
None, 285.0, None, None, None, 2015-06-26 00:00:00, 8.1, None, 1.0, None
None, 286.0, None, None, None, 2015-06-26 01:00:00, 9.6, None, 1.0, None
None, 286.0, None, None, None, 2015-06-26 02:00:00, 9.2, None, 1.0, None
None, 286.0, None, None, None, 2015-06-26 03:00:00, 9.1, None, 1.0, None
None, 286.0, None, None, None, 2015-06-26 04:00:00, 9.0, None, 1.0, None
None, 286.0, None, None, None, 2015-06-26 05:00:00, 7.3, None, 1.0, None
None, 286.0, None, None, None, 2015-06-26 06:00:00, 7.9, None, 1.0, None
None, 286.0, None, None, None, 2015-06-26 07:00:00, 7.8, None, 1.0, None
None, 286.0, None, None, None, 2015-06-26 08:00:00, 7.0, None, 1.0, None
None, 286.0, None, None, None, 2015-06-26 09:00:00, 6.8, None, 1.0, None
None, 286.0, None, None, None, 2015-06-26 10:00:00, 6.5, None, 1.0, None
None, 286.0, None, None, None, 2015-06-26 11:00:00, 6.4, None, 1.0, None
None, 286.0, None, None, None, 2015-06-26 12:00:00, 6.6, None, 1.0, None
None, 286.0, None, None, None, 2015-06-26 13:00:00, 7.3, None, 1.0, None
None, 286.0, None, None, None, 2015-06-26 14:00:00, 7.4, None, 1.0, None
None, 286.0, None, None, None, 2015-06-26 15:00:00, 9.2, None, 1.0, None
None, 286.0, None, None, None, 2015-06-26 16:00:00, 12.2, None, 1.0, None
None, 286.0, None, None, None, 2015-06-26 17:00:00, 11.4, None, 1.0, None
None, 286.0, None, None, None, 2015-06-26 18:00:00, 12.6, None, 1.0, None
None, 286.0, None, None, None, 2015-06-26 19:00:00, 14.4, None, 1.0, None
None, 286.0, None, None, None, 2015-06-26 20:00:00, 14.3, None, 1.0, None
None, 286.0, None, None, None, 2015-06-26 21:00:00, 14.0, None, 1.0, None
None, 286.0, None, None, None, 2015-06-26 22:00:00, 16.4, None, 1.0, None
None, 286.0, None, None, None, 2015-06-26 23:00:00, 16.1, None, 1.0, None
None, 286.0, None, None, None, 2015-06-27 00:00:00, 15.5, None, 1.0, None
None, 286.0, None, None, None, 2015-06-27 01:00:00, 15.4, None, 1.0, None
None, 286.0, None, None, None, 2015-06-27 02:00:00, 14.7, None, 1.0, None
None, 286.0, None, None, None, 2015-06-27 03:00:00, 13.2, None, 1.0, None
None, 286.0, None, None, None, 2015-06-27 04:00:00, 11.1, None, 1.0, None
None, 286.0, None, None, None, 2015-06-27 05:00:00, 8.5, None, 1.0, None
None, 286.0, None, None, None, 2015-06-27 06:00:00, 7.2, None, 1.0, None
None, 286.0, None, None, None, 2015-06-27 07:00:00, 7.3, None, 1.0, None
None, 286.0, None, None, None, 2015-06-27 08:00:00, 7.1, None, 1.0, None
None, 286.0, None, None, None, 2015-06-27 09:00:00, 6.6, None, 1.0, None
None, 286.0, None, None, None, 2015-06-27 10:00:00, 5.2, None, 1.0, None
None, 286.0, None, None, None, 2015-06-27 11:00:00, 5.8, None, 1.0, None
None, 286.0, None, None, None, 2015-06-27 12:00:00, 5.0, None, 1.0, None
None, 286.0, None, None, None, 2015-06-27 13:00:00, 7.9, None, 1.0, None
None, 286.0, None, None, None, 2015-06-27 14:00:00, 10.3, None, 1.0, None
None, 286.0, None, None, None, 2015-06-27 15:00:00, 10.7, None, 1.0, None
None, 286.0, None, None, None, 2015-06-27 16:00:00, 13.0, None, 1.0, None
None, 286.0, None, None, None, 2015-06-27 17:00:00, 11.7, None, 1.0, None
None, 286.0, None, None, None, 2015-06-27 18:00:00, 12.4, None, 1.0, None
None, 286.0, None, None, None, 2015-06-27 19:00:00, 16.1, None, 1.0, None
None, 286.0, None, None, None, 2015-06-27 20:00:00, 16.1, None, 1.0, None
None, 286.0, None, None, None, 2015-06-27 21:00:00, 13.2, None, 1.0, None
None, 286.0, None, None, None, 2015-06-27 22:00:00, 12.5, None, 1.0, None
None, 286.0, None, None, None, 2015-06-27 23:00:00, 12.2, None, 1.0, None
None, 286.0, None, None, None, 2015-06-28 00:00:00, 14.4, None, 1.0, None
None, 286.0, None, None, None, 2015-06-28 01:00:00, 13.2, None, 1.0, None
None, 286.0, None, None, None, 2015-06-28 02:00:00, 14.1, None, 1.0, None
None, 286.0, None, None, None, 2015-06-28 03:00:00, 12.9, None, 1.0, None
None, 286.0, None, None, None, 2015-06-28 04:00:00, 11.2, None, 1.0, None
None, 286.0, None, None, None, 2015-06-28 05:00:00, 10.0, None, 1.0, None
None, 286.0, None, None, None, 2015-06-28 06:00:00, 9.7, None, 1.0, None
None, 286.0, None, None, None, 2015-06-28 07:00:00, 9.4, None, 1.0, None
None, 286.0, None, None, None, 2015-06-28 08:00:00, 7.9, None, 1.0, None
None, 286.0, None, None, None, 2015-06-28 09:00:00, 7.0, None, 1.0, None
None, 286.0, None, None, None, 2015-06-28 10:00:00, 6.2, None, 1.0, None
None, 286.0, None, None, None, 2015-06-28 11:00:00, 7.2, None, 1.0, None
None, 286.0, None, None, None, 2015-06-28 12:00:00, 6.2, None, 1.0, None
None, 286.0, None, None, None, 2015-06-28 13:00:00, 9.3, None, 1.0, None
None, 286.0, None, None, None, 2015-06-28 14:00:00, 12.3, None, 1.0, None
None, 286.0, None, None, None, 2015-06-28 15:00:00, 13.0, None, 1.0, None
None, 286.0, None, 0.0, None, 2015-06-28 16:00:00, 14.2, None, 1.0, None
None, 286.0, None, None, None, 2015-06-28 17:00:00, 15.5, None, 1.0, None
None, 286.0, None, None, None, 2015-06-28 18:00:00, 16.7, None, 1.0, None
None, 286.0, None, None, None, 2015-06-28 19:00:00, 17.9, None, 1.0, None
None, 286.0, None, None, None, 2015-06-28 20:00:00, 17.2, None, 1.0, None
None, 286.0, None, None, None, 2015-06-28 21:00:00, 19.3, None, 1.0, None
None, 286.0, None, None, None, 2015-06-28 22:00:00, 18.4, None, 1.0, None
None, 286.0, None, None, None, 2015-06-28 23:00:00, 18.2, None, 1.0, None
None, 286.0, None, None, None, 2015-06-29 00:00:00, 17.8, None, 1.0, None
None, 285.0, None, None, None, 2015-06-29 01:00:00, 17.9, None, 1.0, None
None, 286.0, None, None, None, 2015-06-29 02:00:00, 18.3, None, 1.0, None
None, 286.0, None, None, None, 2015-06-29 03:00:00, 16.8, None, 1.0, None
None, 286.0, None, None, None, 2015-06-29 04:00:00, 14.4, None, 1.0, None
None, 286.0, None, None, None, 2015-06-29 05:00:00, 14.4, None, 1.0, None
None, 286.0, None, None, None, 2015-06-29 06:00:00, 13.5, None, 1.0, None
None, 286.0, None, None, None, 2015-06-29 07:00:00, 13.1, None, 1.0, None
None, 286.0, None, None, None, 2015-06-29 08:00:00, 11.6, None, 1.0, None
None, 286.0, None, None, None, 2015-06-29 09:00:00, 11.6, None, 1.0, None
None, 286.0, None, None, None, 2015-06-29 10:00:00, 10.5, None, 1.0, None
None, 286.0, None, None, None, 2015-06-29 11:00:00, 10.4, None, 1.0, None
None, 286.0, None, None, None, 2015-06-29 12:00:00, 11.1, None, 1.0, None
None, 286.0, None, None, None, 2015-06-29 13:00:00, 13.6, None, 1.0, None
None, 286.0, None, None, None, 2015-06-29 14:00:00, 16.1, None, 1.0, None
None, 286.0, None, None, None, 2015-06-29 15:00:00, 18.0, None, 1.0, None
None, 286.0, None, 0.0, None, 2015-06-29 16:00:00, 20.1, None, 1.0, None
None, 286.0, None, None, None, 2015-06-29 17:00:00, 19.1, None, 1.0, None
None, 286.0, None, None, None, 2015-06-29 18:00:00, 20.6, None, 1.0, None
None, 286.0, None, None, None, 2015-06-29 19:00:00, 19.2, None, 1.0, None
None, 286.0, None, None, None, 2015-06-29 20:00:00, 16.9, None, 1.0, None
None, 286.0, None, None, None, 2015-06-29 21:00:00, 18.0, None, 1.0, None
None, 285.0, None, None, None, 2015-06-29 22:00:00, 17.9, None, 1.0, None
None, 286.0, None, None, None, 2015-06-29 23:00:00, 18.4, None, 1.0, None
None, 285.0, None, None, None, 2015-06-30 00:00:00, 18.9, None, 1.0, None
None, 286.0, None, None, None, 2015-06-30 01:00:00, 15.9, None, 1.0, None
None, 286.0, None, None, None, 2015-06-30 02:00:00, 14.1, None, 1.0, None
None, 286.0, None, None, None, 2015-06-30 03:00:00, 14.0, None, 1.0, None
None, 286.0, None, None, None, 2015-06-30 04:00:00, 12.0, None, 1.0, None
None, 286.0, None, None, None, 2015-06-30 05:00:00, 10.6, None, 1.0, None
None, 286.0, None, None, None, 2015-06-30 06:00:00, 10.6, None, 1.0, None
None, 286.0, None, None, None, 2015-06-30 07:00:00, 9.7, None, 1.0, None
None, 286.0, None, None, None, 2015-06-30 08:00:00, 10.0, None, 1.0, None
None, 286.0, None, None, None, 2015-06-30 09:00:00, 8.5, None, 1.0, None
None, 286.0, None, None, None, 2015-06-30 10:00:00, 8.2, None, 1.0, None
None, 286.0, None, None, None, 2015-06-30 11:00:00, 7.1, None, 1.0, None
None, 286.0, None, None, None, 2015-06-30 12:00:00, 8.2, None, 1.0, None
None, 286.0, None, None, None, 2015-06-30 13:00:00, 8.9, None, 1.0, None
None, 286.0, None, None, None, 2015-06-30 14:00:00, 10.2, None, 1.0, None
None, 286.0, None, None, None, 2015-06-30 15:00:00, 12.4, None, 1.0, None
None, 286.0, None, 3.0, None, 2015-06-30 16:00:00, 12.1, None, 1.0, None
None, 286.0, None, None, None, 2015-06-30 17:00:00, 14.8, None, 1.0, None
None, 286.0, None, None, None, 2015-06-30 18:00:00, 15.3, None, 1.0, None
None, 286.0, None, None, None, 2015-06-30 19:00:00, 15.1, None, 1.0, None
None, 286.0, None, None, None, 2015-06-30 20:00:00, 16.2, None, 1.0, None
None, 286.0, None, None, None, 2015-06-30 21:00:00, 17.4, None, 1.0, None
None, 286.0, None, None, None, 2015-06-30 22:00:00, 15.3, None, 1.0, None
None, 286.0, None, None, None, 2015-06-30 23:00:00, 19.2, None, 1.0, None
None, 285.0, None, None, None, 2015-07-01 00:00:00, 16.1, None, 1.0, None
None, 286.0, None, None, None, 2015-07-01 01:00:00, 15.0, None, 1.0, None
None, 285.0, None, None, None, 2015-07-01 02:00:00, 15.3, None, 1.0, None
None, 286.0, None, None, None, 2015-07-01 03:00:00, 15.4, None, 1.0, None
None, 286.0, None, None, None, 2015-07-01 04:00:00, 12.8, None, 1.0, None
None, 286.0, None, None, None, 2015-07-01 05:00:00, 12.3, None, 1.0, None
None, 286.0, None, None, None, 2015-07-01 06:00:00, 10.4, None, 1.0, None
None, 286.0, None, None, None, 2015-07-01 07:00:00, 10.3, None, 1.0, None
None, 286.0, None, None, None, 2015-07-01 08:00:00, 10.0, None, 1.0, None
None, 286.0, None, None, None, 2015-07-01 09:00:00, 10.0, None, 1.0, None
None, 286.0, None, None, None, 2015-07-01 10:00:00, 9.4, None, 1.0, None
None, 286.0, None, None, None, 2015-07-01 11:00:00, 9.0, None, 1.0, None
None, 286.0, None, None, None, 2015-07-01 12:00:00, 8.9, None, 1.0, None
None, 286.0, None, None, None, 2015-07-01 13:00:00, 10.8, None, 1.0, None
None, 286.0, None, None, None, 2015-07-01 14:00:00, 13.7, None, 1.0, None
None, 286.0, None, None, None, 2015-07-01 15:00:00, 14.8, None, 1.0, None
None, 286.0, None, 4.0, None, 2015-07-01 16:00:00, 15.8, None, 1.0, None
None, 286.0, None, None, None, 2015-07-01 17:00:00, 17.6, None, 1.0, None
None, 286.0, None, None, None, 2015-07-01 18:00:00, 18.8, None, 1.0, None
None, 285.0, None, None, None, 2015-07-01 19:00:00, 20.2, None, 1.0, None
None, 285.0, None, None, None, 2015-07-01 20:00:00, 21.4, None, 1.0, None
None, 285.0, None, None, None, 2015-07-01 21:00:00, 20.6, None, 1.0, None
None, 285.0, None, None, None, 2015-07-01 22:00:00, 23.5, None, 1.0, None
None, 285.0, None, None, None, 2015-07-01 23:00:00, 22.5, None, 1.0, None
None, 285.0, None, None, None, 2015-07-02 00:00:00, 21.7, None, 1.0, None
None, 285.0, None, None, None, 2015-07-02 01:00:00, 20.0, None, 1.0, None
None, 285.0, None, None, None, 2015-07-02 02:00:00, 20.1, None, 1.0, None
None, 286.0, None, None, None, 2015-07-02 03:00:00, 18.6, None, 1.0, None
None, 286.0, None, None, None, 2015-07-02 04:00:00, 16.3, None, 1.0, None
None, 286.0, None, None, None, 2015-07-02 05:00:00, 15.0, None, 1.0, None
None, 286.0, None, None, None, 2015-07-02 06:00:00, 14.8, None, 1.0, None
None, 286.0, None, None, None, 2015-07-02 07:00:00, 14.2, None, 1.0, None
None, 286.0, None, None, None, 2015-07-02 08:00:00, 14.0, None, 1.0, None
None, 286.0, None, None, None, 2015-07-02 09:00:00, 13.5, None, 1.0, None
None, 286.0, None, None, None, 2015-07-02 10:00:00, 13.1, None, 1.0, None
None, 286.0, None, None, None, 2015-07-02 11:00:00, 12.0, None, 1.0, None
None, 286.0, None, None, None, 2015-07-02 12:00:00, 12.0, None, 1.0, None
None, 286.0, None, None, None, 2015-07-02 13:00:00, 15.1, None, 1.0, None
None, 286.0, None, None, None, 2015-07-02 14:00:00, 15.4, None, 1.0, None
None, 286.0, None, None, None, 2015-07-02 15:00:00, 14.6, None, 1.0, None
None, 286.0, None, 8.0, None, 2015-07-02 16:00:00, 17.9, None, 1.0, None
None, 286.0, None, None, None, 2015-07-02 17:00:00, 18.1, None, 1.0, None
None, 285.0, None, None, None, 2015-07-02 18:00:00, 18.0, None, 1.0, None
None, 286.0, None, None, None, 2015-07-02 19:00:00, 18.2, None, 1.0, None
None, 285.0, None, None, None, 2015-07-02 20:00:00, 18.4, None, 1.0, None
None, 285.0, None, None, None, 2015-07-02 21:00:00, 18.6, None, 1.0, None
None, 285.0, None, None, None, 2015-07-02 22:00:00, 19.5, None, 1.0, None
None, 285.0, None, None, None, 2015-07-02 23:00:00, 20.7, None, 1.0, None
None, 285.0, None, None, None, 2015-07-03 00:00:00, 18.9, None, 1.0, None
None, 285.0, None, None, None, 2015-07-03 01:00:00, 17.2, None, 1.0, None
None, 285.0, None, None, None, 2015-07-03 02:00:00, 15.9, None, 1.0, None
None, 285.0, None, None, None, 2015-07-03 03:00:00, 13.8, None, 1.0, None
None, 285.0, None, None, None, 2015-07-03 04:00:00, 11.7, None, 1.0, None
None, 285.0, None, None, None, 2015-07-03 05:00:00, 10.2, None, 1.0, None
None, 286.0, None, None, None, 2015-07-03 06:00:00, 9.2, None, 1.0, None
None, 285.0, None, None, None, 2015-07-03 07:00:00, 8.2, None, 1.0, None
None, 286.0, None, None, None, 2015-07-03 08:00:00, 7.4, None, 1.0, None
None, 285.0, None, None, None, 2015-07-03 09:00:00, 6.8, None, 1.0, None
None, 285.0, None, None, None, 2015-07-03 10:00:00, 6.1, None, 1.0, None
None, 285.0, None, None, None, 2015-07-03 11:00:00, 5.5, None, 1.0, None
None, 285.0, None, None, None, 2015-07-03 12:00:00, 5.4, None, 1.0, None
None, 285.0, None, None, None, 2015-07-03 13:00:00, 5.4, None, 1.0, None
None, 285.0, None, None, None, 2015-07-03 14:00:00, 6.3, None, 1.0, None
None, 285.0, None, None, None, 2015-07-03 15:00:00, 9.7, None, 1.0, None
None, 286.0, None, 11.0, None, 2015-07-03 16:00:00, 8.8, None, 1.0, None
None, 286.0, None, None, None, 2015-07-03 17:00:00, 9.1, None, 1.0, None
None, 286.0, None, None, None, 2015-07-03 18:00:00, 7.9, None, 1.0, None
None, 286.0, None, None, None, 2015-07-03 19:00:00, 7.8, None, 1.0, None
None, 286.0, None, None, None, 2015-07-03 20:00:00, 10.0, None, 1.0, None
None, 286.0, None, None, None, 2015-07-03 21:00:00, 10.0, None, 1.0, None
None, 286.0, None, None, None, 2015-07-03 22:00:00, 10.8, None, 1.0, None
None, 285.0, None, None, None, 2015-07-03 23:00:00, 10.3, None, 1.0, None
None, 285.0, None, None, None, 2015-07-04 00:00:00, 11.9, None, 1.0, None
None, 286.0, None, None, None, 2015-07-04 01:00:00, 9.6, None, 1.0, None
None, 286.0, None, None, None, 2015-07-04 02:00:00, 8.5, None, 1.0, None
None, 286.0, None, None, None, 2015-07-04 03:00:00, 7.7, None, 1.0, None
None, 286.0, None, None, None, 2015-07-04 04:00:00, 7.3, None, 1.0, None
None, 285.0, None, None, None, 2015-07-04 05:00:00, 6.8, None, 1.0, None
None, 285.0, None, None, None, 2015-07-04 06:00:00, 6.6, None, 1.0, None
None, 285.0, None, None, None, 2015-07-04 07:00:00, 4.9, None, 1.0, None
None, 286.0, None, None, None, 2015-07-04 08:00:00, 4.1, None, 1.0, None
None, 285.0, None, None, None, 2015-07-04 09:00:00, 4.1, None, 1.0, None
None, 285.0, None, None, None, 2015-07-04 10:00:00, 4.1, None, 1.0, None
None, 285.0, None, None, None, 2015-07-04 11:00:00, 3.1, None, 1.0, None
None, 285.0, None, None, None, 2015-07-04 12:00:00, 3.4, None, 1.0, None
None, 285.0, None, None, None, 2015-07-04 13:00:00, 4.2, None, 1.0, None
None, 285.0, None, None, None, 2015-07-04 14:00:00, 4.7, None, 1.0, None
None, 285.0, None, None, None, 2015-07-04 15:00:00, 5.9, None, 1.0, None
None, 286.0, None, 15.0, None, 2015-07-04 16:00:00, 9.3, None, 1.0, None
None, 287.0, None, None, None, 2015-07-04 17:00:00, 9.6, None, 1.0, None
None, 287.0, None, None, None, 2015-07-04 18:00:00, 8.8, None, 1.0, None
None, 287.0, None, None, None, 2015-07-04 19:00:00, 12.0, None, 1.0, None
None, 287.0, None, None, None, 2015-07-04 20:00:00, 10.9, None, 1.0, None
None, 287.0, None, None, None, 2015-07-04 21:00:00, 15.2, None, 1.0, None
None, 287.0, None, None, None, 2015-07-04 22:00:00, 14.6, None, 1.0, None
None, 287.0, None, None, None, 2015-07-04 23:00:00, 15.3, None, 1.0, None
None, 287.0, None, None, None, 2015-07-05 00:00:00, 13.1, None, 1.0, None
None, 287.0, None, None, None, 2015-07-05 01:00:00, 13.6, None, 1.0, None
None, 287.0, None, None, None, 2015-07-05 02:00:00, 14.9, None, 1.0, None
None, 287.0, None, None, None, 2015-07-05 03:00:00, 13.3, None, 1.0, None
None, 287.0, None, None, None, 2015-07-05 04:00:00, 10.4, None, 1.0, None
None, 287.0, None, None, None, 2015-07-05 05:00:00, 7.6, None, 1.0, None
None, 287.0, None, None, None, 2015-07-05 06:00:00, 7.1, None, 1.0, None
None, 287.0, None, None, None, 2015-07-05 07:00:00, 7.3, None, 1.0, None
None, 287.0, None, None, None, 2015-07-05 08:00:00, 6.8, None, 1.0, None
None, 287.0, None, None, None, 2015-07-05 09:00:00, 6.5, None, 1.0, None
None, 287.0, None, None, None, 2015-07-05 10:00:00, 6.2, None, 1.0, None
None, 287.0, None, None, None, 2015-07-05 11:00:00, 6.0, None, 1.0, None
None, 287.0, None, None, None, 2015-07-05 12:00:00, 6.4, None, 1.0, None
None, 287.0, None, None, None, 2015-07-05 13:00:00, 8.3, None, 1.0, None
None, 287.0, None, None, None, 2015-07-05 14:00:00, 10.2, None, 1.0, None
None, 287.0, None, None, None, 2015-07-05 15:00:00, 11.8, None, 1.0, None
None, 287.0, None, 11.0, None, 2015-07-05 16:00:00, 11.7, None, 1.0, None
None, 287.0, None, None, None, 2015-07-05 17:00:00, 14.7, None, 1.0, None
None, 287.0, None, None, None, 2015-07-05 18:00:00, 15.0, None, 1.0, None
None, 287.0, None, None, None, 2015-07-05 19:00:00, 16.5, None, 1.0, None
None, 287.0, None, None, None, 2015-07-05 20:00:00, 17.2, None, 1.0, None
None, 287.0, None, None, None, 2015-07-05 21:00:00, 19.2, None, 1.0, None
None, 287.0, None, None, None, 2015-07-05 22:00:00, 20.0, None, 1.0, None
None, 287.0, None, None, None, 2015-07-05 23:00:00, 17.1, None, 1.0, None
None, 287.0, None, None, None, 2015-07-06 00:00:00, 18.6, None, 1.0, None
None, 287.0, None, None, None, 2015-07-06 01:00:00, 17.5, None, 1.0, None
None, 287.0, None, None, None, 2015-07-06 02:00:00, 17.6, None, 1.0, None
None, 287.0, None, None, None, 2015-07-06 03:00:00, 15.1, None, 1.0, None
None, 287.0, None, None, None, 2015-07-06 04:00:00, 13.4, None, 1.0, None
None, 287.0, None, None, None, 2015-07-06 05:00:00, 13.7, None, 1.0, None
None, 287.0, None, None, None, 2015-07-06 06:00:00, 13.0, None, 1.0, None
None, 287.0, None, None, None, 2015-07-06 07:00:00, 10.7, None, 1.0, None
None, 287.0, None, None, None, 2015-07-06 08:00:00, 10.9, None, 1.0, None
None, 287.0, None, None, None, 2015-07-06 09:00:00, 10.2, None, 1.0, None
None, 287.0, None, None, None, 2015-07-06 10:00:00, 9.9, None, 1.0, None
None, 287.0, None, None, None, 2015-07-06 11:00:00, 9.7, None, 1.0, None
None, 287.0, None, None, None, 2015-07-06 12:00:00, 9.1, None, 1.0, None
None, 287.0, None, None, None, 2015-07-06 13:00:00, 8.6, None, 1.0, None
None, 287.0, None, None, None, 2015-07-06 14:00:00, 11.8, None, 1.0, None
None, 287.0, None, None, None, 2015-07-06 15:00:00, 13.7, None, 1.0, None
None, 287.0, None, 15.0, None, 2015-07-06 16:00:00, 16.7, None, 1.0, None
None, 287.0, None, None, None, 2015-07-06 17:00:00, 17.4, None, 1.0, None
None, 287.0, None, None, None, 2015-07-06 18:00:00, 19.3, None, 1.0, None
None, 287.0, None, None, None, 2015-07-06 19:00:00, 18.6, None, 1.0, None
None, 287.0, None, None, None, 2015-07-06 20:00:00, 20.4, None, 1.0, None
None, 287.0, None, None, None, 2015-07-06 21:00:00, 18.5, None, 1.0, None
None, 286.0, None, None, None, 2015-07-06 22:00:00, 21.2, None, 1.0, None
None, 287.0, None, None, None, 2015-07-06 23:00:00, 18.6, None, 1.0, None
None, 287.0, None, None, None, 2015-07-07 00:00:00, 19.9, None, 1.0, None
None, 287.0, None, None, None, 2015-07-07 01:00:00, 18.4, None, 1.0, None
None, 287.0, None, None, None, 2015-07-07 02:00:00, 18.6, None, 1.0, None
None, 287.0, None, None, None, 2015-07-07 03:00:00, 16.4, None, 1.0, None
None, 287.0, None, None, None, 2015-07-07 04:00:00, 14.5, None, 1.0, None
None, 287.0, None, None, None, 2015-07-07 05:00:00, 12.5, None, 1.0, None
None, 287.0, None, None, None, 2015-07-07 06:00:00, 12.2, None, 1.0, None
None, 287.0, None, None, None, 2015-07-07 07:00:00, 11.8, None, 1.0, None
None, 287.0, None, None, None, 2015-07-07 08:00:00, 10.8, None, 1.0, None
None, 286.0, None, None, None, 2015-07-07 09:00:00, 10.5, None, 1.0, None
None, 285.0, None, None, None, 2015-07-07 10:00:00, 10.2, None, 1.0, None
None, 285.0, None, None, None, 2015-07-07 11:00:00, 9.5, None, 1.0, None
None, 285.0, None, None, None, 2015-07-07 12:00:00, 9.7, None, 1.0, None
None, 285.0, None, None, None, 2015-07-07 13:00:00, 10.6, None, 1.0, None
None, 285.0, None, None, None, 2015-07-07 14:00:00, 14.4, None, 1.0, None
None, 286.0, None, None, None, 2015-07-07 15:00:00, 14.8, None, 1.0, None
None, 286.0, None, 15.0, None, 2015-07-07 16:00:00, 16.6, None, 1.0, None
None, 287.0, None, None, None, 2015-07-07 17:00:00, 18.7, None, 1.0, None
None, 287.0, None, None, None, 2015-07-07 18:00:00, 20.9, None, 1.0, None
None, 287.0, None, None, None, 2015-07-07 19:00:00, 20.8, None, 1.0, None
None, 286.0, None, None, None, 2015-07-07 20:00:00, 20.8, None, 1.0, None
None, 287.0, None, None, None, 2015-07-07 21:00:00, 24.1, None, 1.0, None
None, 286.0, None, None, None, 2015-07-07 22:00:00, 24.4, None, 1.0, None
None, 287.0, None, None, None, 2015-07-07 23:00:00, 24.0, None, 1.0, None
None, 287.0, None, None, None, 2015-07-08 00:00:00, 22.1, None, 1.0, None
None, 287.0, None, None, None, 2015-07-08 01:00:00, 19.0, None, 1.0, None
None, 287.0, None, None, None, 2015-07-08 02:00:00, 17.2, None, 1.0, None
None, 287.0, None, None, None, 2015-07-08 03:00:00, 18.0, None, 1.0, None
None, 287.0, None, None, None, 2015-07-08 04:00:00, 17.7, None, 1.0, None
None, 287.0, None, None, None, 2015-07-08 05:00:00, 16.4, None, 1.0, None
None, 287.0, None, None, None, 2015-07-08 06:00:00, 14.8, None, 1.0, None
None, 287.0, None, None, None, 2015-07-08 07:00:00, 14.7, None, 1.0, None
None, 287.0, None, None, None, 2015-07-08 08:00:00, 14.6, None, 1.0, None
None, 287.0, None, None, None, 2015-07-08 09:00:00, 14.8, None, 1.0, None
None, 287.0, None, None, None, 2015-07-08 10:00:00, 14.7, None, 1.0, None
None, 287.0, None, None, None, 2015-07-08 11:00:00, 13.7, None, 1.0, None
None, 287.0, None, None, None, 2015-07-08 12:00:00, 12.5, None, 1.0, None
None, 287.0, None, None, None, 2015-07-08 13:00:00, 12.8, None, 1.0, None
None, 287.0, None, None, None, 2015-07-08 14:00:00, 14.3, None, 1.0, None
None, 287.0, None, None, None, 2015-07-08 15:00:00, 15.4, None, 1.0, None
None, 287.0, None, 15.0, None, 2015-07-08 16:00:00, 18.0, None, 1.0, None
None, 287.0, None, None, None, 2015-07-08 17:00:00, 16.0, None, 1.0, None
None, 287.0, None, None, None, 2015-07-08 18:00:00, 19.0, None, 1.0, None
None, 287.0, None, None, None, 2015-07-08 19:00:00, 18.9, None, 1.0, None
None, 287.0, None, None, None, 2015-07-08 20:00:00, 17.9, None, 1.0, None
None, 286.0, None, None, None, 2015-07-08 21:00:00, 20.8, None, 1.0, None
None, 286.0, None, None, None, 2015-07-08 22:00:00, 20.4, None, 1.0, None
None, 287.0, None, None, None, 2015-07-08 23:00:00, 22.5, None, 1.0, None
None, 287.0, None, None, None, 2015-07-09 00:00:00, 19.5, None, 1.0, None
None, 287.0, None, None, None, 2015-07-09 01:00:00, 18.2, None, 1.0, None
None, 287.0, None, None, None, 2015-07-09 02:00:00, 16.8, None, 1.0, None
None, 287.0, None, None, None, 2015-07-09 03:00:00, 16.3, None, 1.0, None
None, 287.0, None, None, None, 2015-07-09 04:00:00, 14.8, None, 1.0, None
None, 287.0, None, None, None, 2015-07-09 05:00:00, 12.5, None, 1.0, None
None, 287.0, None, None, None, 2015-07-09 06:00:00, 11.8, None, 1.0, None
None, 287.0, None, None, None, 2015-07-09 07:00:00, 10.8, None, 1.0, None
None, 287.0, None, None, None, 2015-07-09 08:00:00, 10.0, None, 1.0, None
None, 287.0, None, None, None, 2015-07-09 09:00:00, 10.5, None, 1.0, None
None, 287.0, None, None, None, 2015-07-09 10:00:00, 10.8, None, 1.0, None
None, 287.0, None, None, None, 2015-07-09 11:00:00, 9.9, None, 1.0, None
None, 287.0, None, None, None, 2015-07-09 12:00:00, 10.1, None, 1.0, None
None, 287.0, None, None, None, 2015-07-09 13:00:00, 9.9, None, 1.0, None
None, 287.0, None, None, None, 2015-07-09 14:00:00, 11.9, None, 1.0, None
None, 287.0, None, None, None, 2015-07-09 15:00:00, 10.5, None, 1.0, None
None, 287.0, None, 15.0, None, 2015-07-09 16:00:00, 12.1, None, 1.0, None
None, 287.0, None, None, None, 2015-07-09 17:00:00, 14.4, None, 1.0, None
None, 287.0, None, None, None, 2015-07-09 18:00:00, 16.3, None, 1.0, None
None, 287.0, None, None, None, 2015-07-09 19:00:00, 16.0, None, 1.0, None
None, 287.0, None, None, None, 2015-07-09 20:00:00, 15.6, None, 1.0, None
None, 287.0, None, None, None, 2015-07-09 21:00:00, 18.7, None, 1.0, None
None, 287.0, None, None, None, 2015-07-09 22:00:00, 18.5, None, 1.0, None
None, 287.0, None, None, None, 2015-07-09 23:00:00, 16.4, None, 1.0, None
None, 287.0, None, None, None, 2015-07-10 00:00:00, 16.6, None, 1.0, None
None, 287.0, None, None, None, 2015-07-10 01:00:00, 16.5, None, 1.0, None
None, 287.0, None, None, None, 2015-07-10 02:00:00, 15.5, None, 1.0, None
None, 287.0, None, None, None, 2015-07-10 03:00:00, 14.7, None, 1.0, None
None, 288.0, None, None, None, 2015-07-10 04:00:00, 12.9, None, 1.0, None
None, 287.0, None, None, None, 2015-07-10 05:00:00, 11.7, None, 1.0, None
None, 288.0, None, None, None, 2015-07-10 06:00:00, 10.7, None, 1.0, None
None, 288.0, None, None, None, 2015-07-10 07:00:00, 9.8, None, 1.0, None
None, 288.0, None, None, None, 2015-07-10 08:00:00, 8.9, None, 1.0, None
None, 288.0, None, None, None, 2015-07-10 09:00:00, 7.7, None, 1.0, None
None, 287.0, None, None, None, 2015-07-10 10:00:00, 8.1, None, 1.0, None
None, 288.0, None, None, None, 2015-07-10 11:00:00, 8.7, None, 1.0, None
None, 287.0, None, None, None, 2015-07-10 12:00:00, 8.5, None, 1.0, None
None, 287.0, None, None, None, 2015-07-10 13:00:00, 9.7, None, 1.0, None
None, 288.0, None, None, None, 2015-07-10 14:00:00, 13.1, None, 1.0, None
None, 287.0, None, None, None, 2015-07-10 15:00:00, 14.5, None, 1.0, None
None, 287.0, None, 19.0, None, 2015-07-10 16:00:00, 14.3, None, 1.0, None
None, 287.0, None, None, None, 2015-07-10 17:00:00, 14.4, None, 1.0, None
None, 287.0, None, None, None, 2015-07-10 18:00:00, 16.2, None, 1.0, None
None, 287.0, None, None, None, 2015-07-10 19:00:00, 18.5, None, 1.0, None
None, 287.0, None, None, None, 2015-07-10 20:00:00, 18.7, None, 1.0, None
None, 287.0, None, None, None, 2015-07-10 21:00:00, 17.4, None, 1.0, None
None, 287.0, None, None, None, 2015-07-10 22:00:00, 20.0, None, 1.0, None
None, 287.0, None, None, None, 2015-07-10 23:00:00, 18.2, None, 1.0, None
None, 287.0, None, None, None, 2015-07-11 00:00:00, 15.9, None, 1.0, None
None, 287.0, None, None, None, 2015-07-11 01:00:00, 15.3, None, 1.0, None
None, 287.0, None, None, None, 2015-07-11 02:00:00, 14.0, None, 1.0, None
None, 288.0, None, None, None, 2015-07-11 03:00:00, 13.1, None, 1.0, None
None, 288.0, None, None, None, 2015-07-11 04:00:00, 11.5, None, 1.0, None
None, 288.0, None, None, None, 2015-07-11 05:00:00, 10.0, None, 1.0, None
None, 288.0, None, None, None, 2015-07-11 06:00:00, 9.4, None, 1.0, None
None, 288.0, None, None, None, 2015-07-11 07:00:00, 8.8, None, 1.0, None
None, 288.0, None, None, None, 2015-07-11 08:00:00, 8.0, None, 1.0, None
None, 288.0, None, None, None, 2015-07-11 09:00:00, 7.7, None, 1.0, None
None, 288.0, None, None, None, 2015-07-11 10:00:00, 7.1, None, 1.0, None
None, 288.0, None, None, None, 2015-07-11 11:00:00, 7.2, None, 1.0, None
None, 287.0, None, None, None, 2015-07-11 12:00:00, 8.3, None, 1.0, None
None, 287.0, None, None, None, 2015-07-11 13:00:00, 10.8, None, 1.0, None
None, 288.0, None, None, None, 2015-07-11 14:00:00, 13.7, None, 1.0, None
None, 288.0, None, None, None, 2015-07-11 15:00:00, 15.5, None, 1.0, None
None, 287.0, None, 19.0, None, 2015-07-11 16:00:00, 16.0, None, 1.0, None
None, 287.0, None, None, None, 2015-07-11 17:00:00, 16.5, None, 1.0, None
None, 287.0, None, None, None, 2015-07-11 18:00:00, 19.3, None, 1.0, None
None, 287.0, None, None, None, 2015-07-11 19:00:00, 18.1, None, 1.0, None
None, 287.0, None, None, None, 2015-07-11 20:00:00, 20.8, None, 1.0, None
None, 287.0, None, None, None, 2015-07-11 21:00:00, 20.4, None, 1.0, None
None, 287.0, None, None, None, 2015-07-11 22:00:00, 20.9, None, 1.0, None
None, 287.0, None, None, None, 2015-07-11 23:00:00, 18.3, None, 1.0, None
None, 287.0, None, None, None, 2015-07-12 00:00:00, 17.6, None, 1.0, None
None, 288.0, None, None, None, 2015-07-12 01:00:00, 16.0, None, 1.0, None
None, 288.0, None, None, None, 2015-07-12 02:00:00, 16.1, None, 1.0, None
None, 288.0, None, None, None, 2015-07-12 03:00:00, 13.7, None, 1.0, None
None, 288.0, None, None, None, 2015-07-12 04:00:00, 13.0, None, 1.0, None
None, 288.0, None, None, None, 2015-07-12 05:00:00, 11.4, None, 1.0, None
None, 288.0, None, None, None, 2015-07-12 06:00:00, 11.2, None, 1.0, None
None, 288.0, None, None, None, 2015-07-12 07:00:00, 9.8, None, 1.0, None
None, 288.0, None, None, None, 2015-07-12 08:00:00, 9.2, None, 1.0, None
None, 288.0, None, None, None, 2015-07-12 09:00:00, 8.7, None, 1.0, None
None, 289.0, None, None, None, 2015-07-12 10:00:00, 8.2, None, 1.0, None
None, 291.0, None, None, None, 2015-07-12 11:00:00, 7.9, None, 1.0, None
None, 296.0, None, None, None, 2015-07-12 12:00:00, 7.8, None, 1.0, None
None, 299.0, None, None, None, 2015-07-12 13:00:00, 7.6, None, 1.0, None
None, 299.0, None, None, None, 2015-07-12 14:00:00, 7.5, None, 1.0, None
None, 300.0, None, None, None, 2015-07-12 15:00:00, 8.0, None, 1.0, None
None, 300.0, None, 19.0, None, 2015-07-12 16:00:00, 8.5, None, 1.0, None
None, 300.0, None, None, None, 2015-07-12 17:00:00, 8.0, None, 1.0, None
None, 300.0, None, None, None, 2015-07-12 18:00:00, 9.6, None, 1.0, None
None, 301.0, None, None, None, 2015-07-12 19:00:00, 10.3, None, 1.0, None
None, 301.0, None, None, None, 2015-07-12 20:00:00, 10.7, None, 1.0, None
None, 301.0, None, None, None, 2015-07-12 21:00:00, 12.2, None, 1.0, None
None, 302.0, None, None, None, 2015-07-12 22:00:00, 14.5, None, 1.0, None
None, 302.0, None, None, None, 2015-07-12 23:00:00, 12.5, None, 1.0, None
None, 302.0, None, None, None, 2015-07-13 00:00:00, 13.0, None, 1.0, None
None, 302.0, None, None, None, 2015-07-13 01:00:00, 12.1, None, 1.0, None
None, 303.0, None, None, None, 2015-07-13 02:00:00, 12.1, None, 1.0, None
None, 303.0, None, None, None, 2015-07-13 03:00:00, 9.4, None, 1.0, None
None, 302.0, None, None, None, 2015-07-13 04:00:00, 8.5, None, 1.0, None
None, 302.0, None, None, None, 2015-07-13 05:00:00, 8.4, None, 1.0, None
None, 303.0, None, None, None, 2015-07-13 06:00:00, 6.7, None, 1.0, None
None, 303.0, None, None, None, 2015-07-13 07:00:00, 6.9, None, 1.0, None
None, 303.0, None, None, None, 2015-07-13 08:00:00, 5.9, None, 1.0, None
None, 303.0, None, None, None, 2015-07-13 09:00:00, 5.9, None, 1.0, None
None, 303.0, None, None, None, 2015-07-13 10:00:00, 6.0, None, 1.0, None
None, 303.0, None, None, None, 2015-07-13 11:00:00, 5.3, None, 1.0, None
None, 303.0, None, None, None, 2015-07-13 12:00:00, 5.9, None, 1.0, None
None, 303.0, None, None, None, 2015-07-13 13:00:00, 7.9, None, 1.0, None
None, 303.0, None, None, None, 2015-07-13 14:00:00, 9.0, None, 1.0, None
None, 304.0, None, None, None, 2015-07-13 15:00:00, 9.5, None, 1.0, None
None, 304.0, None, 26.0, None, 2015-07-13 16:00:00, 10.2, None, 1.0, None
None, 304.0, None, None, None, 2015-07-13 17:00:00, 10.7, None, 1.0, None
None, 304.0, None, None, None, 2015-07-13 18:00:00, 11.2, None, 1.0, None
None, 304.0, None, None, None, 2015-07-13 19:00:00, 13.6, None, 1.0, None
None, 304.0, None, None, None, 2015-07-13 20:00:00, 15.1, None, 1.0, None
None, 305.0, None, None, None, 2015-07-13 21:00:00, 15.4, None, 1.0, None
None, 305.0, None, None, None, 2015-07-13 22:00:00, 8.8, None, 1.0, None
None, 311.0, None, None, None, 2015-07-13 23:00:00, 6.8, None, 1.0, None
None, 315.0, None, None, None, 2015-07-14 00:00:00, 7.6, None, 1.0, None
None, 316.0, None, None, None, 2015-07-14 01:00:00, 8.1, None, 1.0, None
None, 316.0, None, None, None, 2015-07-14 02:00:00, 8.1, None, 1.0, None
None, 316.0, None, None, None, 2015-07-14 03:00:00, 8.6, None, 1.0, None
None, 316.0, None, None, None, 2015-07-14 04:00:00, 7.4, None, 1.0, None
None, 316.0, None, None, None, 2015-07-14 05:00:00, 6.7, None, 1.0, None
None, 316.0, None, None, None, 2015-07-14 06:00:00, 6.1, None, 1.0, None
None, 316.0, None, None, None, 2015-07-14 07:00:00, 6.5, None, 1.0, None
None, 316.0, None, None, None, 2015-07-14 08:00:00, 6.6, None, 1.0, None
None, 317.0, None, None, None, 2015-07-14 09:00:00, 6.2, None, 1.0, None
None, 318.0, None, None, None, 2015-07-14 10:00:00, 5.6, None, 1.0, None
None, 319.0, None, None, None, 2015-07-14 11:00:00, 5.1, None, 1.0, None
None, 320.0, None, None, None, 2015-07-14 12:00:00, 5.4, None, 1.0, None
None, 322.0, None, None, None, 2015-07-14 13:00:00, 4.0, None, 1.0, None
None, 324.0, None, None, None, 2015-07-14 14:00:00, 4.2, None, 1.0, None
None, 325.0, None, None, None, 2015-07-14 15:00:00, 4.7, None, 1.0, None
None, 325.0, None, 34.0, None, 2015-07-14 16:00:00, 5.7, None, 1.0, None
None, 325.0, None, None, None, 2015-07-14 17:00:00, 7.3, None, 1.0, None
None, 325.0, None, None, None, 2015-07-14 18:00:00, 7.1, None, 1.0, None
None, 326.0, None, None, None, 2015-07-14 19:00:00, 10.7, None, 1.0, None
None, 326.0, None, None, None, 2015-07-14 20:00:00, 8.4, None, 1.0, None
None, 326.0, None, None, None, 2015-07-14 21:00:00, 8.7, None, 1.0, None
None, 328.0, None, None, None, 2015-07-14 22:00:00, 9.8, None, 1.0, None
None, 328.0, None, None, None, 2015-07-14 23:00:00, 9.9, None, 1.0, None
None, 328.0, None, None, None, 2015-07-15 00:00:00, 8.9, None, 1.0, None
None, 329.0, None, None, None, 2015-07-15 01:00:00, 9.6, None, 1.0, None
None, 329.0, None, None, None, 2015-07-15 02:00:00, 9.4, None, 1.0, None
None, 329.0, None, None, None, 2015-07-15 03:00:00, 8.0, None, 1.0, None
None, 329.0, None, None, None, 2015-07-15 04:00:00, 7.1, None, 1.0, None
None, 331.0, None, None, None, 2015-07-15 05:00:00, 5.2, None, 1.0, None
None, 331.0, None, None, None, 2015-07-15 06:00:00, 3.9, None, 1.0, None
None, 331.0, None, None, None, 2015-07-15 07:00:00, 4.3, None, 1.0, None
None, 331.0, None, None, None, 2015-07-15 08:00:00, 4.7, None, 1.0, None
None, 331.0, None, None, None, 2015-07-15 09:00:00, 3.9, None, 1.0, None
None, 331.0, None, None, None, 2015-07-15 10:00:00, 4.4, None, 1.0, None
None, 331.0, None, None, None, 2015-07-15 11:00:00, 4.1, None, 1.0, None
None, 332.0, None, None, None, 2015-07-15 12:00:00, 4.8, None, 1.0, None
None, 331.0, None, None, None, 2015-07-15 13:00:00, 5.6, None, 1.0, None
None, 332.0, None, None, None, 2015-07-15 14:00:00, 6.7, None, 1.0, None
None, 332.0, None, None, None, 2015-07-15 15:00:00, 7.0, None, 1.0, None
None, 332.0, None, 34.0, None, 2015-07-15 16:00:00, 6.8, None, 1.0, None
None, 333.0, None, None, None, 2015-07-15 17:00:00, 6.2, None, 1.0, None
None, 334.0, None, None, None, 2015-07-15 18:00:00, 5.8, None, 1.0, None
None, 335.0, None, None, None, 2015-07-15 19:00:00, 6.1, None, 1.0, None
None, 336.0, None, None, None, 2015-07-15 20:00:00, 7.5, None, 1.0, None
None, 337.0, None, None, None, 2015-07-15 21:00:00, 7.1, None, 1.0, None
None, 337.0, None, None, None, 2015-07-15 22:00:00, 5.5, None, 1.0, None
None, 337.0, None, None, None, 2015-07-15 23:00:00, 5.7, None, 1.0, None
None, 338.0, None, None, None, 2015-07-16 00:00:00, 4.8, None, 1.0, None
None, 338.0, None, None, None, 2015-07-16 01:00:00, 4.5, None, 1.0, None
None, 339.0, None, None, None, 2015-07-16 02:00:00, 3.7, None, 1.0, None
None, 340.0, None, None, None, 2015-07-16 03:00:00, 3.4, None, 1.0, None
None, 341.0, None, None, None, 2015-07-16 04:00:00, 3.0, None, 1.0, None
None, 342.0, None, None, None, 2015-07-16 05:00:00, 3.0, None, 1.0, None
None, 342.0, None, None, None, 2015-07-16 06:00:00, 3.2, None, 1.0, None
None, 342.0, None, None, None, 2015-07-16 07:00:00, 3.3, None, 1.0, None
None, 342.0, None, None, None, 2015-07-16 08:00:00, 3.3, None, 1.0, None
None, 342.0, None, None, None, 2015-07-16 09:00:00, 3.5, None, 1.0, None
None, 342.0, None, None, None, 2015-07-16 10:00:00, 3.7, None, 1.0, None
None, 342.0, None, None, None, 2015-07-16 11:00:00, 3.7, None, 1.0, None
None, 342.0, None, None, None, 2015-07-16 12:00:00, 3.5, None, 1.0, None
None, 342.0, None, None, None, 2015-07-16 13:00:00, 3.9, None, 1.0, None
None, 342.0, None, None, None, 2015-07-16 14:00:00, 4.5, None, 1.0, None
None, 342.0, None, None, None, 2015-07-16 15:00:00, 5.0, None, 1.0, None
None, 342.0, None, 34.0, None, 2015-07-16 16:00:00, 7.7, None, 1.0, None
None, 342.0, None, None, None, 2015-07-16 17:00:00, 8.1, None, 1.0, None
None, 342.0, None, None, None, 2015-07-16 18:00:00, 9.1, None, 1.0, None
None, 342.0, None, None, None, 2015-07-16 19:00:00, 9.0, None, 1.0, None
None, 342.0, None, None, None, 2015-07-16 20:00:00, 7.8, None, 1.0, None
None, 342.0, None, None, None, 2015-07-16 21:00:00, 7.1, None, 1.0, None
None, 342.0, None, None, None, 2015-07-16 22:00:00, 11.0, None, 1.0, None
None, 342.0, None, None, None, 2015-07-16 23:00:00, 12.8, None, 1.0, None
None, 342.0, None, None, None, 2015-07-17 00:00:00, 9.0, None, 1.0, None
None, 342.0, None, None, None, 2015-07-17 01:00:00, 9.8, None, 1.0, None
None, 343.0, None, None, None, 2015-07-17 02:00:00, 11.2, None, 1.0, None
None, 342.0, None, None, None, 2015-07-17 03:00:00, 9.5, None, 1.0, None
None, 342.0, None, None, None, 2015-07-17 04:00:00, 7.6, None, 1.0, None
None, 342.0, None, None, None, 2015-07-17 05:00:00, 6.7, None, 1.0, None
None, 342.0, None, None, None, 2015-07-17 06:00:00, 6.1, None, 1.0, None
None, 342.0, None, None, None, 2015-07-17 07:00:00, 5.4, None, 1.0, None
None, 342.0, None, None, None, 2015-07-17 08:00:00, 4.8, None, 1.0, None
None, 342.0, None, None, None, 2015-07-17 09:00:00, 4.5, None, 1.0, None
None, 342.0, None, None, None, 2015-07-17 10:00:00, 4.4, None, 1.0, None
None, 342.0, None, None, None, 2015-07-17 11:00:00, 4.5, None, 1.0, None
None, 342.0, None, None, None, 2015-07-17 12:00:00, 3.3, None, 1.0, None
None, 342.0, None, None, None, 2015-07-17 13:00:00, 4.7, None, 1.0, None
None, 342.0, None, None, None, 2015-07-17 14:00:00, 8.3, None, 1.0, None
None, 342.0, None, None, None, 2015-07-17 15:00:00, 7.7, None, 1.0, None
None, 342.0, None, 41.0, None, 2015-07-17 16:00:00, 8.3, None, 1.0, None
None, 342.0, None, None, None, 2015-07-17 17:00:00, 8.8, None, 1.0, None
None, 342.0, None, None, None, 2015-07-17 18:00:00, 9.1, None, 1.0, None
None, 342.0, None, None, None, 2015-07-17 19:00:00, 9.5, None, 1.0, None
None, 342.0, None, None, None, 2015-07-17 20:00:00, 8.4, None, 1.0, None
None, 342.0, None, None, None, 2015-07-17 21:00:00, 8.6, None, 1.0, None
None, 342.0, None, None, None, 2015-07-17 22:00:00, 9.7, None, 1.0, None
None, 343.0, None, None, None, 2015-07-17 23:00:00, 10.3, None, 1.0, None
None, 342.0, None, None, None, 2015-07-18 00:00:00, 9.7, None, 1.0, None
None, 342.0, None, None, None, 2015-07-18 01:00:00, 10.3, None, 1.0, None
None, 342.0, None, None, None, 2015-07-18 02:00:00, 10.5, None, 1.0, None
None, 342.0, None, None, None, 2015-07-18 03:00:00, 10.7, None, 1.0, None
None, 342.0, None, None, None, 2015-07-18 04:00:00, 10.7, None, 1.0, None
None, 342.0, None, None, None, 2015-07-18 05:00:00, 10.7, None, 1.0, None
None, 342.0, None, None, None, 2015-07-18 06:00:00, 10.9, None, 1.0, None
None, 342.0, None, None, None, 2015-07-18 07:00:00, 10.9, None, 1.0, None
None, 342.0, None, None, None, 2015-07-18 08:00:00, 11.0, None, 1.0, None
None, 342.0, None, None, None, 2015-07-18 09:00:00, 11.0, None, 1.0, None
None, 342.0, None, None, None, 2015-07-18 10:00:00, 11.2, None, 1.0, None
None, 343.0, None, None, None, 2015-07-18 11:00:00, 11.4, None, 1.0, None
None, 343.0, None, None, None, 2015-07-18 12:00:00, 11.0, None, 1.0, None
None, 343.0, None, None, None, 2015-07-18 13:00:00, 11.2, None, 1.0, None
None, 344.0, None, None, None, 2015-07-18 14:00:00, 11.2, None, 1.0, None
None, 343.0, None, None, None, 2015-07-18 15:00:00, 11.9, None, 1.0, None
None, 343.0, None, 41.0, None, 2015-07-18 16:00:00, 13.2, None, 1.0, None
None, 343.0, None, None, None, 2015-07-18 17:00:00, 13.0, None, 1.0, None
None, 343.0, None, None, None, 2015-07-18 18:00:00, 14.2, None, 1.0, None
None, 343.0, None, None, None, 2015-07-18 19:00:00, 15.7, None, 1.0, None
None, 344.0, None, None, None, 2015-07-18 20:00:00, 14.6, None, 1.0, None
None, 343.0, None, None, None, 2015-07-18 21:00:00, 17.8, None, 1.0, None
None, 343.0, None, None, None, 2015-07-18 22:00:00, 17.8, None, 1.0, None
None, 343.0, None, None, None, 2015-07-18 23:00:00, 14.5, None, 1.0, None
None, 343.0, None, None, None, 2015-07-19 00:00:00, 15.4, None, 1.0, None
None, 343.0, None, None, None, 2015-07-19 01:00:00, 14.6, None, 1.0, None
None, 343.0, None, None, None, 2015-07-19 02:00:00, 14.4, None, 1.0, None
None, 343.0, None, None, None, 2015-07-19 03:00:00, 13.0, None, 1.0, None
None, 344.0, None, None, None, 2015-07-19 04:00:00, 11.3, None, 1.0, None
None, 344.0, None, None, None, 2015-07-19 05:00:00, 10.4, None, 1.0, None
None, 343.0, None, None, None, 2015-07-19 06:00:00, 10.0, None, 1.0, None
None, 344.0, None, None, None, 2015-07-19 07:00:00, 9.0, None, 1.0, None
None, 344.0, None, None, None, 2015-07-19 08:00:00, 8.2, None, 1.0, None
None, 343.0, None, None, None, 2015-07-19 09:00:00, 8.3, None, 1.0, None
None, 343.0, None, None, None, 2015-07-19 10:00:00, 8.1, None, 1.0, None
None, 343.0, None, None, None, 2015-07-19 11:00:00, 7.2, None, 1.0, None
None, 343.0, None, None, None, 2015-07-19 12:00:00, 7.7, None, 1.0, None
None, 343.0, None, None, None, 2015-07-19 13:00:00, 7.4, None, 1.0, None
None, 343.0, None, None, None, 2015-07-19 14:00:00, 10.1, None, 1.0, None
None, 343.0, None, None, None, 2015-07-19 15:00:00, 12.0, None, 1.0, None
None, 343.0, None, 38.0, None, 2015-07-19 16:00:00, 13.4, None, 1.0, None
None, 343.0, None, None, None, 2015-07-19 17:00:00, 14.0, None, 1.0, None
None, 343.0, None, None, None, 2015-07-19 18:00:00, 15.1, None, 1.0, None
None, 343.0, None, None, None, 2015-07-19 19:00:00, 16.2, None, 1.0, None
None, 343.0, None, None, None, 2015-07-19 20:00:00, 17.6, None, 1.0, None
None, 343.0, None, None, None, 2015-07-19 21:00:00, 19.2, None, 1.0, None
None, 343.0, None, None, None, 2015-07-19 22:00:00, 19.7, None, 1.0, None
None, 343.0, None, None, None, 2015-07-19 23:00:00, 16.4, None, 1.0, None
None, 343.0, None, None, None, 2015-07-20 00:00:00, 16.6, None, 1.0, None
None, 343.0, None, None, None, 2015-07-20 01:00:00, 15.7, None, 1.0, None
None, 343.0, None, None, None, 2015-07-20 02:00:00, 16.0, None, 1.0, None
None, 343.0, None, None, None, 2015-07-20 03:00:00, 14.0, None, 1.0, None
None, 343.0, None, None, None, 2015-07-20 04:00:00, 13.2, None, 1.0, None
None, 343.0, None, None, None, 2015-07-20 05:00:00, 11.7, None, 1.0, None
None, 343.0, None, None, None, 2015-07-20 06:00:00, 12.1, None, 1.0, None
None, 343.0, None, None, None, 2015-07-20 07:00:00, 12.9, None, 1.0, None
None, 343.0, None, None, None, 2015-07-20 08:00:00, 12.5, None, 1.0, None
None, 343.0, None, None, None, 2015-07-20 09:00:00, 12.1, None, 1.0, None
None, 343.0, None, None, None, 2015-07-20 10:00:00, 11.8, None, 1.0, None
None, 343.0, None, None, None, 2015-07-20 11:00:00, 11.4, None, 1.0, None
None, 343.0, None, None, None, 2015-07-20 12:00:00, 11.3, None, 1.0, None
None, 343.0, None, None, None, 2015-07-20 13:00:00, 11.0, None, 1.0, None
None, 343.0, None, None, None, 2015-07-20 14:00:00, 10.9, None, 1.0, None
None, 344.0, None, None, None, 2015-07-20 15:00:00, 9.5, None, 1.0, None
None, 344.0, None, 45.0, None, 2015-07-20 16:00:00, 8.9, None, 1.0, None
None, 345.0, None, None, None, 2015-07-20 17:00:00, 8.2, None, 1.0, None
None, 346.0, None, None, None, 2015-07-20 18:00:00, 8.4, None, 1.0, None
None, 351.0, None, None, None, 2015-07-20 19:00:00, 6.9, None, 1.0, None
None, 356.0, None, None, None, 2015-07-20 20:00:00, 6.5, None, 1.0, None
None, 359.0, None, None, None, 2015-07-20 21:00:00, 6.4, None, 1.0, None
None, 361.0, None, None, None, 2015-07-20 22:00:00, 5.9, None, 1.0, None
None, 362.0, None, None, None, 2015-07-20 23:00:00, 6.9, None, 1.0, None
None, 362.0, None, None, None, 2015-07-21 00:00:00, 6.4, None, 1.0, None
None, 363.0, None, None, None, 2015-07-21 01:00:00, 6.7, None, 1.0, None
None, 363.0, None, None, None, 2015-07-21 02:00:00, 6.6, None, 1.0, None
None, 363.0, None, None, None, 2015-07-21 03:00:00, 6.6, None, 1.0, None
None, 363.0, None, None, None, 2015-07-21 04:00:00, 5.9, None, 1.0, None
None, 363.0, None, None, None, 2015-07-21 05:00:00, 5.4, None, 1.0, None
None, 363.0, None, None, None, 2015-07-21 06:00:00, 5.4, None, 1.0, None
None, 363.0, None, None, None, 2015-07-21 07:00:00, 5.2, None, 1.0, None
None, 363.0, None, None, None, 2015-07-21 08:00:00, 5.2, None, 1.0, None
None, 363.0, None, None, None, 2015-07-21 09:00:00, 5.2, None, 1.0, None
None, 364.0, None, None, None, 2015-07-21 10:00:00, 5.3, None, 1.0, None
None, 365.0, None, None, None, 2015-07-21 11:00:00, 5.3, None, 1.0, None
None, 366.0, None, None, None, 2015-07-21 12:00:00, 5.1, None, 1.0, None
None, 368.0, None, None, None, 2015-07-21 13:00:00, 4.9, None, 1.0, None
None, 369.0, None, None, None, 2015-07-21 14:00:00, 4.7, None, 1.0, None
None, 370.0, None, None, None, 2015-07-21 15:00:00, 4.4, None, 1.0, None
None, 371.0, None, 41.0, None, 2015-07-21 16:00:00, 4.9, None, 1.0, None
None, 373.0, None, None, None, 2015-07-21 17:00:00, 5.5, None, 1.0, None
None, 374.0, None, None, None, 2015-07-21 18:00:00, 5.5, None, 1.0, None
None, 376.0, None, None, None, 2015-07-21 19:00:00, 6.1, None, 1.0, None
None, 377.0, None, None, None, 2015-07-21 20:00:00, 6.2, None, 1.0, None
None, 378.0, None, None, None, 2015-07-21 21:00:00, 6.7, None, 1.0, None
None, 378.0, None, None, None, 2015-07-21 22:00:00, 8.5, None, 1.0, None
None, 378.0, None, None, None, 2015-07-21 23:00:00, 8.0, None, 1.0, None
None, 378.0, None, None, None, 2015-07-22 00:00:00, 8.3, None, 1.0, None
None, 378.0, None, None, None, 2015-07-22 01:00:00, 8.9, None, 1.0, None
None, 378.0, None, None, None, 2015-07-22 02:00:00, 7.9, None, 1.0, None
None, 378.0, None, None, None, 2015-07-22 03:00:00, 6.8, None, 1.0, None
None, 378.0, None, None, None, 2015-07-22 04:00:00, 6.3, None, 1.0, None
None, 378.0, None, None, None, 2015-07-22 05:00:00, 5.7, None, 1.0, None
None, 378.0, None, None, None, 2015-07-22 06:00:00, 5.3, None, 1.0, None
None, 378.0, None, None, None, 2015-07-22 07:00:00, 4.5, None, 1.0, None
None, 378.0, None, None, None, 2015-07-22 08:00:00, 5.3, None, 1.0, None
None, 378.0, None, None, None, 2015-07-22 09:00:00, 4.9, None, 1.0, None
None, 379.0, None, None, None, 2015-07-22 10:00:00, 5.0, None, 1.0, None
None, 379.0, None, None, None, 2015-07-22 11:00:00, 4.6, None, 1.0, None
None, 380.0, None, None, None, 2015-07-22 12:00:00, 4.6, None, 1.0, None
None, 380.0, None, None, None, 2015-07-22 13:00:00, 5.3, None, 1.0, None
None, 380.0, None, None, None, 2015-07-22 14:00:00, 5.7, None, 1.0, None
None, 380.0, None, None, None, 2015-07-22 15:00:00, 5.4, None, 1.0, None
None, 384.0, None, 45.0, None, 2015-07-22 16:00:00, 5.6, None, 1.0, None
None, 385.0, None, None, None, 2015-07-22 17:00:00, 6.1, None, 1.0, None
None, 388.0, None, None, None, 2015-07-22 18:00:00, 6.6, None, 1.0, None
None, 389.0, None, None, None, 2015-07-22 19:00:00, 6.3, None, 1.0, None
None, 390.0, None, None, None, 2015-07-22 20:00:00, 6.8, None, 1.0, None
None, 391.0, None, None, None, 2015-07-22 21:00:00, 6.6, None, 1.0, None
None, 392.0, None, None, None, 2015-07-22 22:00:00, 6.6, None, 1.0, None
None, 392.0, None, None, None, 2015-07-22 23:00:00, 7.2, None, 1.0, None
None, 393.0, None, None, None, 2015-07-23 00:00:00, 7.5, None, 1.0, None
None, 393.0, None, None, None, 2015-07-23 01:00:00, 7.5, None, 1.0, None
None, 393.0, None, None, None, 2015-07-23 02:00:00, 7.0, None, 1.0, None
None, 393.0, None, None, None, 2015-07-23 03:00:00, 6.9, None, 1.0, None
None, 393.0, None, None, None, 2015-07-23 04:00:00, 5.0, None, 1.0, None
None, 393.0, None, None, None, 2015-07-23 05:00:00, 4.5, None, 1.0, None
None, 393.0, None, None, None, 2015-07-23 06:00:00, 4.7, None, 1.0, None
None, 393.0, None, None, None, 2015-07-23 07:00:00, 4.7, None, 1.0, None
None, 393.0, None, None, None, 2015-07-23 08:00:00, 4.9, None, 1.0, None
None, 393.0, None, None, None, 2015-07-23 09:00:00, 4.8, None, 1.0, None
None, 393.0, None, None, None, 2015-07-23 10:00:00, 4.6, None, 1.0, None
None, 393.0, None, None, None, 2015-07-23 11:00:00, 4.4, None, 1.0, None
None, 393.0, None, None, None, 2015-07-23 12:00:00, 4.6, None, 1.0, None
None, 393.0, None, None, None, 2015-07-23 13:00:00, 5.1, None, 1.0, None
None, 393.0, None, None, None, 2015-07-23 14:00:00, 5.9, None, 1.0, None
None, 393.0, None, None, None, 2015-07-23 15:00:00, 6.5, None, 1.0, None
None, 393.0, None, 52.0, None, 2015-07-23 16:00:00, 7.6, None, 1.0, None
None, 393.0, None, None, None, 2015-07-23 17:00:00, 9.1, None, 1.0, None
None, 393.0, None, None, None, 2015-07-23 18:00:00, 9.1, None, 1.0, None
None, 393.0, None, None, None, 2015-07-23 19:00:00, 10.1, None, 1.0, None
None, 393.0, None, None, None, 2015-07-23 20:00:00, 12.4, None, 1.0, None
None, 393.0, None, None, None, 2015-07-23 21:00:00, 11.1, None, 1.0, None
None, 393.0, None, None, None, 2015-07-23 22:00:00, 9.6, None, 1.0, None
None, 393.0, None, None, None, 2015-07-23 23:00:00, 10.0, None, 1.0, None
None, 393.0, None, None, None, 2015-07-24 00:00:00, 10.3, None, 1.0, None
None, 393.0, None, None, None, 2015-07-24 01:00:00, 8.7, None, 1.0, None
None, 393.0, None, None, None, 2015-07-24 02:00:00, 8.9, None, 1.0, None
None, 393.0, None, None, None, 2015-07-24 03:00:00, 6.5, None, 1.0, None
None, 393.0, None, None, None, 2015-07-24 04:00:00, 6.0, None, 1.0, None
None, 393.0, None, None, None, 2015-07-24 05:00:00, 5.4, None, 1.0, None
None, 393.0, None, None, None, 2015-07-24 06:00:00, 4.9, None, 1.0, None
None, 393.0, None, None, None, 2015-07-24 07:00:00, 5.0, None, 1.0, None
None, 393.0, None, None, None, 2015-07-24 08:00:00, 4.8, None, 1.0, None
None, 393.0, None, None, None, 2015-07-24 09:00:00, 4.5, None, 1.0, None
None, 393.0, None, None, None, 2015-07-24 10:00:00, 4.4, None, 1.0, None
None, 393.0, None, None, None, 2015-07-24 11:00:00, 4.6, None, 1.0, None
None, 393.0, None, None, None, 2015-07-24 12:00:00, 4.4, None, 1.0, None
None, 394.0, None, None, None, 2015-07-24 13:00:00, 4.4, None, 1.0, None
None, 394.0, None, None, None, 2015-07-24 14:00:00, 4.9, None, 1.0, None
None, 394.0, None, None, None, 2015-07-24 15:00:00, 5.5, None, 1.0, None
None, 394.0, None, 56.0, None, 2015-07-24 16:00:00, 6.9, None, 1.0, None
None, 394.0, None, None, None, 2015-07-24 17:00:00, 7.0, None, 1.0, None
None, 394.0, None, None, None, 2015-07-24 18:00:00, 7.9, None, 1.0, None
None, 395.0, None, None, None, 2015-07-24 19:00:00, 5.7, None, 1.0, None
None, 396.0, None, None, None, 2015-07-24 20:00:00, 5.4, None, 1.0, None
None, 396.0, None, None, None, 2015-07-24 21:00:00, 9.6, None, 1.0, None
None, 397.0, None, None, None, 2015-07-24 22:00:00, 11.8, None, 1.0, None
None, 397.0, None, None, None, 2015-07-24 23:00:00, 10.9, None, 1.0, None
None, 397.0, None, None, None, 2015-07-25 00:00:00, 7.7, None, 1.0, None
None, 397.0, None, None, None, 2015-07-25 01:00:00, 7.8, None, 1.0, None
None, 397.0, None, None, None, 2015-07-25 02:00:00, 5.1, None, 1.0, None
None, 397.0, None, None, None, 2015-07-25 03:00:00, 5.5, None, 1.0, None
None, 401.0, None, None, None, 2015-07-25 04:00:00, 2.6, None, 1.0, None
None, 403.0, None, None, None, 2015-07-25 05:00:00, 2.2, None, 1.0, None
None, 403.0, None, None, None, 2015-07-25 06:00:00, 1.7, None, 1.0, None
None, 403.0, None, None, None, 2015-07-25 07:00:00, 1.4, None, 1.0, None
None, 403.0, None, None, None, 2015-07-25 08:00:00, 2.3, None, 1.0, None
None, 403.0, None, None, None, 2015-07-25 09:00:00, 2.8, None, 1.0, None
None, 404.0, None, None, None, 2015-07-25 10:00:00, 2.9, None, 1.0, None
None, 404.0, None, None, None, 2015-07-25 11:00:00, 2.3, None, 1.0, None
None, 404.0, None, None, None, 2015-07-25 12:00:00, 2.6, None, 1.0, None
None, 404.0, None, None, None, 2015-07-25 13:00:00, 2.7, None, 1.0, None
None, 404.0, None, None, None, 2015-07-25 14:00:00, 3.8, None, 1.0, None
None, 404.0, None, None, None, 2015-07-25 15:00:00, 4.7, None, 1.0, None
None, 404.0, None, 56.0, None, 2015-07-25 16:00:00, 6.3, None, 1.0, None
None, 404.0, None, None, None, 2015-07-25 17:00:00, 6.9, None, 1.0, None
None, 404.0, None, None, None, 2015-07-25 18:00:00, 8.8, None, 1.0, None
None, 404.0, None, None, None, 2015-07-25 19:00:00, 9.5, None, 1.0, None
None, 404.0, None, None, None, 2015-07-25 20:00:00, 8.7, None, 1.0, None
None, 404.0, None, None, None, 2015-07-25 21:00:00, 10.2, None, 1.0, None
None, 404.0, None, None, None, 2015-07-25 22:00:00, 10.2, None, 1.0, None
None, 404.0, None, None, None, 2015-07-25 23:00:00, 9.6, None, 1.0, None
None, 404.0, None, None, None, 2015-07-26 00:00:00, 7.9, None, 1.0, None
None, 404.0, None, None, None, 2015-07-26 01:00:00, 10.4, None, 1.0, None
None, 404.0, None, None, None, 2015-07-26 02:00:00, 7.9, None, 1.0, None
None, 404.0, None, None, None, 2015-07-26 03:00:00, 6.5, None, 1.0, None
None, 404.0, None, None, None, 2015-07-26 04:00:00, 5.3, None, 1.0, None
None, 404.0, None, None, None, 2015-07-26 05:00:00, 4.7, None, 1.0, None
None, 404.0, None, None, None, 2015-07-26 06:00:00, 3.0, None, 1.0, None
None, 404.0, None, None, None, 2015-07-26 07:00:00, 2.9, None, 1.0, None
None, 404.0, None, None, None, 2015-07-26 08:00:00, 2.7, None, 1.0, None
None, 404.0, None, None, None, 2015-07-26 09:00:00, 3.2, None, 1.0, None
None, 404.0, None, None, None, 2015-07-26 10:00:00, 3.7, None, 1.0, None
None, 404.0, None, None, None, 2015-07-26 11:00:00, 3.4, None, 1.0, None
None, 404.0, None, None, None, 2015-07-26 12:00:00, 4.0, None, 1.0, None
None, 404.0, None, None, None, 2015-07-26 13:00:00, 4.4, None, 1.0, None
None, 404.0, None, None, None, 2015-07-26 14:00:00, 5.4, None, 1.0, None
None, 404.0, None, None, None, 2015-07-26 15:00:00, 7.2, None, 1.0, None
None, 404.0, None, 56.0, None, 2015-07-26 16:00:00, 7.8, None, 1.0, None
None, 404.0, None, None, None, 2015-07-26 17:00:00, 7.9, None, 1.0, None
None, 404.0, None, None, None, 2015-07-26 18:00:00, 10.7, None, 1.0, None
None, 404.0, None, None, None, 2015-07-26 19:00:00, 7.8, None, 1.0, None
None, 404.0, None, None, None, 2015-07-26 20:00:00, 9.3, None, 1.0, None
None, 404.0, None, None, None, 2015-07-26 21:00:00, 10.0, None, 1.0, None
None, 405.0, None, None, None, 2015-07-26 22:00:00, 9.4, None, 1.0, None
None, 405.0, None, None, None, 2015-07-26 23:00:00, 11.4, None, 1.0, None
None, 405.0, None, None, None, 2015-07-27 00:00:00, 12.1, None, 1.0, None
None, 405.0, None, None, None, 2015-07-27 01:00:00, 10.7, None, 1.0, None
None, 405.0, None, None, None, 2015-07-27 02:00:00, 10.4, None, 1.0, None
None, 405.0, None, None, None, 2015-07-27 03:00:00, 8.6, None, 1.0, None
None, 405.0, None, None, None, 2015-07-27 04:00:00, 7.9, None, 1.0, None
None, 405.0, None, None, None, 2015-07-27 05:00:00, 7.3, None, 1.0, None
None, 405.0, None, None, None, 2015-07-27 06:00:00, 7.3, None, 1.0, None
None, 405.0, None, None, None, 2015-07-27 07:00:00, 7.2, None, 1.0, None
None, 405.0, None, None, None, 2015-07-27 08:00:00, 6.7, None, 1.0, None
None, 405.0, None, None, None, 2015-07-27 09:00:00, 6.4, None, 1.0, None
None, 405.0, None, None, None, 2015-07-27 10:00:00, 6.4, None, 1.0, None
None, 405.0, None, None, None, 2015-07-27 11:00:00, 6.1, None, 1.0, None
None, 405.0, None, None, None, 2015-07-27 12:00:00, 6.1, None, 1.0, None
None, 405.0, None, None, None, 2015-07-27 13:00:00, 6.5, None, 1.0, None
None, 405.0, None, None, None, 2015-07-27 14:00:00, 7.3, None, 1.0, None
None, 405.0, None, None, None, 2015-07-27 15:00:00, 7.8, None, 1.0, None
None, 405.0, None, 52.0, None, 2015-07-27 16:00:00, 7.5, None, 1.0, None
None, 405.0, None, None, None, 2015-07-27 17:00:00, 8.4, None, 1.0, None
None, 405.0, None, None, None, 2015-07-27 18:00:00, 10.9, None, 1.0, None
None, 405.0, None, None, None, 2015-07-27 19:00:00, 10.1, None, 1.0, None
None, 406.0, None, None, None, 2015-07-27 20:00:00, 11.2, None, 1.0, None
None, 405.0, None, None, None, 2015-07-27 21:00:00, 11.0, None, 1.0, None
None, 406.0, None, None, None, 2015-07-27 22:00:00, 9.2, None, 1.0, None
None, 406.0, None, None, None, 2015-07-27 23:00:00, 10.9, None, 1.0, None
None, 406.0, None, None, None, 2015-07-28 00:00:00, 10.4, None, 1.0, None
None, 406.0, None, None, None, 2015-07-28 01:00:00, 10.4, None, 1.0, None
None, 406.0, None, None, None, 2015-07-28 02:00:00, 9.5, None, 1.0, None
None, 406.0, None, None, None, 2015-07-28 03:00:00, 8.4, None, 1.0, None
None, 406.0, None, None, None, 2015-07-28 04:00:00, 7.9, None, 1.0, None
None, 406.0, None, None, None, 2015-07-28 05:00:00, 7.1, None, 1.0, None
None, 406.0, None, None, None, 2015-07-28 06:00:00, 6.2, None, 1.0, None
None, 406.0, None, None, None, 2015-07-28 07:00:00, 5.9, None, 1.0, None
None, 407.0, None, None, None, 2015-07-28 08:00:00, 5.1, None, 1.0, None
None, 407.0, None, None, None, 2015-07-28 09:00:00, 4.9, None, 1.0, None
None, 407.0, None, None, None, 2015-07-28 10:00:00, 5.1, None, 1.0, None
None, 407.0, None, None, None, 2015-07-28 11:00:00, 5.0, None, 1.0, None
None, 407.0, None, None, None, 2015-07-28 12:00:00, 4.8, None, 1.0, None
None, 407.0, None, None, None, 2015-07-28 13:00:00, 5.4, None, 1.0, None
None, 407.0, None, None, None, 2015-07-28 14:00:00, 5.7, None, 1.0, None
None, 407.0, None, None, None, 2015-07-28 15:00:00, 6.7, None, 1.0, None
None, 407.0, None, 56.0, None, 2015-07-28 16:00:00, 9.0, None, 1.0, None
None, 407.0, None, None, None, 2015-07-28 17:00:00, 9.6, None, 1.0, None
None, 407.0, None, None, None, 2015-07-28 18:00:00, 13.3, None, 1.0, None
None, 408.0, None, None, None, 2015-07-28 19:00:00, 7.2, None, 1.0, None
None, 411.0, None, None, None, 2015-07-28 20:00:00, 5.8, None, 1.0, None
None, 410.0, None, None, None, 2015-07-28 21:00:00, 11.0, None, 1.0, None
None, 411.0, None, None, None, 2015-07-28 22:00:00, 7.7, None, 1.0, None
None, 411.0, None, None, None, 2015-07-28 23:00:00, 8.8, None, 1.0, None
None, 411.0, None, None, None, 2015-07-29 00:00:00, 10.2, None, 1.0, None
None, 411.0, None, None, None, 2015-07-29 01:00:00, 8.6, None, 1.0, None
None, 412.0, None, None, None, 2015-07-29 02:00:00, 5.2, None, 1.0, None
None, 414.0, None, None, None, 2015-07-29 03:00:00, 4.7, None, 1.0, None
None, 414.0, None, None, None, 2015-07-29 04:00:00, 4.9, None, 1.0, None
None, 414.0, None, None, None, 2015-07-29 05:00:00, 4.5, None, 1.0, None
None, 414.0, None, None, None, 2015-07-29 06:00:00, 4.6, None, 1.0, None
None, 414.0, None, None, None, 2015-07-29 07:00:00, 4.0, None, 1.0, None
None, 414.0, None, None, None, 2015-07-29 08:00:00, 3.9, None, 1.0, None
None, 414.0, None, None, None, 2015-07-29 09:00:00, 3.7, None, 1.0, None
None, 414.0, None, None, None, 2015-07-29 10:00:00, 3.6, None, 1.0, None
None, 414.0, None, None, None, 2015-07-29 11:00:00, 3.2, None, 1.0, None
None, 414.0, None, None, None, 2015-07-29 12:00:00, 3.5, None, 1.0, None
None, 414.0, None, None, None, 2015-07-29 13:00:00, 3.4, None, 1.0, None
None, 414.0, None, None, None, 2015-07-29 14:00:00, 3.9, None, 1.0, None
None, 414.0, None, None, None, 2015-07-29 15:00:00, 4.5, None, 1.0, None
None, 414.0, None, 64.0, None, 2015-07-29 16:00:00, 6.3, None, 1.0, None
None, 414.0, None, None, None, 2015-07-29 17:00:00, 8.0, None, 1.0, None
None, 414.0, None, None, None, 2015-07-29 18:00:00, 11.0, None, 1.0, None
None, 414.0, None, None, None, 2015-07-29 19:00:00, 8.9, None, 1.0, None
None, 414.0, None, None, None, 2015-07-29 20:00:00, 5.0, None, 1.0, None
None, 414.0, None, None, None, 2015-07-29 21:00:00, 7.3, None, 1.0, None
None, 415.0, None, None, None, 2015-07-29 22:00:00, 8.3, None, 1.0, None
None, 415.0, None, None, None, 2015-07-29 23:00:00, 10.1, None, 1.0, None
None, 415.0, None, None, None, 2015-07-30 00:00:00, 10.0, None, 1.0, None
None, 415.0, None, None, None, 2015-07-30 01:00:00, 9.5, None, 1.0, None
None, 415.0, None, None, None, 2015-07-30 02:00:00, 8.9, None, 1.0, None
None, 415.0, None, None, None, 2015-07-30 03:00:00, 7.7, None, 1.0, None
None, 415.0, None, None, None, 2015-07-30 13:00:00, 4.2, None, 1.0, None
None, 415.0, None, None, None, 2015-07-30 14:00:00, 6.3, None, 1.0, None
None, 415.0, None, None, None, 2015-07-30 15:00:00, 7.0, None, 1.0, None
None, 415.0, None, 71.0, None, 2015-07-30 16:00:00, 10.4, None, 1.0, None
None, 415.0, None, None, None, 2015-07-30 17:00:00, 9.4, None, 1.0, None
None, 415.0, None, None, None, 2015-07-30 18:00:00, 11.0, None, 1.0, None
None, 415.0, None, None, None, 2015-07-30 19:00:00, 9.1, None, 1.0, None
None, 415.0, None, None, None, 2015-07-30 20:00:00, 12.6, None, 1.0, None
None, 415.0, None, None, None, 2015-07-30 21:00:00, 10.8, None, 1.0, None
None, 415.0, None, None, None, 2015-07-30 22:00:00, 10.6, None, 1.0, None
None, 415.0, None, None, None, 2015-07-30 23:00:00, 10.8, None, 1.0, None
None, 415.0, None, None, None, 2015-07-31 00:00:00, 10.5, None, 1.0, None
None, 415.0, None, None, None, 2015-07-31 01:00:00, 10.6, None, 1.0, None
None, 415.0, None, None, None, 2015-07-31 02:00:00, 10.7, None, 1.0, None
None, 415.0, None, None, None, 2015-07-31 03:00:00, 9.0, None, 1.0, None
None, 415.0, None, None, None, 2015-07-31 04:00:00, 7.6, None, 1.0, None
None, 415.0, None, None, None, 2015-07-31 05:00:00, 7.2, None, 1.0, None
None, 415.0, None, None, None, 2015-07-31 06:00:00, 7.4, None, 1.0, None
None, 415.0, None, None, None, 2015-07-31 07:00:00, 7.2, None, 1.0, None
None, 415.0, None, None, None, 2015-07-31 08:00:00, 6.4, None, 1.0, None
None, 415.0, None, None, None, 2015-07-31 09:00:00, 6.5, None, 1.0, None
None, 415.0, None, None, None, 2015-07-31 10:00:00, 6.3, None, 1.0, None
None, 416.0, None, None, None, 2015-07-31 11:00:00, 5.8, None, 1.0, None
None, 416.0, None, None, None, 2015-07-31 12:00:00, 5.5, None, 1.0, None
None, 416.0, None, None, None, 2015-07-31 13:00:00, 5.8, None, 1.0, None
None, 416.0, None, None, None, 2015-07-31 14:00:00, 6.4, None, 1.0, None
None, 416.0, None, None, None, 2015-07-31 15:00:00, 6.6, None, 1.0, None
None, 416.0, None, 71.0, None, 2015-07-31 16:00:00, 7.8, None, 1.0, None
None, 416.0, None, None, None, 2015-07-31 17:00:00, 8.7, None, 1.0, None
None, 416.0, None, None, None, 2015-07-31 18:00:00, 8.5, None, 1.0, None
None, 417.0, None, None, None, 2015-07-31 19:00:00, 8.7, None, 1.0, None
None, 417.0, None, None, None, 2015-07-31 20:00:00, 9.7, None, 1.0, None
None, 417.0, None, None, None, 2015-07-31 21:00:00, 12.0, None, 1.0, None
None, 417.0, None, None, None, 2015-07-31 22:00:00, 13.1, None, 1.0, None
None, 417.0, None, None, None, 2015-07-31 23:00:00, 8.9, None, 1.0, None
None, 419.0, None, None, None, 2015-08-01 00:00:00, 6.9, None, 1.0, None
None, 419.0, None, None, None, 2015-08-01 01:00:00, 8.1, None, 1.0, None
None, 420.0, None, None, None, 2015-08-01 02:00:00, 7.5, None, 1.0, None
None, 420.0, None, None, None, 2015-08-01 03:00:00, 6.1, None, 1.0, None
None, 422.0, None, None, None, 2015-08-01 04:00:00, 5.7, None, 1.0, None
None, 422.0, None, None, None, 2015-08-01 05:00:00, 5.4, None, 1.0, None
None, 422.0, None, None, None, 2015-08-01 06:00:00, 5.4, None, 1.0, None
None, 422.0, None, None, None, 2015-08-01 07:00:00, 5.4, None, 1.0, None
None, 422.0, None, None, None, 2015-08-01 08:00:00, 4.9, None, 1.0, None
None, 422.0, None, None, None, 2015-08-01 09:00:00, 5.4, None, 1.0, None
None, 422.0, None, None, None, 2015-08-01 10:00:00, 5.7, None, 1.0, None
None, 422.0, None, None, None, 2015-08-01 11:00:00, 5.6, None, 1.0, None
None, 422.0, None, None, None, 2015-08-01 12:00:00, 5.5, None, 1.0, None
None, 422.0, None, None, None, 2015-08-01 13:00:00, 5.7, None, 1.0, None
None, 422.0, None, None, None, 2015-08-01 14:00:00, 8.6, None, 1.0, None
None, 422.0, None, None, None, 2015-08-01 15:00:00, 8.3, None, 1.0, None
None, 422.0, None, 71.0, None, 2015-08-01 16:00:00, 7.4, None, 1.0, None
None, 423.0, None, None, None, 2015-08-01 17:00:00, 8.4, None, 1.0, None
None, 423.0, None, None, None, 2015-08-01 18:00:00, 10.0, None, 1.0, None
None, 423.0, None, None, None, 2015-08-01 19:00:00, 9.3, None, 1.0, None
None, 423.0, None, None, None, 2015-08-01 20:00:00, 8.9, None, 1.0, None
None, 423.0, None, None, None, 2015-08-01 21:00:00, 12.6, None, 1.0, None
None, 423.0, None, None, None, 2015-08-01 22:00:00, 10.3, None, 1.0, None
None, 423.0, None, None, None, 2015-08-01 23:00:00, 9.3, None, 1.0, None
None, 423.0, None, None, None, 2015-08-02 00:00:00, 10.4, None, 1.0, None
None, 423.0, None, None, None, 2015-08-02 01:00:00, 9.9, None, 1.0, None
None, 423.0, None, None, None, 2015-08-02 02:00:00, 9.0, None, 1.0, None
None, 423.0, None, None, None, 2015-08-02 03:00:00, 8.1, None, 1.0, None
None, 423.0, None, None, None, 2015-08-02 04:00:00, 6.6, None, 1.0, None
None, 423.0, None, None, None, 2015-08-02 05:00:00, 4.7, None, 1.0, None
None, 423.0, None, None, None, 2015-08-02 06:00:00, 4.4, None, 1.0, None
None, 423.0, None, None, None, 2015-08-02 07:00:00, 4.6, None, 1.0, None
None, 423.0, None, None, None, 2015-08-02 08:00:00, 3.9, None, 1.0, None
None, 423.0, None, None, None, 2015-08-02 09:00:00, 4.5, None, 1.0, None
None, 423.0, None, None, None, 2015-08-02 10:00:00, 4.7, None, 1.0, None
None, 423.0, None, None, None, 2015-08-02 11:00:00, 3.6, None, 1.0, None
None, 423.0, None, None, None, 2015-08-02 12:00:00, 3.5, None, 1.0, None
None, 423.0, None, None, None, 2015-08-02 13:00:00, 4.4, None, 1.0, None
None, 423.0, None, None, None, 2015-08-02 14:00:00, 7.3, None, 1.0, None
None, 423.0, None, None, None, 2015-08-02 15:00:00, 8.9, None, 1.0, None
None, 423.0, None, 79.0, None, 2015-08-02 16:00:00, 9.8, None, 1.0, None
None, 423.0, None, None, None, 2015-08-02 17:00:00, 9.9, None, 1.0, None
None, 423.0, None, None, None, 2015-08-02 18:00:00, 10.0, None, 1.0, None
None, 423.0, None, None, None, 2015-08-02 19:00:00, 9.5, None, 1.0, None
None, 423.0, None, None, None, 2015-08-02 20:00:00, 10.1, None, 1.0, None
None, 424.0, None, None, None, 2015-08-02 21:00:00, 7.6, None, 1.0, None
None, 425.0, None, None, None, 2015-08-02 22:00:00, 7.1, None, 1.0, None
None, 426.0, None, None, None, 2015-08-02 23:00:00, 6.6, None, 1.0, None
None, 427.0, None, None, None, 2015-08-03 00:00:00, 6.1, None, 1.0, None
None, 427.0, None, None, None, 2015-08-03 01:00:00, 6.3, None, 1.0, None
None, 427.0, None, None, None, 2015-08-03 02:00:00, 6.0, None, 1.0, None
None, 427.0, None, None, None, 2015-08-03 03:00:00, 5.9, None, 1.0, None
None, 427.0, None, None, None, 2015-08-03 04:00:00, 5.4, None, 1.0, None
None, 429.0, None, None, None, 2015-08-03 05:00:00, 4.6, None, 1.0, None
None, 429.0, None, None, None, 2015-08-03 06:00:00, 4.6, None, 1.0, None
None, 429.0, None, None, None, 2015-08-03 07:00:00, 4.2, None, 1.0, None
None, 429.0, None, None, None, 2015-08-03 08:00:00, 3.3, None, 1.0, None
None, 429.0, None, None, None, 2015-08-03 09:00:00, 4.0, None, 1.0, None
None, 429.0, None, None, None, 2015-08-03 10:00:00, 3.3, None, 1.0, None
None, 430.0, None, None, None, 2015-08-03 11:00:00, 3.5, None, 1.0, None
None, 429.0, None, None, None, 2015-08-03 12:00:00, 3.7, None, 1.0, None
None, 429.0, None, None, None, 2015-08-03 13:00:00, 4.2, None, 1.0, None
None, 429.0, None, None, None, 2015-08-03 14:00:00, 4.9, None, 1.0, None
None, 429.0, None, None, None, 2015-08-03 15:00:00, 5.6, None, 1.0, None
None, 429.0, None, 79.0, None, 2015-08-03 16:00:00, 6.6, None, 1.0, None
None, 430.0, None, None, None, 2015-08-03 17:00:00, 6.4, None, 1.0, None
None, 430.0, None, None, None, 2015-08-03 18:00:00, 6.7, None, 1.0, None
None, 430.0, None, None, None, 2015-08-03 19:00:00, 7.5, None, 1.0, None
None, 431.0, None, None, None, 2015-08-03 20:00:00, 7.2, None, 1.0, None
None, 431.0, None, None, None, 2015-08-03 21:00:00, 7.8, None, 1.0, None
None, 431.0, None, None, None, 2015-08-03 22:00:00, 7.8, None, 1.0, None
None, 432.0, None, None, None, 2015-08-03 23:00:00, 8.0, None, 1.0, None
None, 433.0, None, None, None, 2015-08-04 00:00:00, 8.2, None, 1.0, None
None, 433.0, None, None, None, 2015-08-04 01:00:00, 7.8, None, 1.0, None
None, 433.0, None, None, None, 2015-08-04 02:00:00, 7.6, None, 1.0, None
None, 433.0, None, None, None, 2015-08-04 03:00:00, 7.3, None, 1.0, None
None, 433.0, None, None, None, 2015-08-04 04:00:00, 7.6, None, 1.0, None
None, 434.0, None, None, None, 2015-08-04 05:00:00, 6.2, None, 1.0, None
None, 436.0, None, None, None, 2015-08-04 06:00:00, 6.2, None, 1.0, None
None, 438.0, None, None, None, 2015-08-04 07:00:00, 6.3, None, 1.0, None
None, 439.0, None, None, None, 2015-08-04 08:00:00, 6.3, None, 1.0, None
None, 440.0, None, None, None, 2015-08-04 09:00:00, 6.1, None, 1.0, None
None, 441.0, None, None, None, 2015-08-04 10:00:00, 6.2, None, 1.0, None
None, 442.0, None, None, None, 2015-08-04 11:00:00, 6.2, None, 1.0, None
None, 444.0, None, None, None, 2015-08-04 12:00:00, 6.1, None, 1.0, None
None, 447.0, None, None, None, 2015-08-04 13:00:00, 6.2, None, 1.0, None
None, 452.0, None, None, None, 2015-08-04 14:00:00, 4.4, None, 1.0, None
None, 458.0, None, None, None, 2015-08-04 15:00:00, 2.5, None, 1.0, None
None, 463.0, None, 82.0, None, 2015-08-04 16:00:00, 2.4, None, 1.0, None
None, 464.0, None, None, None, 2015-08-04 17:00:00, 2.8, None, 1.0, None
None, 464.0, None, None, None, 2015-08-04 18:00:00, 3.2, None, 1.0, None
None, 464.0, None, None, None, 2015-08-04 19:00:00, 7.6, None, 1.0, None
None, 464.0, None, None, None, 2015-08-04 20:00:00, 7.4, None, 1.0, None
None, 464.0, None, None, None, 2015-08-04 21:00:00, 9.2, None, 1.0, None
None, 464.0, None, None, None, 2015-08-04 22:00:00, 10.5, None, 1.0, None
None, 464.0, None, None, None, 2015-08-04 23:00:00, 10.2, None, 1.0, None
None, 464.0, None, None, None, 2015-08-05 00:00:00, 9.7, None, 1.0, None
None, 464.0, None, None, None, 2015-08-05 01:00:00, 10.9, None, 1.0, None
None, 464.0, None, None, None, 2015-08-05 02:00:00, 9.7, None, 1.0, None
None, 464.0, None, None, None, 2015-08-05 03:00:00, 7.9, None, 1.0, None
None, 464.0, None, None, None, 2015-08-05 04:00:00, 7.5, None, 1.0, None
None, 464.0, None, None, None, 2015-08-05 05:00:00, 7.2, None, 1.0, None
None, 464.0, None, None, None, 2015-08-05 06:00:00, 6.6, None, 1.0, None
None, 464.0, None, None, None, 2015-08-05 07:00:00, 6.6, None, 1.0, None
None, 464.0, None, None, None, 2015-08-05 08:00:00, 6.5, None, 1.0, None
None, 464.0, None, None, None, 2015-08-05 09:00:00, 6.2, None, 1.0, None
None, 464.0, None, None, None, 2015-08-05 10:00:00, 6.2, None, 1.0, None
None, 464.0, None, None, None, 2015-08-05 11:00:00, 6.1, None, 1.0, None
None, 464.0, None, None, None, 2015-08-05 12:00:00, 5.5, None, 1.0, None
None, 464.0, None, None, None, 2015-08-05 13:00:00, 6.2, None, 1.0, None
None, 464.0, None, None, None, 2015-08-05 14:00:00, 5.9, None, 1.0, None
None, 464.0, None, None, None, 2015-08-05 15:00:00, 8.3, None, 1.0, None
None, 464.0, None, 82.0, None, 2015-08-05 16:00:00, 9.9, None, 1.0, None
None, 464.0, None, None, None, 2015-08-05 17:00:00, 10.4, None, 1.0, None
None, 464.0, None, None, None, 2015-08-05 18:00:00, 10.8, None, 1.0, None
None, 464.0, None, None, None, 2015-08-05 19:00:00, 12.0, None, 1.0, None
None, 464.0, None, None, None, 2015-08-05 20:00:00, 12.0, None, 1.0, None
None, 464.0, None, None, None, 2015-08-05 21:00:00, 11.8, None, 1.0, None
None, 464.0, None, None, None, 2015-08-05 22:00:00, 11.3, None, 1.0, None
None, 464.0, None, None, None, 2015-08-05 23:00:00, 11.6, None, 1.0, None
None, 464.0, None, None, None, 2015-08-06 00:00:00, 11.3, None, 1.0, None
None, 464.0, None, None, None, 2015-08-06 01:00:00, 10.2, None, 1.0, None
None, 464.0, None, None, None, 2015-08-06 02:00:00, 10.5, None, 1.0, None
None, 464.0, None, None, None, 2015-08-06 03:00:00, 9.8, None, 1.0, None
None, 464.0, None, None, None, 2015-08-06 04:00:00, 9.6, None, 1.0, None
None, 464.0, None, None, None, 2015-08-06 05:00:00, 9.0, None, 1.0, None
None, 464.0, None, None, None, 2015-08-06 06:00:00, 6.8, None, 1.0, None
None, 464.0, None, None, None, 2015-08-06 07:00:00, 7.6, None, 1.0, None
None, 464.0, None, None, None, 2015-08-06 08:00:00, 7.3, None, 1.0, None
None, 464.0, None, None, None, 2015-08-06 09:00:00, 6.4, None, 1.0, None
None, 464.0, None, None, None, 2015-08-06 10:00:00, 6.6, None, 1.0, None
None, 464.0, None, None, None, 2015-08-06 11:00:00, 6.2, None, 1.0, None
None, 464.0, None, None, None, 2015-08-06 12:00:00, 5.9, None, 1.0, None
None, 464.0, None, None, None, 2015-08-06 13:00:00, 6.5, None, 1.0, None
None, 464.0, None, None, None, 2015-08-06 14:00:00, 10.0, None, 1.0, None
None, 464.0, None, None, None, 2015-08-06 15:00:00, 12.2, None, 1.0, None
None, 464.0, None, 82.0, None, 2015-08-06 16:00:00, 12.4, None, 1.0, None
None, 464.0, None, None, None, 2015-08-06 17:00:00, 14.4, None, 1.0, None
None, 464.0, None, None, None, 2015-08-06 18:00:00, 16.0, None, 1.0, None
None, 464.0, None, None, None, 2015-08-06 19:00:00, 17.3, None, 1.0, None
None, 464.0, None, None, None, 2015-08-06 20:00:00, 18.0, None, 1.0, None
None, 464.0, None, None, None, 2015-08-06 21:00:00, 14.9, None, 1.0, None
None, 464.0, None, None, None, 2015-08-06 22:00:00, 15.6, None, 1.0, None
None, 464.0, None, None, None, 2015-08-06 23:00:00, 14.6, None, 1.0, None
None, 464.0, None, None, None, 2015-08-07 00:00:00, 14.6, None, 1.0, None
None, 464.0, None, None, None, 2015-08-07 01:00:00, 14.5, None, 1.0, None
None, 464.0, None, None, None, 2015-08-07 02:00:00, 13.5, None, 1.0, None
None, 464.0, None, None, None, 2015-08-07 03:00:00, 11.2, None, 1.0, None
None, 464.0, None, None, None, 2015-08-07 04:00:00, 10.8, None, 1.0, None
None, 464.0, None, None, None, 2015-08-07 05:00:00, 9.7, None, 1.0, None
None, 464.0, None, None, None, 2015-08-07 06:00:00, 9.2, None, 1.0, None
None, 464.0, None, None, None, 2015-08-07 07:00:00, 9.8, None, 1.0, None
None, 464.0, None, None, None, 2015-08-07 08:00:00, 9.4, None, 1.0, None
None, 464.0, None, None, None, 2015-08-07 09:00:00, 8.9, None, 1.0, None
None, 464.0, None, None, None, 2015-08-07 10:00:00, 7.9, None, 1.0, None
None, 464.0, None, None, None, 2015-08-07 11:00:00, 7.5, None, 1.0, None
None, 464.0, None, None, None, 2015-08-07 12:00:00, 7.3, None, 1.0, None
None, 464.0, None, None, None, 2015-08-07 13:00:00, 7.8, None, 1.0, None
None, 464.0, None, None, None, 2015-08-07 14:00:00, 10.1, None, 1.0, None
None, 464.0, None, None, None, 2015-08-07 15:00:00, 12.1, None, 1.0, None
None, 464.0, None, 86.0, None, 2015-08-07 16:00:00, 10.8, None, 1.0, None
None, 464.0, None, None, None, 2015-08-07 17:00:00, 11.3, None, 1.0, None
None, 464.0, None, None, None, 2015-08-07 18:00:00, 11.6, None, 1.0, None
None, 464.0, None, None, None, 2015-08-07 19:00:00, 12.4, None, 1.0, None
None, 466.0, None, None, None, 2015-08-07 20:00:00, 9.0, None, 1.0, None
None, 466.0, None, None, None, 2015-08-07 21:00:00, 10.9, None, 1.0, None
None, 466.0, None, None, None, 2015-08-07 22:00:00, 14.9, None, 1.0, None
None, 466.0, None, None, None, 2015-08-07 23:00:00, 15.0, None, 1.0, None
None, 466.0, None, None, None, 2015-08-08 00:00:00, 11.7, None, 1.0, None
None, 466.0, None, None, None, 2015-08-08 01:00:00, 13.0, None, 1.0, None
None, 466.0, None, None, None, 2015-08-08 02:00:00, 12.4, None, 1.0, None
None, 466.0, None, None, None, 2015-08-08 03:00:00, 11.4, None, 1.0, None
None, 467.0, None, None, None, 2015-08-08 04:00:00, 8.7, None, 1.0, None
None, 467.0, None, None, None, 2015-08-08 05:00:00, 8.0, None, 1.0, None
None, 466.0, None, None, None, 2015-08-08 06:00:00, 8.0, None, 1.0, None
None, 466.0, None, None, None, 2015-08-08 07:00:00, 8.3, None, 1.0, None
None, 466.0, None, None, None, 2015-08-08 08:00:00, 6.6, None, 1.0, None
None, 466.0, None, None, None, 2015-08-08 09:00:00, 8.0, None, 1.0, None
None, 466.0, None, None, None, 2015-08-08 10:00:00, 8.5, None, 1.0, None
None, 466.0, None, None, None, 2015-08-08 11:00:00, 7.9, None, 1.0, None
None, 466.0, None, None, None, 2015-08-08 12:00:00, 8.1, None, 1.0, None
None, 466.0, None, None, None, 2015-08-08 13:00:00, 8.1, None, 1.0, None
None, 466.0, None, None, None, 2015-08-08 14:00:00, 7.8, None, 1.0, None
None, 466.0, None, None, None, 2015-08-08 15:00:00, 8.9, None, 1.0, None
None, 466.0, None, 90.0, None, 2015-08-08 16:00:00, 12.8, None, 1.0, None
None, 467.0, None, None, None, 2015-08-08 17:00:00, 11.2, None, 1.0, None
None, 466.0, None, None, None, 2015-08-08 18:00:00, 11.9, None, 1.0, None
None, 466.0, None, None, None, 2015-08-08 19:00:00, 14.1, None, 1.0, None
None, 466.0, None, None, None, 2015-08-08 20:00:00, 16.6, None, 1.0, None
None, 466.0, None, None, None, 2015-08-08 21:00:00, 17.4, None, 1.0, None
None, 467.0, None, None, None, 2015-08-08 22:00:00, 12.9, None, 1.0, None
None, 467.0, None, None, None, 2015-08-08 23:00:00, 13.4, None, 1.0, None
None, 467.0, None, None, None, 2015-08-09 00:00:00, 14.2, None, 1.0, None
None, 467.0, None, None, None, 2015-08-09 01:00:00, 14.6, None, 1.0, None
None, 467.0, None, None, None, 2015-08-09 02:00:00, 14.7, None, 1.0, None
None, 467.0, None, None, None, 2015-08-09 03:00:00, 12.1, None, 1.0, None
None, 467.0, None, None, None, 2015-08-09 04:00:00, 10.8, None, 1.0, None
None, 467.0, None, None, None, 2015-08-09 05:00:00, 10.5, None, 1.0, None
None, 467.0, None, None, None, 2015-08-09 06:00:00, 10.8, None, 1.0, None
None, 467.0, None, None, None, 2015-08-09 07:00:00, 9.7, None, 1.0, None
None, 467.0, None, None, None, 2015-08-09 08:00:00, 9.4, None, 1.0, None
None, 467.0, None, None, None, 2015-08-09 09:00:00, 8.3, None, 1.0, None
None, 467.0, None, None, None, 2015-08-09 10:00:00, 8.0, None, 1.0, None
None, 467.0, None, None, None, 2015-08-09 11:00:00, 7.6, None, 1.0, None
None, 467.0, None, None, None, 2015-08-09 12:00:00, 7.9, None, 1.0, None
None, 467.0, None, None, None, 2015-08-09 13:00:00, 8.5, None, 1.0, None
None, 467.0, None, None, None, 2015-08-09 14:00:00, 9.9, None, 1.0, None
None, 467.0, None, None, None, 2015-08-09 15:00:00, 9.5, None, 1.0, None
None, 468.0, None, 90.0, None, 2015-08-09 16:00:00, 9.0, None, 1.0, None
None, 469.0, None, None, None, 2015-08-09 17:00:00, 9.2, None, 1.0, None
None, 469.0, None, None, None, 2015-08-09 18:00:00, 9.5, None, 1.0, None
None, 469.0, None, None, None, 2015-08-09 19:00:00, 9.5, None, 1.0, None
None, 470.0, None, None, None, 2015-08-09 20:00:00, 10.4, None, 1.0, None
None, 470.0, None, None, None, 2015-08-09 21:00:00, 11.1, None, 1.0, None
None, 469.0, None, None, None, 2015-08-09 22:00:00, 12.9, None, 1.0, None
None, 469.0, None, None, None, 2015-08-09 23:00:00, 12.6, None, 1.0, None
None, 469.0, None, None, None, 2015-08-10 00:00:00, 12.1, None, 1.0, None
None, 470.0, None, None, None, 2015-08-10 01:00:00, 11.7, None, 1.0, None
None, 470.0, None, None, None, 2015-08-10 02:00:00, 11.1, None, 1.0, None
None, 470.0, None, None, None, 2015-08-10 03:00:00, 10.3, None, 1.0, None
None, 470.0, None, None, None, 2015-08-10 04:00:00, 9.1, None, 1.0, None
None, 470.0, None, None, None, 2015-08-10 05:00:00, 9.0, None, 1.0, None
None, 470.0, None, None, None, 2015-08-10 06:00:00, 8.6, None, 1.0, None
None, 470.0, None, None, None, 2015-08-10 07:00:00, 8.7, None, 1.0, None
None, 471.0, None, None, None, 2015-08-10 08:00:00, 8.5, None, 1.0, None
None, 471.0, None, None, None, 2015-08-10 09:00:00, 8.4, None, 1.0, None
None, 471.0, None, None, None, 2015-08-10 10:00:00, 8.3, None, 1.0, None
None, 471.0, None, None, None, 2015-08-10 11:00:00, 8.2, None, 1.0, None
None, 471.0, None, None, None, 2015-08-10 12:00:00, 8.1, None, 1.0, None
None, 471.0, None, None, None, 2015-08-10 13:00:00, 7.8, None, 1.0, None
None, 471.0, None, None, None, 2015-08-10 14:00:00, 8.6, None, 1.0, None
None, 471.0, None, None, None, 2015-08-10 15:00:00, 9.6, None, 1.0, None
None, 471.0, None, 90.0, None, 2015-08-10 16:00:00, 9.3, None, 1.0, None
None, 471.0, None, None, None, 2015-08-10 17:00:00, 9.6, None, 1.0, None
None, 471.0, None, None, None, 2015-08-10 18:00:00, 11.2, None, 1.0, None
None, 471.0, None, None, None, 2015-08-10 19:00:00, 13.5, None, 1.0, None
None, 471.0, None, None, None, 2015-08-10 20:00:00, 12.8, None, 1.0, None
None, 474.0, None, None, None, 2015-08-10 21:00:00, 6.9, None, 1.0, None
None, 474.0, None, None, None, 2015-08-10 22:00:00, 13.0, None, 1.0, None
None, 474.0, None, None, None, 2015-08-10 23:00:00, 10.2, None, 1.0, None
None, 474.0, None, None, None, 2015-08-11 00:00:00, 9.9, None, 1.0, None
None, 474.0, None, None, None, 2015-08-11 01:00:00, 9.8, None, 1.0, None
None, 475.0, None, None, None, 2015-08-11 02:00:00, 8.5, None, 1.0, None
None, 474.0, None, None, None, 2015-08-11 03:00:00, 8.3, None, 1.0, None
None, 474.0, None, None, None, 2015-08-11 04:00:00, 7.7, None, 1.0, None
None, 474.0, None, None, None, 2015-08-11 05:00:00, 7.2, None, 1.0, None
None, 474.0, None, None, None, 2015-08-11 06:00:00, 6.6, None, 1.0, None
None, 474.0, None, None, None, 2015-08-11 07:00:00, 6.3, None, 1.0, None
None, 475.0, None, None, None, 2015-08-11 08:00:00, 5.6, None, 1.0, None
None, 475.0, None, None, None, 2015-08-11 09:00:00, 5.6, None, 1.0, None
None, 475.0, None, None, None, 2015-08-11 10:00:00, 5.8, None, 1.0, None
None, 475.0, None, None, None, 2015-08-11 11:00:00, 5.8, None, 1.0, None
None, 475.0, None, None, None, 2015-08-11 12:00:00, 6.0, None, 1.0, None
None, 475.0, None, None, None, 2015-08-11 13:00:00, 5.5, None, 1.0, None
None, 475.0, None, None, None, 2015-08-11 14:00:00, 6.6, None, 1.0, None
None, 475.0, None, None, None, 2015-08-11 15:00:00, 7.7, None, 1.0, None
None, 475.0, None, 94.0, None, 2015-08-11 16:00:00, 6.5, None, 1.0, None
None, 475.0, None, None, None, 2015-08-11 17:00:00, 8.6, None, 1.0, None
None, 475.0, None, None, None, 2015-08-11 18:00:00, 8.3, None, 1.0, None
None, 475.0, None, None, None, 2015-08-11 19:00:00, 9.4, None, 1.0, None
None, 475.0, None, None, None, 2015-08-11 20:00:00, 10.0, None, 1.0, None
None, 475.0, None, None, None, 2015-08-11 21:00:00, 11.2, None, 1.0, None
None, 475.0, None, None, None, 2015-08-11 22:00:00, 10.7, None, 1.0, None
None, 476.0, None, None, None, 2015-08-11 23:00:00, 9.5, None, 1.0, None
None, 476.0, None, None, None, 2015-08-12 00:00:00, 10.0, None, 1.0, None
None, 476.0, None, None, None, 2015-08-12 01:00:00, 8.4, None, 1.0, None
None, 476.0, None, None, None, 2015-08-12 02:00:00, 8.6, None, 1.0, None
None, 476.0, None, None, None, 2015-08-12 03:00:00, 7.9, None, 1.0, None
None, 475.0, None, None, None, 2015-08-12 04:00:00, 7.1, None, 1.0, None
None, 475.0, None, None, None, 2015-08-12 05:00:00, 6.7, None, 1.0, None
None, 475.0, None, None, None, 2015-08-12 06:00:00, 6.7, None, 1.0, None
None, 475.0, None, None, None, 2015-08-12 07:00:00, 6.4, None, 1.0, None
None, 475.0, None, None, None, 2015-08-12 08:00:00, 5.9, None, 1.0, None
None, 475.0, None, None, None, 2015-08-12 09:00:00, 6.1, None, 1.0, None
None, 475.0, None, None, None, 2015-08-12 10:00:00, 6.2, None, 1.0, None
None, 475.0, None, None, None, 2015-08-12 11:00:00, 6.0, None, 1.0, None
None, 475.0, None, None, None, 2015-08-12 12:00:00, 5.9, None, 1.0, None
None, 475.0, None, None, None, 2015-08-12 13:00:00, 5.8, None, 1.0, None
None, 475.0, None, None, None, 2015-08-12 14:00:00, 7.3, None, 1.0, None
None, 475.0, None, None, None, 2015-08-12 15:00:00, 7.2, None, 1.0, None
None, 475.0, None, 94.0, None, 2015-08-12 16:00:00, 8.7, None, 1.0, None
None, 475.0, None, None, None, 2015-08-12 17:00:00, 8.2, None, 1.0, None
None, 475.0, None, None, None, 2015-08-12 18:00:00, 9.7, None, 1.0, None
None, 476.0, None, None, None, 2015-08-12 19:00:00, 10.6, None, 1.0, None
None, 476.0, None, None, None, 2015-08-12 20:00:00, 10.6, None, 1.0, None
None, 476.0, None, None, None, 2015-08-12 21:00:00, 10.5, None, 1.0, None
None, 476.0, None, None, None, 2015-08-12 22:00:00, 9.3, None, 1.0, None
None, 476.0, None, None, None, 2015-08-12 23:00:00, 8.6, None, 1.0, None
None, 476.0, None, None, None, 2015-08-13 00:00:00, 9.3, None, 1.0, None
None, 476.0, None, None, None, 2015-08-13 01:00:00, 9.1, None, 1.0, None
None, 476.0, None, None, None, 2015-08-13 02:00:00, 10.0, None, 1.0, None
None, 476.0, None, None, None, 2015-08-13 03:00:00, 8.8, None, 1.0, None
None, 476.0, None, None, None, 2015-08-13 04:00:00, 8.4, None, 1.0, None
None, 476.0, None, None, None, 2015-08-13 05:00:00, 8.0, None, 1.0, None
None, 476.0, None, None, None, 2015-08-13 06:00:00, 7.3, None, 1.0, None
None, 476.0, None, None, None, 2015-08-13 07:00:00, 6.9, None, 1.0, None
None, 476.0, None, None, None, 2015-08-13 08:00:00, 6.0, None, 1.0, None
None, 476.0, None, None, None, 2015-08-13 09:00:00, 7.0, None, 1.0, None
None, 476.0, None, None, None, 2015-08-13 10:00:00, 6.2, None, 1.0, None
None, 476.0, None, None, None, 2015-08-13 11:00:00, 6.5, None, 1.0, None
None, 476.0, None, None, None, 2015-08-13 12:00:00, 5.6, None, 1.0, None
None, 476.0, None, None, None, 2015-08-13 13:00:00, 5.9, None, 1.0, None
None, 476.0, None, None, None, 2015-08-13 14:00:00, 6.2, None, 1.0, None
None, 476.0, None, None, None, 2015-08-13 15:00:00, 6.4, None, 1.0, None
None, 476.0, None, 90.0, None, 2015-08-13 16:00:00, 6.0, None, 1.0, None
None, 476.0, None, None, None, 2015-08-13 17:00:00, 6.7, None, 1.0, None
None, 476.0, None, None, None, 2015-08-13 18:00:00, 10.3, None, 1.0, None
None, 476.0, None, None, None, 2015-08-13 19:00:00, 8.2, None, 1.0, None
None, 479.0, None, None, None, 2015-08-13 20:00:00, 4.6, None, 1.0, None
None, 479.0, None, None, None, 2015-08-13 21:00:00, 8.4, None, 1.0, None
None, 480.0, None, None, None, 2015-08-13 22:00:00, 7.1, None, 1.0, None
None, 480.0, None, None, None, 2015-08-13 23:00:00, 5.1, None, 1.0, None
None, 480.0, None, None, None, 2015-08-14 00:00:00, 6.9, None, 1.0, None
None, 480.0, None, None, None, 2015-08-14 01:00:00, 6.0, None, 1.0, None
None, 482.0, None, None, None, 2015-08-14 02:00:00, 3.8, None, 1.0, None
None, 483.0, None, None, None, 2015-08-14 03:00:00, 2.1, None, 1.0, None
None, 483.0, None, None, None, 2015-08-14 04:00:00, 2.7, None, 1.0, None
None, 483.0, None, None, None, 2015-08-14 05:00:00, 1.9, None, 1.0, None
None, 483.0, None, None, None, 2015-08-14 06:00:00, 2.3, None, 1.0, None
None, 483.0, None, None, None, 2015-08-14 07:00:00, 1.5, None, 1.0, None
None, 484.0, None, None, None, 2015-08-14 08:00:00, 1.3, None, 1.0, None
None, 483.0, None, None, None, 2015-08-14 09:00:00, 1.4, None, 1.0, None
None, 483.0, None, None, None, 2015-08-14 10:00:00, 1.2, None, 1.0, None
None, 484.0, None, None, None, 2015-08-14 11:00:00, 0.6, None, 1.0, None
None, 484.0, None, None, None, 2015-08-14 12:00:00, 0.4, None, 1.0, None
None, 484.0, None, None, None, 2015-08-14 13:00:00, 0.7, None, 1.0, None
None, 483.0, None, None, None, 2015-08-14 14:00:00, 3.8, None, 1.0, None
None, 483.0, None, None, None, 2015-08-14 15:00:00, 5.0, None, 1.0, None
None, 483.0, None, 90.0, None, 2015-08-14 16:00:00, 6.5, None, 1.0, None
None, 483.0, None, None, None, 2015-08-14 17:00:00, 8.5, None, 1.0, None
None, 483.0, None, None, None, 2015-08-14 18:00:00, 7.6, None, 1.0, None
None, 483.0, None, None, None, 2015-08-14 19:00:00, 7.2, None, 1.0, None
None, 483.0, None, None, None, 2015-08-14 20:00:00, 8.1, None, 1.0, None
None, 483.0, None, None, None, 2015-08-14 21:00:00, 10.5, None, 1.0, None
None, 483.0, None, None, None, 2015-08-14 22:00:00, 9.2, None, 1.0, None
None, 483.0, None, None, None, 2015-08-14 23:00:00, 11.8, None, 1.0, None
None, 483.0, None, None, None, 2015-08-15 00:00:00, 10.2, None, 1.0, None
None, 483.0, None, None, None, 2015-08-15 01:00:00, 10.5, None, 1.0, None
None, 483.0, None, None, None, 2015-08-15 02:00:00, 8.5, None, 1.0, None
None, 483.0, None, None, None, 2015-08-15 03:00:00, 7.2, None, 1.0, None
None, 483.0, None, None, None, 2015-08-15 04:00:00, 5.9, None, 1.0, None
None, 483.0, None, None, None, 2015-08-15 05:00:00, 4.0, None, 1.0, None
None, 483.0, None, None, None, 2015-08-15 06:00:00, 4.0, None, 1.0, None
None, 483.0, None, None, None, 2015-08-15 07:00:00, 3.9, None, 1.0, None
None, 483.0, None, None, None, 2015-08-15 08:00:00, 3.1, None, 1.0, None
None, 483.0, None, None, None, 2015-08-15 09:00:00, 4.0, None, 1.0, None
None, 483.0, None, None, None, 2015-08-15 10:00:00, 4.1, None, 1.0, None
None, 483.0, None, None, None, 2015-08-15 11:00:00, 4.4, None, 1.0, None
None, 483.0, None, None, None, 2015-08-15 12:00:00, 4.0, None, 1.0, None
None, 483.0, None, None, None, 2015-08-15 13:00:00, 4.1, None, 1.0, None
None, 483.0, None, None, None, 2015-08-15 14:00:00, 4.9, None, 1.0, None
None, 483.0, None, None, None, 2015-08-15 15:00:00, 5.8, None, 1.0, None
None, 483.0, None, 90.0, None, 2015-08-15 16:00:00, 6.1, None, 1.0, None
None, 483.0, None, None, None, 2015-08-15 17:00:00, 7.4, None, 1.0, None
None, 483.0, None, None, None, 2015-08-15 18:00:00, 8.6, None, 1.0, None
None, 483.0, None, None, None, 2015-08-15 19:00:00, 8.9, None, 1.0, None
None, 483.0, None, None, None, 2015-08-15 20:00:00, 10.5, None, 1.0, None
None, 483.0, None, None, None, 2015-08-15 21:00:00, 10.0, None, 1.0, None
None, 483.0, None, None, None, 2015-08-15 22:00:00, 14.1, None, 1.0, None
None, 483.0, None, None, None, 2015-08-15 23:00:00, 11.8, None, 1.0, None
None, 483.0, None, None, None, 2015-08-16 00:00:00, 12.4, None, 1.0, None
None, 483.0, None, None, None, 2015-08-16 01:00:00, 10.9, None, 1.0, None
None, 483.0, None, None, None, 2015-08-16 02:00:00, 9.5, None, 1.0, None
None, 483.0, None, None, None, 2015-08-16 03:00:00, 7.6, None, 1.0, None
None, 483.0, None, None, None, 2015-08-16 04:00:00, 5.8, None, 1.0, None
None, 483.0, None, None, None, 2015-08-16 05:00:00, 4.9, None, 1.0, None
None, 483.0, None, None, None, 2015-08-16 06:00:00, 4.9, None, 1.0, None
None, 483.0, None, None, None, 2015-08-16 07:00:00, 4.3, None, 1.0, None
None, 483.0, None, None, None, 2015-08-16 08:00:00, 4.3, None, 1.0, None
None, 483.0, None, None, None, 2015-08-16 09:00:00, 4.0, None, 1.0, None
None, 483.0, None, None, None, 2015-08-16 10:00:00, 4.3, None, 1.0, None
None, 483.0, None, None, None, 2015-08-16 11:00:00, 3.4, None, 1.0, None
None, 483.0, None, None, None, 2015-08-16 12:00:00, 3.4, None, 1.0, None
None, 483.0, None, None, None, 2015-08-16 13:00:00, 3.0, None, 1.0, None
None, 483.0, None, None, None, 2015-08-16 14:00:00, 6.8, None, 1.0, None
None, 483.0, None, None, None, 2015-08-16 15:00:00, 11.1, None, 1.0, None
None, 483.0, None, 93.0, None, 2015-08-16 16:00:00, 10.3, None, 1.0, None
None, 483.0, None, None, None, 2015-08-16 17:00:00, 11.7, None, 1.0, None
None, 483.0, None, None, None, 2015-08-16 18:00:00, 13.2, None, 1.0, None
None, 483.0, None, None, None, 2015-08-16 19:00:00, 14.6, None, 1.0, None
None, 483.0, None, None, None, 2015-08-16 20:00:00, 15.7, None, 1.0, None
None, 483.0, None, None, None, 2015-08-16 21:00:00, 15.9, None, 1.0, None
None, 483.0, None, None, None, 2015-08-16 22:00:00, 14.3, None, 1.0, None
None, 483.0, None, None, None, 2015-08-16 23:00:00, 16.3, None, 1.0, None
None, 483.0, None, None, None, 2015-08-17 00:00:00, 14.3, None, 1.0, None
None, 483.0, None, None, None, 2015-08-17 01:00:00, 12.7, None, 1.0, None
None, 483.0, None, None, None, 2015-08-17 02:00:00, 11.3, None, 1.0, None
None, 483.0, None, None, None, 2015-08-17 03:00:00, 10.4, None, 1.0, None
None, 483.0, None, None, None, 2015-08-17 04:00:00, 10.0, None, 1.0, None
None, 483.0, None, None, None, 2015-08-17 05:00:00, 9.7, None, 1.0, None
None, 483.0, None, None, None, 2015-08-17 06:00:00, 9.3, None, 1.0, None
None, 483.0, None, None, None, 2015-08-17 07:00:00, 9.1, None, 1.0, None
None, 483.0, None, None, None, 2015-08-17 08:00:00, 8.7, None, 1.0, None
None, 483.0, None, None, None, 2015-08-17 09:00:00, 8.4, None, 1.0, None
None, 483.0, None, None, None, 2015-08-17 10:00:00, 7.8, None, 1.0, None
None, 483.0, None, None, None, 2015-08-17 11:00:00, 7.6, None, 1.0, None
None, 483.0, None, None, None, 2015-08-17 12:00:00, 6.8, None, 1.0, None
None, 483.0, None, None, None, 2015-08-17 13:00:00, 7.0, None, 1.0, None
None, 483.0, None, None, None, 2015-08-17 14:00:00, 7.1, None, 1.0, None
None, 483.0, None, None, None, 2015-08-17 15:00:00, 7.6, None, 1.0, None
None, 483.0, None, 98.0, None, 2015-08-17 16:00:00, 8.3, None, 1.0, None
None, 483.0, None, None, None, 2015-08-17 17:00:00, 9.7, None, 1.0, None
None, 483.0, None, None, None, 2015-08-17 18:00:00, 9.3, None, 1.0, None
None, 483.0, None, None, None, 2015-08-17 19:00:00, 11.1, None, 1.0, None
None, 483.0, None, None, None, 2015-08-17 20:00:00, 11.2, None, 1.0, None
None, 483.0, None, None, None, 2015-08-17 21:00:00, 13.0, None, 1.0, None
None, 483.0, None, None, None, 2015-08-17 22:00:00, 11.7, None, 1.0, None
None, 483.0, None, None, None, 2015-08-17 23:00:00, 12.3, None, 1.0, None
None, 484.0, None, None, None, 2015-08-18 00:00:00, 9.5, None, 1.0, None
None, 484.0, None, None, None, 2015-08-18 01:00:00, 10.4, None, 1.0, None
None, 484.0, None, None, None, 2015-08-18 02:00:00, 8.4, None, 1.0, None
None, 484.0, None, None, None, 2015-08-18 03:00:00, 8.3, None, 1.0, None
None, 484.0, None, None, None, 2015-08-18 04:00:00, 7.6, None, 1.0, None
None, 484.0, None, None, None, 2015-08-18 05:00:00, 7.6, None, 1.0, None
None, 484.0, None, None, None, 2015-08-18 06:00:00, 7.5, None, 1.0, None
None, 484.0, None, None, None, 2015-08-18 07:00:00, 7.4, None, 1.0, None
None, 484.0, None, None, None, 2015-08-18 08:00:00, 7.4, None, 1.0, None
None, 483.0, None, None, None, 2015-08-18 09:00:00, 7.5, None, 1.0, None
None, 483.0, None, None, None, 2015-08-18 10:00:00, 7.4, None, 1.0, None
None, 483.0, None, None, None, 2015-08-18 11:00:00, 7.0, None, 1.0, None
None, 483.0, None, None, None, 2015-08-18 12:00:00, 6.8, None, 1.0, None
None, 484.0, None, None, None, 2015-08-18 13:00:00, 6.5, None, 1.0, None
None, 485.0, None, None, None, 2015-08-18 14:00:00, 6.9, None, 1.0, None
None, 485.0, None, None, None, 2015-08-18 15:00:00, 7.1, None, 1.0, None
None, 486.0, None, 98.0, None, 2015-08-18 16:00:00, 7.9, None, 1.0, None
None, 486.0, None, None, None, 2015-08-18 17:00:00, 8.8, None, 1.0, None
None, 486.0, None, None, None, 2015-08-18 18:00:00, 9.8, None, 1.0, None
None, 486.0, None, None, None, 2015-08-18 19:00:00, 10.1, None, 1.0, None
None, 487.0, None, None, None, 2015-08-18 20:00:00, 9.5, None, 1.0, None
None, 487.0, None, None, None, 2015-08-18 21:00:00, 11.6, None, 1.0, None
None, 487.0, None, None, None, 2015-08-18 22:00:00, 12.4, None, 1.0, None
None, 487.0, None, None, None, 2015-08-18 23:00:00, 11.9, None, 1.0, None
None, 486.0, None, None, None, 2015-08-19 00:00:00, 11.8, None, 1.0, None
None, 486.0, None, None, None, 2015-08-19 01:00:00, 11.6, None, 1.0, None
None, 487.0, None, None, None, 2015-08-19 02:00:00, 11.4, None, 1.0, None
None, 487.0, None, None, None, 2015-08-19 03:00:00, 10.8, None, 1.0, None
None, 487.0, None, None, None, 2015-08-19 04:00:00, 9.5, None, 1.0, None
None, 487.0, None, None, None, 2015-08-19 05:00:00, 9.5, None, 1.0, None
None, 487.0, None, None, None, 2015-08-19 06:00:00, 8.8, None, 1.0, None
None, 487.0, None, None, None, 2015-08-19 07:00:00, 8.8, None, 1.0, None
None, 486.0, None, None, None, 2015-08-19 08:00:00, 8.3, None, 1.0, None
None, 487.0, None, None, None, 2015-08-19 09:00:00, 7.8, None, 1.0, None
None, 487.0, None, None, None, 2015-08-19 10:00:00, 7.1, None, 1.0, None
None, 486.0, None, None, None, 2015-08-19 11:00:00, 5.9, None, 1.0, None
None, 487.0, None, None, None, 2015-08-19 12:00:00, 6.1, None, 1.0, None
None, 486.0, None, None, None, 2015-08-19 13:00:00, 5.3, None, 1.0, None
None, 486.0, None, None, None, 2015-08-19 14:00:00, 5.4, None, 1.0, None
None, 486.0, None, None, None, 2015-08-19 15:00:00, 6.2, None, 1.0, None
None, 486.0, None, 98.0, None, 2015-08-19 16:00:00, 6.2, None, 1.0, None
None, 486.0, None, None, None, 2015-08-19 17:00:00, 7.2, None, 1.0, None
None, 486.0, None, None, None, 2015-08-19 18:00:00, 7.5, None, 1.0, None
None, 487.0, None, None, None, 2015-08-19 19:00:00, 8.7, None, 1.0, None
None, 487.0, None, None, None, 2015-08-19 20:00:00, 12.1, None, 1.0, None
None, 487.0, None, None, None, 2015-08-19 21:00:00, 10.8, None, 1.0, None
None, 487.0, None, None, None, 2015-08-19 22:00:00, 12.6, None, 1.0, None
None, 487.0, None, None, None, 2015-08-19 23:00:00, 9.0, None, 1.0, None
None, 487.0, None, None, None, 2015-08-20 00:00:00, 8.6, None, 1.0, None
None, 487.0, None, None, None, 2015-08-20 01:00:00, 9.5, None, 1.0, None
None, 487.0, None, None, None, 2015-08-20 02:00:00, 7.0, None, 1.0, None
None, 487.0, None, None, None, 2015-08-20 03:00:00, 6.5, None, 1.0, None
None, 487.0, None, None, None, 2015-08-20 04:00:00, 5.9, None, 1.0, None
None, 488.0, None, None, None, 2015-08-20 05:00:00, 4.8, None, 1.0, None
None, 488.0, None, None, None, 2015-08-20 06:00:00, 5.2, None, 1.0, None
None, 488.0, None, None, None, 2015-08-20 07:00:00, 4.4, None, 1.0, None
None, 488.0, None, None, None, 2015-08-20 08:00:00, 4.7, None, 1.0, None
None, 488.0, None, None, None, 2015-08-20 09:00:00, 4.0, None, 1.0, None
None, 488.0, None, None, None, 2015-08-20 10:00:00, 3.0, None, 1.0, None
None, 488.0, None, None, None, 2015-08-20 11:00:00, 2.9, None, 1.0, None
None, 488.0, None, None, None, 2015-08-20 12:00:00, 4.0, None, 1.0, None
None, 488.0, None, None, None, 2015-08-20 13:00:00, 4.2, None, 1.0, None
None, 488.0, None, None, None, 2015-08-20 14:00:00, 4.1, None, 1.0, None
None, 488.0, None, None, None, 2015-08-20 15:00:00, 4.6, None, 1.0, None
None, 488.0, None, 98.0, None, 2015-08-20 16:00:00, 4.6, None, 1.0, None
None, 489.0, None, None, None, 2015-08-20 17:00:00, 4.8, None, 1.0, None
None, 489.0, None, None, None, 2015-08-20 18:00:00, 5.0, None, 1.0, None
None, 489.0, None, None, None, 2015-08-20 19:00:00, 6.3, None, 1.0, None
None, 489.0, None, None, None, 2015-08-20 20:00:00, 6.0, None, 1.0, None
None, 489.0, None, None, None, 2015-08-20 21:00:00, 8.0, None, 1.0, None
None, 490.0, None, None, None, 2015-08-20 22:00:00, 5.7, None, 1.0, None
None, 490.0, None, None, None, 2015-08-20 23:00:00, 7.0, None, 1.0, None
None, 491.0, None, None, None, 2015-08-21 00:00:00, 5.2, None, 1.0, None
None, 491.0, None, None, None, 2015-08-21 01:00:00, 5.5, None, 1.0, None
None, 491.0, None, None, None, 2015-08-21 02:00:00, 4.9, None, 1.0, None
None, 491.0, None, None, None, 2015-08-21 03:00:00, 4.0, None, 1.0, None
None, 491.0, None, None, None, 2015-08-21 04:00:00, 2.9, None, 1.0, None
None, 491.0, None, None, None, 2015-08-21 05:00:00, 2.8, None, 1.0, None
None, 491.0, None, None, None, 2015-08-21 06:00:00, 3.0, None, 1.0, None
None, 491.0, None, None, None, 2015-08-21 07:00:00, 2.3, None, 1.0, None
None, 491.0, None, None, None, 2015-08-21 08:00:00, 2.4, None, 1.0, None
None, 491.0, None, None, None, 2015-08-21 09:00:00, 1.7, None, 1.0, None
None, 491.0, None, None, None, 2015-08-21 10:00:00, 1.8, None, 1.0, None
None, 491.0, None, None, None, 2015-08-21 11:00:00, 1.8, None, 1.0, None
None, 491.0, None, None, None, 2015-08-21 12:00:00, 1.2, None, 1.0, None
None, 491.0, None, None, None, 2015-08-21 13:00:00, 0.8, None, 1.0, None
None, 491.0, None, None, None, 2015-08-21 14:00:00, 5.7, None, 1.0, None
None, 491.0, None, None, None, 2015-08-21 15:00:00, 4.8, None, 1.0, None
None, 491.0, None, 98.0, None, 2015-08-21 16:00:00, 6.2, None, 1.0, None
None, 491.0, None, None, None, 2015-08-21 17:00:00, 7.7, None, 1.0, None
None, 491.0, None, None, None, 2015-08-21 18:00:00, 5.9, None, 1.0, None
None, 491.0, None, None, None, 2015-08-21 19:00:00, 8.3, None, 1.0, None
None, 491.0, None, None, None, 2015-08-21 20:00:00, 8.8, None, 1.0, None
None, 491.0, None, None, None, 2015-08-21 21:00:00, 7.8, None, 1.0, None
None, 491.0, None, None, None, 2015-08-21 22:00:00, 8.4, None, 1.0, None
None, 491.0, None, None, None, 2015-08-21 23:00:00, 8.0, None, 1.0, None
None, 491.0, None, None, None, 2015-08-22 00:00:00, 8.5, None, 1.0, None
None, 491.0, None, None, None, 2015-08-22 01:00:00, 7.8, None, 1.0, None
None, 491.0, None, None, None, 2015-08-22 02:00:00, 6.0, None, 1.0, None
None, 491.0, None, None, None, 2015-08-22 03:00:00, 5.5, None, 1.0, None
None, 491.0, None, None, None, 2015-08-22 04:00:00, 4.5, None, 1.0, None
None, 491.0, None, None, None, 2015-08-22 05:00:00, 2.9, None, 1.0, None
None, 491.0, None, None, None, 2015-08-22 06:00:00, 2.9, None, 1.0, None
None, 491.0, None, None, None, 2015-08-22 07:00:00, 4.0, None, 1.0, None
None, 491.0, None, None, None, 2015-08-22 08:00:00, 5.0, None, 1.0, None
None, 491.0, None, None, None, 2015-08-22 09:00:00, 4.6, None, 1.0, None
None, 491.0, None, None, None, 2015-08-22 10:00:00, 4.5, None, 1.0, None
None, 491.0, None, None, None, 2015-08-22 11:00:00, 4.1, None, 1.0, None
None, 491.0, None, None, None, 2015-08-22 12:00:00, 4.0, None, 1.0, None
None, 491.0, None, None, None, 2015-08-22 13:00:00, 3.9, None, 1.0, None
None, 491.0, None, None, None, 2015-08-22 14:00:00, 5.0, None, 1.0, None
None, 491.0, None, None, None, 2015-08-22 15:00:00, 5.5, None, 1.0, None
None, 491.0, None, 98.0, None, 2015-08-22 16:00:00, 7.0, None, 1.0, None
None, 491.0, None, None, None, 2015-08-22 17:00:00, 6.8, None, 1.0, None
None, 491.0, None, None, None, 2015-08-22 18:00:00, 7.2, None, 1.0, None
None, 491.0, None, None, None, 2015-08-22 19:00:00, 5.2, None, 1.0, None
None, 491.0, None, None, None, 2015-08-22 20:00:00, 4.8, None, 1.0, None
None, 492.0, None, None, None, 2015-08-22 21:00:00, 5.0, None, 1.0, None
None, 492.0, None, None, None, 2015-08-22 22:00:00, 5.0, None, 1.0, None
None, 492.0, None, None, None, 2015-08-22 23:00:00, 5.9, None, 1.0, None
None, 492.0, None, None, None, 2015-08-23 00:00:00, 6.6, None, 1.0, None
None, 492.0, None, None, None, 2015-08-23 01:00:00, 5.3, None, 1.0, None
None, 492.0, None, None, None, 2015-08-23 02:00:00, 5.1, None, 1.0, None
None, 492.0, None, None, None, 2015-08-23 03:00:00, 5.1, None, 1.0, None
None, 492.0, None, None, None, 2015-08-23 04:00:00, 4.8, None, 1.0, None
None, 492.0, None, None, None, 2015-08-23 05:00:00, 4.9, None, 1.0, None
None, 492.0, None, None, None, 2015-08-23 06:00:00, 4.6, None, 1.0, None
None, 492.0, None, None, None, 2015-08-23 07:00:00, 4.3, None, 1.0, None
None, 492.0, None, None, None, 2015-08-23 08:00:00, 4.1, None, 1.0, None
None, 494.0, None, None, None, 2015-08-23 09:00:00, 2.9, None, 1.0, None
None, 494.0, None, None, None, 2015-08-23 10:00:00, 2.7, None, 1.0, None
None, 494.0, None, None, None, 2015-08-23 11:00:00, 1.6, None, 1.0, None
None, 494.0, None, None, None, 2015-08-23 12:00:00, 2.0, None, 1.0, None
None, 494.0, None, None, None, 2015-08-23 13:00:00, 2.4, None, 1.0, None
None, 494.0, None, None, None, 2015-08-23 14:00:00, 2.8, None, 1.0, None
None, 494.0, None, None, None, 2015-08-23 15:00:00, 4.0, None, 1.0, None
None, 493.0, None, 98.0, None, 2015-08-23 16:00:00, 7.0, None, 1.0, None
None, 494.0, None, None, None, 2015-08-23 17:00:00, 6.2, None, 1.0, None
None, 494.0, None, None, None, 2015-08-23 18:00:00, 5.2, None, 1.0, None
None, 494.0, None, None, None, 2015-08-23 19:00:00, 6.5, None, 1.0, None
None, 493.0, None, None, None, 2015-08-23 20:00:00, 8.8, None, 1.0, None
None, 493.0, None, None, None, 2015-08-23 21:00:00, 8.0, None, 1.0, None
None, 493.0, None, None, None, 2015-08-23 22:00:00, 8.8, None, 1.0, None
None, 494.0, None, None, None, 2015-08-23 23:00:00, 9.1, None, 1.0, None
None, 494.0, None, None, None, 2015-08-24 00:00:00, 7.0, None, 1.0, None
None, 494.0, None, None, None, 2015-08-24 01:00:00, 7.3, None, 1.0, None
None, 494.0, None, None, None, 2015-08-24 02:00:00, 4.9, None, 1.0, None
None, 494.0, None, None, None, 2015-08-24 03:00:00, 4.2, None, 1.0, None
None, 494.0, None, None, None, 2015-08-24 04:00:00, 4.3, None, 1.0, None
None, 494.0, None, None, None, 2015-08-24 05:00:00, 3.9, None, 1.0, None
None, 494.0, None, None, None, 2015-08-24 06:00:00, 3.0, None, 1.0, None
None, 494.0, None, None, None, 2015-08-24 07:00:00, 2.9, None, 1.0, None
None, 494.0, None, None, None, 2015-08-24 08:00:00, 1.5, None, 1.0, None
None, 494.0, None, None, None, 2015-08-24 09:00:00, 1.3, None, 1.0, None
None, 494.0, None, None, None, 2015-08-24 10:00:00, 1.6, None, 1.0, None
None, 494.0, None, None, None, 2015-08-24 11:00:00, 1.5, None, 1.0, None
None, 494.0, None, None, None, 2015-08-24 12:00:00, 1.6, None, 1.0, None
None, 494.0, None, None, None, 2015-08-24 13:00:00, 1.3, None, 1.0, None
None, 494.0, None, None, None, 2015-08-24 14:00:00, 4.8, None, 1.0, None
None, 494.0, None, None, None, 2015-08-24 15:00:00, 4.3, None, 1.0, None
None, 494.0, None, 109.0, None, 2015-08-24 16:00:00, 5.7, None, 1.0, None
None, 494.0, None, None, None, 2015-08-24 17:00:00, 6.1, None, 1.0, None
None, 494.0, None, None, None, 2015-08-24 18:00:00, 6.7, None, 1.0, None
None, 494.0, None, None, None, 2015-08-24 19:00:00, 9.5, None, 1.0, None
None, 494.0, None, None, None, 2015-08-24 20:00:00, 6.2, None, 1.0, None
None, 495.0, None, None, None, 2015-08-24 21:00:00, 3.9, None, 1.0, None
None, 495.0, None, None, None, 2015-08-24 22:00:00, 7.6, None, 1.0, None
None, 495.0, None, None, None, 2015-08-24 23:00:00, 6.8, None, 1.0, None
None, 495.0, None, None, None, 2015-08-25 00:00:00, 7.2, None, 1.0, None
None, 495.0, None, None, None, 2015-08-25 01:00:00, 7.1, None, 1.0, None
None, 495.0, None, None, None, 2015-08-25 02:00:00, 6.3, None, 1.0, None
None, 495.0, None, None, None, 2015-08-25 03:00:00, 4.4, None, 1.0, None
None, 495.0, None, None, None, 2015-08-25 04:00:00, 3.6, None, 1.0, None
None, 495.0, None, None, None, 2015-08-25 05:00:00, 3.5, None, 1.0, None
None, 495.0, None, None, None, 2015-08-25 06:00:00, 3.8, None, 1.0, None
None, 495.0, None, None, None, 2015-08-25 07:00:00, 3.4, None, 1.0, None
None, 495.0, None, None, None, 2015-08-25 08:00:00, 2.8, None, 1.0, None
None, 495.0, None, None, None, 2015-08-25 09:00:00, 3.8, None, 1.0, None
None, 495.0, None, None, None, 2015-08-25 10:00:00, 2.9, None, 1.0, None
None, 495.0, None, None, None, 2015-08-25 11:00:00, 2.5, None, 1.0, None
None, 495.0, None, None, None, 2015-08-25 12:00:00, 2.6, None, 1.0, None
None, 496.0, None, None, None, 2015-08-25 13:00:00, 2.5, None, 1.0, None
None, 496.0, None, None, None, 2015-08-25 14:00:00, 2.5, None, 1.0, None
None, 496.0, None, None, None, 2015-08-25 15:00:00, 3.3, None, 1.0, None
None, 496.0, None, 109.0, None, 2015-08-25 16:00:00, 4.0, None, 1.0, None
None, 496.0, None, None, None, 2015-08-25 17:00:00, 5.2, None, 1.0, None
None, 496.0, None, None, None, 2015-08-25 18:00:00, 5.9, None, 1.0, None
None, 496.0, None, None, None, 2015-08-25 19:00:00, 9.5, None, 1.0, None
None, 496.0, None, None, None, 2015-08-25 20:00:00, 7.7, None, 1.0, None
None, 496.0, None, None, None, 2015-08-25 21:00:00, 10.4, None, 1.0, None
None, 496.0, None, None, None, 2015-08-25 22:00:00, 7.7, None, 1.0, None
None, 497.0, None, None, None, 2015-08-25 23:00:00, 6.4, None, 1.0, None
None, 497.0, None, None, None, 2015-08-26 00:00:00, 4.4, None, 1.0, None
None, 498.0, None, None, None, 2015-08-26 01:00:00, 4.7, None, 1.0, None
None, 498.0, None, None, None, 2015-08-26 02:00:00, 4.7, None, 1.0, None
None, 498.0, None, None, None, 2015-08-26 03:00:00, 2.7, None, 1.0, None
None, 498.0, None, None, None, 2015-08-26 04:00:00, 1.7, None, 1.0, None
None, 498.0, None, None, None, 2015-08-26 05:00:00, 1.3, None, 1.0, None
None, 498.0, None, None, None, 2015-08-26 06:00:00, 2.0, None, 1.0, None
None, 498.0, None, None, None, 2015-08-26 07:00:00, 2.4, None, 1.0, None
None, 498.0, None, None, None, 2015-08-26 08:00:00, 1.5, None, 1.0, None
None, 498.0, None, None, None, 2015-08-26 09:00:00, 1.8, None, 1.0, None
None, 498.0, None, None, None, 2015-08-26 10:00:00, 1.7, None, 1.0, None
None, 498.0, None, None, None, 2015-08-26 11:00:00, 1.9, None, 1.0, None
None, 498.0, None, None, None, 2015-08-26 12:00:00, 1.9, None, 1.0, None
None, 498.0, None, None, None, 2015-08-26 13:00:00, 2.0, None, 1.0, None
None, 498.0, None, None, None, 2015-08-26 14:00:00, 4.9, None, 1.0, None
None, 498.0, None, None, None, 2015-08-26 15:00:00, 7.5, None, 1.0, None
None, 498.0, None, 112.0, None, 2015-08-26 16:00:00, 5.7, None, 1.0, None
None, 498.0, None, None, None, 2015-08-26 17:00:00, 6.1, None, 1.0, None
None, 497.0, None, None, None, 2015-08-26 18:00:00, 11.5, None, 1.0, None
None, 497.0, None, None, None, 2015-08-26 19:00:00, 13.2, None, 1.0, None
None, 498.0, None, None, None, 2015-08-26 20:00:00, 11.8, None, 1.0, None
None, 498.0, None, None, None, 2015-08-26 21:00:00, 13.0, None, 1.0, None
None, 498.0, None, None, None, 2015-08-26 22:00:00, 13.2, None, 1.0, None
None, 498.0, None, None, None, 2015-08-26 23:00:00, 11.3, None, 1.0, None
None, 498.0, None, None, None, 2015-08-27 00:00:00, 12.5, None, 1.0, None
None, 498.0, None, None, None, 2015-08-27 01:00:00, 10.9, None, 1.0, None
None, 498.0, None, None, None, 2015-08-27 02:00:00, 9.3, None, 1.0, None
None, 498.0, None, None, None, 2015-08-27 03:00:00, 7.7, None, 1.0, None
None, 498.0, None, None, None, 2015-08-27 04:00:00, 6.9, None, 1.0, None
None, 498.0, None, None, None, 2015-08-27 05:00:00, 5.9, None, 1.0, None
None, 498.0, None, None, None, 2015-08-27 06:00:00, 5.9, None, 1.0, None
None, 498.0, None, None, None, 2015-08-27 07:00:00, 5.7, None, 1.0, None
None, 498.0, None, None, None, 2015-08-27 08:00:00, 5.8, None, 1.0, None
None, 498.0, None, None, None, 2015-08-27 09:00:00, 5.4, None, 1.0, None
None, 498.0, None, None, None, 2015-08-27 10:00:00, 4.9, None, 1.0, None
None, 498.0, None, None, None, 2015-08-27 11:00:00, 4.8, None, 1.0, None
None, 498.0, None, None, None, 2015-08-27 12:00:00, 4.4, None, 1.0, None
None, 498.0, None, None, None, 2015-08-27 13:00:00, 4.7, None, 1.0, None
None, 498.0, None, None, None, 2015-08-27 14:00:00, 5.8, None, 1.0, None
None, 498.0, None, None, None, 2015-08-27 15:00:00, 6.8, None, 1.0, None
None, 497.0, None, 120.0, None, 2015-08-27 16:00:00, 8.7, None, 1.0, None
None, 497.0, None, None, None, 2015-08-27 17:00:00, 11.3, None, 1.0, None
None, 497.0, None, None, None, 2015-08-27 18:00:00, 9.1, None, 1.0, None
None, 497.0, None, None, None, 2015-08-27 19:00:00, 8.2, None, 1.0, None
None, 498.0, None, None, None, 2015-08-27 20:00:00, 8.9, None, 1.0, None
None, 498.0, None, None, None, 2015-08-27 21:00:00, 8.6, None, 1.0, None
None, 498.0, None, None, None, 2015-08-27 22:00:00, 8.7, None, 1.0, None
None, 498.0, None, None, None, 2015-08-27 23:00:00, 6.9, None, 1.0, None
None, 498.0, None, None, None, 2015-08-28 00:00:00, 7.3, None, 1.0, None
None, 498.0, None, None, None, 2015-08-28 01:00:00, 5.6, None, 1.0, None
None, 498.0, None, None, None, 2015-08-28 02:00:00, 4.8, None, 1.0, None
None, 498.0, None, None, None, 2015-08-28 03:00:00, 4.4, None, 1.0, None
None, 499.0, None, None, None, 2015-08-28 04:00:00, 3.6, None, 1.0, None
None, 500.0, None, None, None, 2015-08-28 05:00:00, 2.8, None, 1.0, None
None, 500.0, None, None, None, 2015-08-28 06:00:00, 3.0, None, 1.0, None
None, 500.0, None, None, None, 2015-08-28 07:00:00, 3.1, None, 1.0, None
None, 501.0, None, None, None, 2015-08-28 08:00:00, 3.3, None, 1.0, None
None, 501.0, None, None, None, 2015-08-28 09:00:00, 3.3, None, 1.0, None
None, 501.0, None, None, None, 2015-08-28 10:00:00, 3.3, None, 1.0, None
None, 501.0, None, None, None, 2015-08-28 11:00:00, 3.3, None, 1.0, None
None, 501.0, None, None, None, 2015-08-28 12:00:00, 3.4, None, 1.0, None
None, 502.0, None, None, None, 2015-08-28 13:00:00, 3.5, None, 1.0, None
None, 502.0, None, None, None, 2015-08-28 14:00:00, 3.9, None, 1.0, None
None, 503.0, None, None, None, 2015-08-28 15:00:00, 4.1, None, 1.0, None
None, 503.0, None, 116.0, None, 2015-08-28 16:00:00, 4.3, None, 1.0, None
None, 504.0, None, None, None, 2015-08-28 17:00:00, 4.3, None, 1.0, None
None, 504.0, None, None, None, 2015-08-28 18:00:00, 4.3, None, 1.0, None
None, 504.0, None, None, None, 2015-08-28 19:00:00, 6.6, None, 1.0, None
None, 504.0, None, None, None, 2015-08-28 20:00:00, 8.9, None, 1.0, None
None, 504.0, None, None, None, 2015-08-28 21:00:00, 9.2, None, 1.0, None
None, 504.0, None, None, None, 2015-08-28 22:00:00, 7.6, None, 1.0, None
None, 504.0, None, None, None, 2015-08-28 23:00:00, 8.3, None, 1.0, None
None, 504.0, None, None, None, 2015-08-29 00:00:00, 7.3, None, 1.0, None
None, 504.0, None, None, None, 2015-08-29 01:00:00, 6.9, None, 1.0, None
None, 507.0, None, None, None, 2015-08-29 02:00:00, 5.8, None, 1.0, None
None, 516.0, None, None, None, 2015-08-29 03:00:00, 4.2, None, 1.0, None
None, 516.0, None, None, None, 2015-08-29 04:00:00, 3.9, None, 1.0, None
None, 516.0, None, None, None, 2015-08-29 05:00:00, 3.6, None, 1.0, None
None, 516.0, None, None, None, 2015-08-29 06:00:00, 3.1, None, 1.0, None
None, 517.0, None, None, None, 2015-08-29 07:00:00, 2.6, None, 1.0, None
None, 517.0, None, None, None, 2015-08-29 08:00:00, 2.8, None, 1.0, None
None, 517.0, None, None, None, 2015-08-29 09:00:00, 2.7, None, 1.0, None
None, 517.0, None, None, None, 2015-08-29 10:00:00, 2.5, None, 1.0, None
None, 517.0, None, None, None, 2015-08-29 11:00:00, 2.8, None, 1.0, None
None, 517.0, None, None, None, 2015-08-29 12:00:00, 2.6, None, 1.0, None
None, 517.0, None, None, None, 2015-08-29 13:00:00, 2.1, None, 1.0, None
None, 517.0, None, None, None, 2015-08-29 14:00:00, 3.8, None, 1.0, None
None, 517.0, None, None, None, 2015-08-29 15:00:00, 5.8, None, 1.0, None
None, 517.0, None, 112.0, None, 2015-08-29 16:00:00, 7.1, None, 1.0, None
None, 517.0, None, None, None, 2015-08-29 17:00:00, 8.2, None, 1.0, None
None, 517.0, None, None, None, 2015-08-29 18:00:00, 11.5, None, 1.0, None
None, 517.0, None, None, None, 2015-08-29 19:00:00, 11.9, None, 1.0, None
None, 517.0, None, None, None, 2015-08-29 20:00:00, 11.7, None, 1.0, None
None, 517.0, None, None, None, 2015-08-29 21:00:00, 10.7, None, 1.0, None
None, 517.0, None, None, None, 2015-08-29 22:00:00, 11.5, None, 1.0, None
None, 517.0, None, None, None, 2015-08-29 23:00:00, 10.4, None, 1.0, None
None, 517.0, None, None, None, 2015-08-30 00:00:00, 8.6, None, 1.0, None
None, 517.0, None, None, None, 2015-08-30 01:00:00, 5.9, None, 1.0, None
None, 519.0, None, None, None, 2015-08-30 02:00:00, 5.1, None, 1.0, None
None, 519.0, None, None, None, 2015-08-30 03:00:00, 4.8, None, 1.0, None
None, 520.0, None, None, None, 2015-08-30 04:00:00, 4.7, None, 1.0, None
None, 520.0, None, None, None, 2015-08-30 05:00:00, 4.7, None, 1.0, None
None, 520.0, None, None, None, 2015-08-30 06:00:00, 4.9, None, 1.0, None
None, 520.0, None, None, None, 2015-08-30 07:00:00, 5.0, None, 1.0, None
None, 520.0, None, None, None, 2015-08-30 08:00:00, 4.9, None, 1.0, None
None, 520.0, None, None, None, 2015-08-30 09:00:00, 5.0, None, 1.0, None
None, 520.0, None, None, None, 2015-08-30 10:00:00, 5.0, None, 1.0, None
None, 520.0, None, None, None, 2015-08-30 11:00:00, 4.8, None, 1.0, None
None, 520.0, None, None, None, 2015-08-30 12:00:00, 4.4, None, 1.0, None
None, 523.0, None, None, None, 2015-08-30 13:00:00, 3.6, None, 1.0, None
None, 524.0, None, None, None, 2015-08-30 14:00:00, 3.0, None, 1.0, None
None, 524.0, None, None, None, 2015-08-30 15:00:00, 3.1, None, 1.0, None
None, 525.0, None, 112.0, None, 2015-08-30 16:00:00, 3.1, None, 1.0, None
None, 526.0, None, None, None, 2015-08-30 17:00:00, 4.1, None, 1.0, None
None, 526.0, None, None, None, 2015-08-30 18:00:00, 4.3, None, 1.0, None
None, 526.0, None, None, None, 2015-08-30 19:00:00, 5.7, None, 1.0, None
None, 525.0, None, None, None, 2015-08-30 20:00:00, 6.5, None, 1.0, None
None, 526.0, None, None, None, 2015-08-30 21:00:00, 6.6, None, 1.0, None
None, 526.0, None, None, None, 2015-08-30 22:00:00, 5.7, None, 1.0, None
None, 526.0, None, None, None, 2015-08-30 23:00:00, 5.5, None, 1.0, None
None, 526.0, None, None, None, 2015-08-31 00:00:00, 3.6, None, 1.0, None
None, 526.0, None, None, None, 2015-08-31 01:00:00, 2.5, None, 1.0, None
None, 527.0, None, None, None, 2015-08-31 02:00:00, 1.9, None, 1.0, None
None, 527.0, None, None, None, 2015-08-31 03:00:00, 1.6, None, 1.0, None
None, 528.0, None, None, None, 2015-08-31 04:00:00, 1.3, None, 1.0, None
None, 528.0, None, None, None, 2015-08-31 05:00:00, 1.5, None, 1.0, None
None, 529.0, None, None, None, 2015-08-31 06:00:00, 1.4, None, 1.0, None
None, 529.0, None, None, None, 2015-08-31 07:00:00, 0.3, None, 1.0, None
None, 530.0, None, None, None, 2015-08-31 08:00:00, 0.3, None, 1.0, None
None, 530.0, None, None, None, 2015-08-31 09:00:00, 0.2, None, 1.0, None
None, 530.0, None, None, None, 2015-08-31 10:00:00, 0.1, None, 1.0, None
None, 530.0, None, None, None, 2015-08-31 11:00:00, -0.1, None, 1.0, None
None, 530.0, None, None, None, 2015-08-31 12:00:00, -0.7, None, 1.0, None
None, 530.0, None, None, None, 2015-08-31 13:00:00, -0.7, None, 1.0, None
None, 530.0, None, None, None, 2015-08-31 14:00:00, -0.5, None, 1.0, None
None, 530.0, None, None, None, 2015-08-31 15:00:00, 0.1, None, 1.0, None
None, 530.0, None, 120.0, None, 2015-08-31 16:00:00, -0.1, None, 1.0, None
None, 530.0, None, None, None, 2015-08-31 17:00:00, 0.3, None, 1.0, None
None, 530.0, None, None, None, 2015-08-31 18:00:00, 1.4, None, 1.0, None
None, 530.0, None, None, None, 2015-08-31 19:00:00, 3.6, None, 1.0, None
None, 530.0, None, None, None, 2015-08-31 20:00:00, 5.2, None, 1.0, None
None, 530.0, None, None, None, 2015-08-31 21:00:00, 2.8, None, 1.0, None
None, 530.0, None, None, None, 2015-08-31 22:00:00, 6.2, None, 1.0, None
None, 530.0, None, None, None, 2015-08-31 23:00:00, 5.7, None, 1.0, None
None, 531.0, None, None, None, 2015-09-01 00:00:00, 3.5, None, 1.0, None
None, 531.0, None, None, None, 2015-09-01 01:00:00, 0.9, None, 1.0, None
None, 532.0, None, None, None, 2015-09-01 02:00:00, 1.1, None, 1.0, None
None, 532.0, None, None, None, 2015-09-01 03:00:00, -0.4, None, 1.0, None
None, 532.0, None, None, None, 2015-09-01 04:00:00, -1.3, None, 1.0, None
None, 532.0, None, None, None, 2015-09-01 05:00:00, -1.5, None, 1.0, None
None, 532.0, None, None, None, 2015-09-01 06:00:00, -1.2, None, 1.0, None
None, 532.0, None, None, None, 2015-09-01 07:00:00, -2.2, None, 1.0, None
None, 532.0, None, None, None, 2015-09-01 08:00:00, -2.1, None, 1.0, None
None, 532.0, None, None, None, 2015-09-01 09:00:00, -2.7, None, 1.0, None
None, 532.0, None, None, None, 2015-09-01 10:00:00, -3.0, None, 1.0, None
None, 532.0, None, None, None, 2015-09-01 11:00:00, -3.0, None, 1.0, None
None, 532.0, None, None, None, 2015-09-01 12:00:00, -2.4, None, 1.0, None
None, 532.0, None, None, None, 2015-09-01 13:00:00, -3.1, None, 1.0, None
None, 532.0, None, None, None, 2015-09-01 14:00:00, -0.5, None, 1.0, None
None, 532.0, None, None, None, 2015-09-01 15:00:00, 2.9, None, 1.0, None
None, 532.0, None, 120.0, None, 2015-09-01 16:00:00, 1.2, None, 1.0, None
None, 532.0, None, None, None, 2015-09-01 17:00:00, 1.3, None, 1.0, None
None, 532.0, None, None, None, 2015-09-01 18:00:00, 2.0, None, 1.0, None
None, 532.0, None, None, None, 2015-09-01 19:00:00, 5.4, None, 1.0, None
None, 531.0, None, None, None, 2015-09-01 20:00:00, 8.2, None, 1.0, None
None, 532.0, None, None, None, 2015-09-01 21:00:00, 4.8, None, 1.0, None
None, 531.0, None, None, None, 2015-09-01 22:00:00, 6.5, None, 1.0, None
None, 531.0, None, None, None, 2015-09-01 23:00:00, 5.5, None, 1.0, None
None, 531.0, None, None, None, 2015-09-02 00:00:00, 5.3, None, 1.0, None
None, 532.0, None, None, None, 2015-09-02 01:00:00, 4.2, None, 1.0, None
None, 532.0, None, None, None, 2015-09-02 02:00:00, 3.0, None, 1.0, None
None, 532.0, None, None, None, 2015-09-02 03:00:00, 2.1, None, 1.0, None
None, 532.0, None, None, None, 2015-09-02 04:00:00, 1.2, None, 1.0, None
None, 532.0, None, None, None, 2015-09-02 05:00:00, 0.8, None, 1.0, None
None, 532.0, None, None, None, 2015-09-02 06:00:00, 0.7, None, 1.0, None
None, 532.0, None, None, None, 2015-09-02 07:00:00, 0.3, None, 1.0, None
None, 532.0, None, None, None, 2015-09-02 08:00:00, 0.0, None, 1.0, None
None, 532.0, None, None, None, 2015-09-02 09:00:00, 0.1, None, 1.0, None
None, 532.0, None, None, None, 2015-09-02 10:00:00, 0.3, None, 1.0, None
None, 532.0, None, None, None, 2015-09-02 11:00:00, 0.1, None, 1.0, None
None, 532.0, None, None, None, 2015-09-02 12:00:00, 0.3, None, 1.0, None
None, 532.0, None, None, None, 2015-09-02 13:00:00, 0.1, None, 1.0, None
None, 532.0, None, None, None, 2015-09-02 14:00:00, 0.2, None, 1.0, None
None, 532.0, None, None, None, 2015-09-02 15:00:00, 0.8, None, 1.0, None
None, 532.0, None, 120.0, None, 2015-09-02 16:00:00, 1.3, None, 1.0, None
None, 532.0, None, None, None, 2015-09-02 17:00:00, 1.9, None, 1.0, None
None, 532.0, None, None, None, 2015-09-02 18:00:00, 2.4, None, 1.0, None
None, 532.0, None, None, None, 2015-09-02 19:00:00, 2.9, None, 1.0, None
None, 532.0, None, None, None, 2015-09-02 20:00:00, 2.8, None, 1.0, None
None, 532.0, None, None, None, 2015-09-02 21:00:00, 3.7, None, 1.0, None
None, 532.0, None, None, None, 2015-09-02 22:00:00, 3.3, None, 1.0, None
None, 532.0, None, None, None, 2015-09-02 23:00:00, 3.8, None, 1.0, None
None, 532.0, None, None, None, 2015-09-03 00:00:00, 3.3, None, 1.0, None
None, 532.0, None, None, None, 2015-09-03 01:00:00, 3.3, None, 1.0, None
None, 532.0, None, None, None, 2015-09-03 02:00:00, 2.0, None, 1.0, None
None, 532.0, None, None, None, 2015-09-03 03:00:00, 1.5, None, 1.0, None
None, 532.0, None, None, None, 2015-09-03 04:00:00, 0.6, None, 1.0, None
None, 532.0, None, None, None, 2015-09-03 05:00:00, -0.1, None, 1.0, None
None, 532.0, None, None, None, 2015-09-03 06:00:00, -0.2, None, 1.0, None
None, 532.0, None, None, None, 2015-09-03 07:00:00, 0.4, None, 1.0, None
None, 532.0, None, None, None, 2015-09-03 08:00:00, -0.3, None, 1.0, None
None, 532.0, None, None, None, 2015-09-03 09:00:00, -0.9, None, 1.0, None
None, 532.0, None, None, None, 2015-09-03 10:00:00, -1.2, None, 1.0, None
None, 532.0, None, None, None, 2015-09-03 11:00:00, -1.4, None, 1.0, None
None, 532.0, None, None, None, 2015-09-03 12:00:00, -1.5, None, 1.0, None
None, 532.0, None, None, None, 2015-09-03 13:00:00, -1.6, None, 1.0, None
None, 532.0, None, None, None, 2015-09-03 14:00:00, -1.2, None, 1.0, None
None, 532.0, None, None, None, 2015-09-03 15:00:00, 0.0, None, 1.0, None
None, 532.0, None, 116.0, None, 2015-09-03 16:00:00, 0.0, None, 1.0, None
None, 532.0, None, None, None, 2015-09-03 17:00:00, 1.9, None, 1.0, None
None, 532.0, None, None, None, 2015-09-03 18:00:00, 1.6, None, 1.0, None
None, 532.0, None, None, None, 2015-09-03 19:00:00, 3.0, None, 1.0, None
None, 532.0, None, None, None, 2015-09-03 20:00:00, 2.8, None, 1.0, None
None, 532.0, None, None, None, 2015-09-03 21:00:00, 3.7, None, 1.0, None
None, 532.0, None, None, None, 2015-09-03 22:00:00, 3.8, None, 1.0, None
None, 531.0, None, None, None, 2015-09-03 23:00:00, 6.6, None, 1.0, None
None, 531.0, None, None, None, 2015-09-04 00:00:00, 5.3, None, 1.0, None
None, 531.0, None, None, None, 2015-09-04 01:00:00, 4.5, None, 1.0, None
None, 532.0, None, None, None, 2015-09-04 02:00:00, 2.6, None, 1.0, None
None, 532.0, None, None, None, 2015-09-04 03:00:00, 1.3, None, 1.0, None
None, 532.0, None, None, None, 2015-09-04 04:00:00, 1.4, None, 1.0, None
None, 532.0, None, None, None, 2015-09-04 05:00:00, 0.7, None, 1.0, None
None, 532.0, None, None, None, 2015-09-04 06:00:00, -0.5, None, 1.0, None
None, 532.0, None, None, None, 2015-09-04 07:00:00, -1.8, None, 1.0, None
None, 532.0, None, None, None, 2015-09-04 08:00:00, -1.9, None, 1.0, None
None, 532.0, None, None, None, 2015-09-04 09:00:00, -2.9, None, 1.0, None
None, 532.0, None, None, None, 2015-09-04 10:00:00, -2.6, None, 1.0, None
None, 532.0, None, None, None, 2015-09-04 11:00:00, -1.5, None, 1.0, None
None, 532.0, None, None, None, 2015-09-04 12:00:00, -1.8, None, 1.0, None
None, 532.0, None, None, None, 2015-09-04 13:00:00, -3.2, None, 1.0, None
None, 532.0, None, None, None, 2015-09-04 14:00:00, -1.7, None, 1.0, None
None, 532.0, None, None, None, 2015-09-04 15:00:00, 1.6, None, 1.0, None
None, 532.0, None, 120.0, None, 2015-09-04 16:00:00, 0.2, None, 1.0, None
None, 532.0, None, None, None, 2015-09-04 17:00:00, 2.0, None, 1.0, None
None, 532.0, None, None, None, 2015-09-04 18:00:00, 5.2, None, 1.0, None
None, 532.0, None, None, None, 2015-09-04 19:00:00, 6.7, None, 1.0, None
None, 531.0, None, None, None, 2015-09-04 20:00:00, 7.9, None, 1.0, None
None, 531.0, None, None, None, 2015-09-04 21:00:00, 9.8, None, 1.0, None
None, 531.0, None, None, None, 2015-09-04 22:00:00, 9.2, None, 1.0, None
None, 531.0, None, None, None, 2015-09-04 23:00:00, 9.0, None, 1.0, None
None, 532.0, None, None, None, 2015-09-05 00:00:00, 7.4, None, 1.0, None
None, 532.0, None, None, None, 2015-09-05 01:00:00, 6.0, None, 1.0, None
None, 532.0, None, None, None, 2015-09-05 02:00:00, 4.0, None, 1.0, None
None, 532.0, None, None, None, 2015-09-05 03:00:00, 2.8, None, 1.0, None
None, 532.0, None, None, None, 2015-09-05 04:00:00, 2.8, None, 1.0, None
None, 532.0, None, None, None, 2015-09-05 05:00:00, 3.0, None, 1.0, None
None, 532.0, None, None, None, 2015-09-05 06:00:00, 2.5, None, 1.0, None
None, 532.0, None, None, None, 2015-09-05 07:00:00, 1.6, None, 1.0, None
None, 532.0, None, None, None, 2015-09-05 08:00:00, 0.9, None, 1.0, None
None, 532.0, None, None, None, 2015-09-05 09:00:00, 0.7, None, 1.0, None
None, 532.0, None, None, None, 2015-09-05 10:00:00, 0.8, None, 1.0, None
None, 532.0, None, None, None, 2015-09-05 11:00:00, 0.3, None, 1.0, None
None, 532.0, None, None, None, 2015-09-05 12:00:00, 0.6, None, 1.0, None
None, 532.0, None, None, None, 2015-09-05 13:00:00, 0.2, None, 1.0, None
None, 532.0, None, None, None, 2015-09-05 14:00:00, 0.9, None, 1.0, None
None, 531.0, None, None, None, 2015-09-05 15:00:00, 3.3, None, 1.0, None
None, 532.0, None, 135.0, None, 2015-09-05 16:00:00, 3.7, None, 1.0, None
None, 531.0, None, None, None, 2015-09-05 17:00:00, 4.4, None, 1.0, None
None, 531.0, None, None, None, 2015-09-05 18:00:00, 6.8, None, 1.0, None
None, 531.0, None, None, None, 2015-09-05 19:00:00, 7.0, None, 1.0, None
None, 531.0, None, None, None, 2015-09-05 20:00:00, 9.1, None, 1.0, None
None, 531.0, None, None, None, 2015-09-05 21:00:00, 8.2, None, 1.0, None
None, 531.0, None, None, None, 2015-09-05 22:00:00, 7.4, None, 1.0, None
None, 532.0, None, None, None, 2015-09-05 23:00:00, 8.0, None, 1.0, None
None, 532.0, None, None, None, 2015-09-06 00:00:00, 6.9, None, 1.0, None
None, 532.0, None, None, None, 2015-09-06 01:00:00, 6.5, None, 1.0, None
None, 532.0, None, None, None, 2015-09-06 02:00:00, 4.9, None, 1.0, None
None, 531.0, None, None, None, 2015-09-06 03:00:00, 2.3, None, 1.0, None
None, 531.0, None, None, None, 2015-09-06 04:00:00, 1.6, None, 1.0, None
None, 532.0, None, None, None, 2015-09-06 05:00:00, 1.0, None, 1.0, None
None, 532.0, None, None, None, 2015-09-06 06:00:00, 1.2, None, 1.0, None
None, 532.0, None, None, None, 2015-09-06 07:00:00, 1.6, None, 1.0, None
None, 532.0, None, None, None, 2015-09-06 08:00:00, 1.2, None, 1.0, None
None, 532.0, None, None, None, 2015-09-06 09:00:00, 1.5, None, 1.0, None
None, 532.0, None, None, None, 2015-09-06 10:00:00, 1.0, None, 1.0, None
None, 532.0, None, None, None, 2015-09-06 11:00:00, 0.8, None, 1.0, None
None, 532.0, None, None, None, 2015-09-06 12:00:00, 1.3, None, 1.0, None
None, 532.0, None, None, None, 2015-09-06 13:00:00, 1.3, None, 1.0, None
None, 532.0, None, None, None, 2015-09-06 14:00:00, 2.3, None, 1.0, None
None, 531.0, None, None, None, 2015-09-06 15:00:00, 2.6, None, 1.0, None
None, 531.0, None, 142.0, None, 2015-09-06 16:00:00, 4.0, None, 1.0, None
None, 531.0, None, None, None, 2015-09-06 17:00:00, 4.9, None, 1.0, None
None, 531.0, None, None, None, 2015-09-06 18:00:00, 6.0, None, 1.0, None
None, 531.0, None, None, None, 2015-09-06 19:00:00, 7.9, None, 1.0, None
None, 531.0, None, None, None, 2015-09-06 20:00:00, 6.8, None, 1.0, None
None, 531.0, None, None, None, 2015-09-06 21:00:00, 6.4, None, 1.0, None
None, 531.0, None, None, None, 2015-09-06 22:00:00, 5.8, None, 1.0, None
None, 531.0, None, None, None, 2015-09-06 23:00:00, 7.4, None, 1.0, None
None, 531.0, None, None, None, 2015-09-07 00:00:00, 6.6, None, 1.0, None
None, 531.0, None, None, None, 2015-09-07 01:00:00, 5.9, None, 1.0, None
None, 532.0, None, None, None, 2015-09-07 02:00:00, 5.2, None, 1.0, None
None, 531.0, None, None, None, 2015-09-07 03:00:00, 3.9, None, 1.0, None
None, 532.0, None, None, None, 2015-09-07 04:00:00, 3.5, None, 1.0, None
None, 531.0, None, None, None, 2015-09-07 05:00:00, 3.4, None, 1.0, None
None, 532.0, None, None, None, 2015-09-07 06:00:00, 3.4, None, 1.0, None
None, 532.0, None, None, None, 2015-09-07 07:00:00, 3.3, None, 1.0, None
None, 532.0, None, None, None, 2015-09-07 08:00:00, 3.0, None, 1.0, None
None, 532.0, None, None, None, 2015-09-07 09:00:00, 2.7, None, 1.0, None
None, 532.0, None, None, None, 2015-09-07 10:00:00, 2.6, None, 1.0, None
None, 532.0, None, None, None, 2015-09-07 11:00:00, 2.3, None, 1.0, None
None, 532.0, None, None, None, 2015-09-07 12:00:00, 2.6, None, 1.0, None
None, 532.0, None, None, None, 2015-09-07 13:00:00, 2.0, None, 1.0, None
None, 531.0, None, None, None, 2015-09-07 14:00:00, 2.2, None, 1.0, None
None, 531.0, None, None, None, 2015-09-07 15:00:00, 3.0, None, 1.0, None
None, 531.0, None, 146.0, None, 2015-09-07 16:00:00, 4.4, None, 1.0, None
None, 531.0, None, None, None, 2015-09-07 17:00:00, 5.6, None, 1.0, None
None, 531.0, None, None, None, 2015-09-07 18:00:00, 5.6, None, 1.0, None
None, 531.0, None, None, None, 2015-09-07 19:00:00, 6.9, None, 1.0, None
None, 532.0, None, None, None, 2015-09-07 20:00:00, 8.9, None, 1.0, None
None, 532.0, None, None, None, 2015-09-07 21:00:00, 9.8, None, 1.0, None
None, 532.0, None, None, None, 2015-09-07 22:00:00, 10.0, None, 1.0, None
None, 532.0, None, None, None, 2015-09-07 23:00:00, 9.9, None, 1.0, None
None, 532.0, None, None, None, 2015-09-08 00:00:00, 7.6, None, 1.0, None
None, 532.0, None, None, None, 2015-09-08 01:00:00, 6.9, None, 1.0, None
None, 532.0, None, None, None, 2015-09-08 02:00:00, 5.4, None, 1.0, None
None, 531.0, None, None, None, 2015-09-08 03:00:00, 3.8, None, 1.0, None
None, 532.0, None, None, None, 2015-09-08 04:00:00, 3.5, None, 1.0, None
None, 532.0, None, None, None, 2015-09-08 05:00:00, 2.6, None, 1.0, None
None, 532.0, None, None, None, 2015-09-08 06:00:00, 3.4, None, 1.0, None
None, 532.0, None, None, None, 2015-09-08 07:00:00, 3.2, None, 1.0, None
None, 533.0, None, None, None, 2015-09-08 08:00:00, 2.5, None, 1.0, None
None, 533.0, None, None, None, 2015-09-08 09:00:00, 2.2, None, 1.0, None
None, 533.0, None, None, None, 2015-09-08 10:00:00, 1.9, None, 1.0, None
None, 533.0, None, None, None, 2015-09-08 11:00:00, 1.5, None, 1.0, None
None, 533.0, None, None, None, 2015-09-08 12:00:00, 1.1, None, 1.0, None
None, 533.0, None, None, None, 2015-09-08 13:00:00, 0.7, None, 1.0, None
None, 533.0, None, None, None, 2015-09-08 14:00:00, 1.0, None, 1.0, None
None, 533.0, None, None, None, 2015-09-08 15:00:00, 4.1, None, 1.0, None
None, 533.0, None, 150.0, None, 2015-09-08 16:00:00, 2.8, None, 1.0, None
None, 533.0, None, None, None, 2015-09-08 17:00:00, 3.7, None, 1.0, None
None, 533.0, None, None, None, 2015-09-08 18:00:00, 5.3, None, 1.0, None
None, 533.0, None, None, None, 2015-09-08 19:00:00, 6.4, None, 1.0, None
None, 533.0, None, None, None, 2015-09-08 20:00:00, 8.2, None, 1.0, None
None, 533.0, None, None, None, 2015-09-08 21:00:00, 10.1, None, 1.0, None
None, 533.0, None, None, None, 2015-09-08 22:00:00, 11.5, None, 1.0, None
None, 533.0, None, None, None, 2015-09-08 23:00:00, 7.7, None, 1.0, None
None, 533.0, None, None, None, 2015-09-09 00:00:00, 7.6, None, 1.0, None
None, 533.0, None, None, None, 2015-09-09 01:00:00, 6.5, None, 1.0, None
None, 533.0, None, None, None, 2015-09-09 02:00:00, 5.6, None, 1.0, None
None, 533.0, None, None, None, 2015-09-09 03:00:00, 4.0, None, 1.0, None
None, 533.0, None, None, None, 2015-09-09 04:00:00, 3.1, None, 1.0, None
None, 533.0, None, None, None, 2015-09-09 05:00:00, 2.0, None, 1.0, None
None, 533.0, None, None, None, 2015-09-09 06:00:00, 3.4, None, 1.0, None
None, 533.0, None, None, None, 2015-09-09 07:00:00, 3.2, None, 1.0, None
None, 533.0, None, None, None, 2015-09-09 08:00:00, 2.2, None, 1.0, None
None, 533.0, None, None, None, 2015-09-09 09:00:00, 1.2, None, 1.0, None
None, 533.0, None, None, None, 2015-09-09 10:00:00, 1.5, None, 1.0, None
None, 533.0, None, None, None, 2015-09-09 11:00:00, 1.5, None, 1.0, None
None, 533.0, None, None, None, 2015-09-09 12:00:00, 2.0, None, 1.0, None
None, 533.0, None, None, None, 2015-09-09 13:00:00, 0.4, None, 1.0, None
None, 533.0, None, None, None, 2015-09-09 14:00:00, 0.8, None, 1.0, None
None, 533.0, None, None, None, 2015-09-09 15:00:00, 4.5, None, 1.0, None
None, 533.0, None, 150.0, None, 2015-09-09 16:00:00, 5.4, None, 1.0, None
None, 533.0, None, None, None, 2015-09-09 17:00:00, 6.6, None, 1.0, None
None, 533.0, None, None, None, 2015-09-09 18:00:00, 9.4, None, 1.0, None
None, 533.0, None, None, None, 2015-09-09 19:00:00, 8.7, None, 1.0, None
None, 533.0, None, None, None, 2015-09-09 20:00:00, 11.4, None, 1.0, None
None, 533.0, None, None, None, 2015-09-09 21:00:00, 12.2, None, 1.0, None
None, 533.0, None, None, None, 2015-09-09 22:00:00, 10.2, None, 1.0, None
None, 533.0, None, None, None, 2015-09-09 23:00:00, 9.4, None, 1.0, None
None, 533.0, None, None, None, 2015-09-10 00:00:00, 9.1, None, 1.0, None
None, 533.0, None, None, None, 2015-09-10 01:00:00, 8.0, None, 1.0, None
None, 533.0, None, None, None, 2015-09-10 02:00:00, 6.6, None, 1.0, None
None, 533.0, None, None, None, 2015-09-10 03:00:00, 5.7, None, 1.0, None
None, 533.0, None, None, None, 2015-09-10 04:00:00, 5.4, None, 1.0, None
None, 533.0, None, None, None, 2015-09-10 05:00:00, 5.1, None, 1.0, None
None, 533.0, None, None, None, 2015-09-10 06:00:00, 4.8, None, 1.0, None
None, 533.0, None, None, None, 2015-09-10 07:00:00, 4.7, None, 1.0, None
None, 533.0, None, None, None, 2015-09-10 08:00:00, 3.7, None, 1.0, None
None, 533.0, None, None, None, 2015-09-10 09:00:00, 3.8, None, 1.0, None
None, 533.0, None, None, None, 2015-09-10 10:00:00, 3.6, None, 1.0, None
None, 533.0, None, None, None, 2015-09-10 11:00:00, 3.2, None, 1.0, None
None, 533.0, None, None, None, 2015-09-10 12:00:00, 2.6, None, 1.0, None
None, 533.0, None, None, None, 2015-09-10 13:00:00, 3.8, None, 1.0, None
None, 533.0, None, None, None, 2015-09-10 14:00:00, 4.3, None, 1.0, None
None, 533.0, None, None, None, 2015-09-10 15:00:00, 4.9, None, 1.0, None
None, 533.0, None, 150.0, None, 2015-09-10 16:00:00, 5.9, None, 1.0, None
None, 533.0, None, None, None, 2015-09-10 17:00:00, 6.4, None, 1.0, None
None, 533.0, None, None, None, 2015-09-10 18:00:00, 7.7, None, 1.0, None
None, 533.0, None, None, None, 2015-09-10 19:00:00, 10.5, None, 1.0, None
None, 533.0, None, None, None, 2015-09-10 20:00:00, 10.2, None, 1.0, None
None, 533.0, None, None, None, 2015-09-10 21:00:00, 12.0, None, 1.0, None
None, 533.0, None, None, None, 2015-09-10 22:00:00, 11.8, None, 1.0, None
None, 533.0, None, None, None, 2015-09-10 23:00:00, 11.4, None, 1.0, None
None, 533.0, None, None, None, 2015-09-11 00:00:00, 12.2, None, 1.0, None
None, 533.0, None, None, None, 2015-09-11 01:00:00, 10.2, None, 1.0, None
None, 533.0, None, None, None, 2015-09-11 02:00:00, 9.2, None, 1.0, None
None, 533.0, None, None, None, 2015-09-11 03:00:00, 8.8, None, 1.0, None
None, 533.0, None, None, None, 2015-09-11 04:00:00, 8.5, None, 1.0, None
None, 533.0, None, None, None, 2015-09-11 05:00:00, 8.5, None, 1.0, None
None, 533.0, None, None, None, 2015-09-11 06:00:00, 8.5, None, 1.0, None
None, 533.0, None, None, None, 2015-09-11 07:00:00, 8.3, None, 1.0, None
None, 533.0, None, None, None, 2015-09-11 08:00:00, 8.8, None, 1.0, None
None, 533.0, None, None, None, 2015-09-11 09:00:00, 8.5, None, 1.0, None
None, 533.0, None, None, None, 2015-09-11 10:00:00, 8.7, None, 1.0, None
None, 533.0, None, None, None, 2015-09-11 11:00:00, 8.7, None, 1.0, None
None, 533.0, None, None, None, 2015-09-11 12:00:00, 8.8, None, 1.0, None
None, 533.0, None, None, None, 2015-09-11 13:00:00, 8.4, None, 1.0, None
None, 533.0, None, None, None, 2015-09-11 14:00:00, 8.6, None, 1.0, None
None, 533.0, None, None, None, 2015-09-11 15:00:00, 9.1, None, 1.0, None
None, 533.0, None, 150.0, None, 2015-09-11 16:00:00, 10.1, None, 1.0, None
None, 533.0, None, None, None, 2015-09-11 17:00:00, 11.5, None, 1.0, None
None, 533.0, None, None, None, 2015-09-11 18:00:00, 14.1, None, 1.0, None
None, 533.0, None, None, None, 2015-09-11 19:00:00, 14.1, None, 1.0, None
None, 533.0, None, None, None, 2015-09-11 20:00:00, 12.3, None, 1.0, None
None, 533.0, None, None, None, 2015-09-11 21:00:00, 10.8, None, 1.0, None
None, 535.0, None, None, None, 2015-09-11 22:00:00, 8.9, None, 1.0, None
None, 536.0, None, None, None, 2015-09-11 23:00:00, 8.9, None, 1.0, None
None, 538.0, None, None, None, 2015-09-12 00:00:00, 8.0, None, 1.0, None
None, 539.0, None, None, None, 2015-09-12 01:00:00, 7.1, None, 1.0, None
None, 539.0, None, None, None, 2015-09-12 02:00:00, 6.9, None, 1.0, None
None, 539.0, None, None, None, 2015-09-12 03:00:00, 6.5, None, 1.0, None
None, 540.0, None, None, None, 2015-09-12 04:00:00, 5.9, None, 1.0, None
None, 540.0, None, None, None, 2015-09-12 05:00:00, 5.6, None, 1.0, None
None, 540.0, None, None, None, 2015-09-12 06:00:00, 4.7, None, 1.0, None
None, 540.0, None, None, None, 2015-09-12 07:00:00, 4.4, None, 1.0, None
None, 540.0, None, None, None, 2015-09-12 08:00:00, 3.8, None, 1.0, None
None, 540.0, None, None, None, 2015-09-12 09:00:00, 3.7, None, 1.0, None
None, 540.0, None, None, None, 2015-09-12 10:00:00, 3.8, None, 1.0, None
None, 541.0, None, None, None, 2015-09-12 11:00:00, 3.1, None, 1.0, None
None, 541.0, None, None, None, 2015-09-12 12:00:00, 3.2, None, 1.0, None
None, 541.0, None, None, None, 2015-09-12 13:00:00, 2.9, None, 1.0, None
None, 541.0, None, None, None, 2015-09-12 14:00:00, 2.5, None, 1.0, None
None, 541.0, None, None, None, 2015-09-12 15:00:00, 4.0, None, 1.0, None
None, 541.0, None, 150.0, None, 2015-09-12 16:00:00, 5.0, None, 1.0, None
None, 540.0, None, None, None, 2015-09-12 17:00:00, 6.6, None, 1.0, None
None, 540.0, None, None, None, 2015-09-12 18:00:00, 8.8, None, 1.0, None
None, 540.0, None, None, None, 2015-09-12 19:00:00, 9.6, None, 1.0, None
None, 540.0, None, None, None, 2015-09-12 20:00:00, 6.1, None, 1.0, None
None, 540.0, None, None, None, 2015-09-12 21:00:00, 9.7, None, 1.0, None
None, 541.0, None, None, None, 2015-09-12 22:00:00, 2.0, None, 1.0, None
None, 541.0, None, None, None, 2015-09-12 23:00:00, 4.3, None, 1.0, None
None, 541.0, None, None, None, 2015-09-13 00:00:00, 5.9, None, 1.0, None
None, 541.0, None, None, None, 2015-09-13 01:00:00, 4.0, None, 1.0, None
None, 541.0, None, None, None, 2015-09-13 02:00:00, 2.6, None, 1.0, None
None, 541.0, None, None, None, 2015-09-13 03:00:00, 1.6, None, 1.0, None
None, 541.0, None, None, None, 2015-09-13 04:00:00, 1.4, None, 1.0, None
None, 541.0, None, None, None, 2015-09-13 05:00:00, 1.8, None, 1.0, None
None, 541.0, None, None, None, 2015-09-13 06:00:00, 1.2, None, 1.0, None
None, 541.0, None, None, None, 2015-09-13 07:00:00, 1.4, None, 1.0, None
None, 542.0, None, None, None, 2015-09-13 08:00:00, 1.0, None, 1.0, None
None, 542.0, None, None, None, 2015-09-13 09:00:00, 1.1, None, 1.0, None
None, 542.0, None, None, None, 2015-09-13 10:00:00, 0.2, None, 1.0, None
None, 542.0, None, None, None, 2015-09-13 11:00:00, 0.1, None, 1.0, None
None, 542.0, None, None, None, 2015-09-13 12:00:00, -0.3, None, 1.0, None
None, 542.0, None, None, None, 2015-09-13 13:00:00, -0.7, None, 1.0, None
None, 542.0, None, None, None, 2015-09-13 14:00:00, -0.6, None, 1.0, None
None, 542.0, None, None, None, 2015-09-13 15:00:00, -0.2, None, 1.0, None
None, 542.0, None, 158.0, None, 2015-09-13 16:00:00, 0.7, None, 1.0, None
None, 541.0, None, None, None, 2015-09-13 17:00:00, 2.2, None, 1.0, None
None, 541.0, None, None, None, 2015-09-13 18:00:00, 3.1, None, 1.0, None
None, 541.0, None, None, None, 2015-09-13 19:00:00, 4.3, None, 1.0, None
None, 542.0, None, None, None, 2015-09-13 20:00:00, 3.8, None, 1.0, None
None, 541.0, None, None, None, 2015-09-13 21:00:00, 5.9, None, 1.0, None
None, 541.0, None, None, None, 2015-09-13 22:00:00, 8.0, None, 1.0, None
None, 541.0, None, None, None, 2015-09-13 23:00:00, 7.0, None, 1.0, None
None, 542.0, None, None, None, 2015-09-14 00:00:00, 1.7, None, 1.0, None
None, 542.0, None, None, None, 2015-09-14 01:00:00, 1.4, None, 1.0, None
None, 542.0, None, None, None, 2015-09-14 02:00:00, 0.5, None, 1.0, None
None, 543.0, None, None, None, 2015-09-14 03:00:00, -0.3, None, 1.0, None
None, 543.0, None, None, None, 2015-09-14 04:00:00, -1.6, None, 1.0, None
None, 543.0, None, None, None, 2015-09-14 05:00:00, -1.9, None, 1.0, None
None, 543.0, None, None, None, 2015-09-14 06:00:00, -1.9, None, 1.0, None
None, 543.0, None, None, None, 2015-09-14 07:00:00, -1.5, None, 1.0, None
None, 543.0, None, None, None, 2015-09-14 08:00:00, -1.5, None, 1.0, None
None, 543.0, None, None, None, 2015-09-14 09:00:00, -1.3, None, 1.0, None
None, 543.0, None, None, None, 2015-09-14 10:00:00, -1.1, None, 1.0, None
None, 543.0, None, None, None, 2015-09-14 11:00:00, -1.3, None, 1.0, None
None, 543.0, None, None, None, 2015-09-14 12:00:00, -1.3, None, 1.0, None
None, 543.0, None, None, None, 2015-09-14 13:00:00, -1.2, None, 1.0, None
None, 543.0, None, None, None, 2015-09-14 14:00:00, -1.2, None, 1.0, None
None, 543.0, None, None, None, 2015-09-14 15:00:00, -0.7, None, 1.0, None
None, 543.0, None, 158.0, None, 2015-09-14 16:00:00, -0.3, None, 1.0, None
None, 543.0, None, None, None, 2015-09-14 17:00:00, 0.1, None, 1.0, None
None, 543.0, None, None, None, 2015-09-14 18:00:00, 1.1, None, 1.0, None
None, 543.0, None, None, None, 2015-09-14 19:00:00, 2.1, None, 1.0, None
None, 543.0, None, None, None, 2015-09-14 20:00:00, 2.4, None, 1.0, None
None, 543.0, None, None, None, 2015-09-14 21:00:00, 2.3, None, 1.0, None
None, 543.0, None, None, None, 2015-09-14 22:00:00, 2.7, None, 1.0, None
None, 543.0, None, None, None, 2015-09-14 23:00:00, 2.6, None, 1.0, None
None, 543.0, None, None, None, 2015-09-15 00:00:00, 2.5, None, 1.0, None
None, 543.0, None, None, None, 2015-09-15 01:00:00, 2.2, None, 1.0, None
None, 543.0, None, None, None, 2015-09-15 02:00:00, 0.3, None, 1.0, None
None, 543.0, None, None, None, 2015-09-15 03:00:00, -1.4, None, 1.0, None
None, 543.0, None, None, None, 2015-09-15 04:00:00, -1.6, None, 1.0, None
None, 542.0, None, None, None, 2015-09-15 05:00:00, -1.4, None, 1.0, None
None, 542.0, None, None, None, 2015-09-15 06:00:00, -2.0, None, 1.0, None
None, 541.0, None, None, None, 2015-09-15 07:00:00, -1.9, None, 1.0, None
None, 541.0, None, None, None, 2015-09-15 08:00:00, -2.0, None, 1.0, None
None, 541.0, None, None, None, 2015-09-15 09:00:00, -2.8, None, 1.0, None
None, 541.0, None, None, None, 2015-09-15 10:00:00, -2.6, None, 1.0, None
None, 541.0, None, None, None, 2015-09-15 11:00:00, -2.4, None, 1.0, None
None, 541.0, None, None, None, 2015-09-15 12:00:00, -1.2, None, 1.0, None
None, 541.0, None, None, None, 2015-09-15 13:00:00, -1.5, None, 1.0, None
None, 541.0, None, None, None, 2015-09-15 14:00:00, -1.1, None, 1.0, None
None, 541.0, None, None, None, 2015-09-15 15:00:00, -0.4, None, 1.0, None
None, 541.0, None, 154.0, None, 2015-09-15 16:00:00, 1.9, None, 1.0, None
None, 543.0, None, None, None, 2015-09-15 17:00:00, 2.7, None, 1.0, None
None, 543.0, None, None, None, 2015-09-15 18:00:00, 5.5, None, 1.0, None
None, 543.0, None, None, None, 2015-09-15 19:00:00, 4.2, None, 1.0, None
None, 543.0, None, None, None, 2015-09-15 20:00:00, 4.6, None, 1.0, None
None, 543.0, None, None, None, 2015-09-15 21:00:00, 4.4, None, 1.0, None
None, 543.0, None, None, None, 2015-09-15 22:00:00, 6.1, None, 1.0, None
None, 543.0, None, None, None, 2015-09-15 23:00:00, 6.2, None, 1.0, None
None, 543.0, None, None, None, 2015-09-16 00:00:00, 4.4, None, 1.0, None
None, 543.0, None, None, None, 2015-09-16 01:00:00, 3.6, None, 1.0, None
None, 543.0, None, None, None, 2015-09-16 02:00:00, 1.8, None, 1.0, None
None, 543.0, None, None, None, 2015-09-16 03:00:00, 1.0, None, 1.0, None
None, 543.0, None, None, None, 2015-09-16 04:00:00, 1.3, None, 1.0, None
None, 543.0, None, None, None, 2015-09-16 05:00:00, 1.0, None, 1.0, None
None, 544.0, None, None, None, 2015-09-16 06:00:00, -1.0, None, 1.0, None
None, 544.0, None, None, None, 2015-09-16 07:00:00, -1.5, None, 1.0, None
None, 544.0, None, None, None, 2015-09-16 08:00:00, -0.5, None, 1.0, None
None, 544.0, None, None, None, 2015-09-16 09:00:00, -0.7, None, 1.0, None
None, 544.0, None, None, None, 2015-09-16 10:00:00, -0.9, None, 1.0, None
None, 544.0, None, None, None, 2015-09-16 11:00:00, -1.5, None, 1.0, None
None, 543.0, None, None, None, 2015-09-16 12:00:00, -0.4, None, 1.0, None
None, 544.0, None, None, None, 2015-09-16 13:00:00, -2.3, None, 1.0, None
None, 544.0, None, None, None, 2015-09-16 14:00:00, -2.1, None, 1.0, None
None, 544.0, None, None, None, 2015-09-16 15:00:00, 0.7, None, 1.0, None
None, 543.0, None, 154.0, None, 2015-09-16 16:00:00, 1.3, None, 1.0, None
None, 543.0, None, None, None, 2015-09-16 17:00:00, 2.7, None, 1.0, None
None, 543.0, None, None, None, 2015-09-16 18:00:00, 5.2, None, 1.0, None
None, 543.0, None, None, None, 2015-09-16 19:00:00, 2.8, None, 1.0, None
None, 543.0, None, None, None, 2015-09-16 20:00:00, 2.1, None, 1.0, None
None, 543.0, None, None, None, 2015-09-16 21:00:00, 3.4, None, 1.0, None
None, 543.0, None, None, None, 2015-09-16 22:00:00, 2.4, None, 1.0, None
None, 543.0, None, None, None, 2015-09-16 23:00:00, 3.8, None, 1.0, None
None, 543.0, None, None, None, 2015-09-17 00:00:00, 2.3, None, 1.0, None
None, 543.0, None, None, None, 2015-09-17 01:00:00, 2.4, None, 1.0, None
None, 543.0, None, None, None, 2015-09-17 02:00:00, 1.6, None, 1.0, None
None, 543.0, None, None, None, 2015-09-17 03:00:00, 1.2, None, 1.0, None
None, 543.0, None, None, None, 2015-09-17 04:00:00, 0.8, None, 1.0, None
None, 543.0, None, None, None, 2015-09-17 05:00:00, 0.6, None, 1.0, None
None, 543.0, None, None, None, 2015-09-17 06:00:00, 1.0, None, 1.0, None
None, 543.0, None, None, None, 2015-09-17 07:00:00, 1.0, None, 1.0, None
None, 543.0, None, None, None, 2015-09-17 08:00:00, 0.9, None, 1.0, None
None, 543.0, None, None, None, 2015-09-17 09:00:00, 0.6, None, 1.0, None
None, 543.0, None, None, None, 2015-09-17 10:00:00, 0.4, None, 1.0, None
None, 544.0, None, None, None, 2015-09-17 11:00:00, -0.5, None, 1.0, None
None, 544.0, None, None, None, 2015-09-17 12:00:00, -0.8, None, 1.0, None
None, 544.0, None, None, None, 2015-09-17 13:00:00, -0.9, None, 1.0, None
None, 544.0, None, None, None, 2015-09-17 14:00:00, -1.0, None, 1.0, None
None, 543.0, None, None, None, 2015-09-17 15:00:00, 0.4, None, 1.0, None
None, 543.0, None, 154.0, None, 2015-09-17 16:00:00, 1.2, None, 1.0, None
None, 543.0, None, None, None, 2015-09-17 17:00:00, 2.8, None, 1.0, None
None, 543.0, None, None, None, 2015-09-17 18:00:00, 3.2, None, 1.0, None
None, 543.0, None, None, None, 2015-09-17 19:00:00, 3.9, None, 1.0, None
None, 543.0, None, None, None, 2015-09-17 20:00:00, 4.1, None, 1.0, None
None, 543.0, None, None, None, 2015-09-17 21:00:00, 4.1, None, 1.0, None
None, 543.0, None, None, None, 2015-09-17 22:00:00, 4.3, None, 1.0, None
None, 543.0, None, None, None, 2015-09-17 23:00:00, 3.4, None, 1.0, None
None, 543.0, None, None, None, 2015-09-18 00:00:00, 2.8, None, 1.0, None
None, 543.0, None, None, None, 2015-09-18 01:00:00, 1.3, None, 1.0, None
None, 544.0, None, None, None, 2015-09-18 02:00:00, 0.8, None, 1.0, None
None, 544.0, None, None, None, 2015-09-18 03:00:00, 0.2, None, 1.0, None
None, 544.0, None, None, None, 2015-09-18 04:00:00, 0.7, None, 1.0, None
None, 544.0, None, None, None, 2015-09-18 05:00:00, 0.6, None, 1.0, None
None, 544.0, None, None, None, 2015-09-18 06:00:00, 0.8, None, 1.0, None
None, 544.0, None, None, None, 2015-09-18 07:00:00, 0.7, None, 1.0, None
None, 544.0, None, None, None, 2015-09-18 08:00:00, 0.7, None, 1.0, None
None, 544.0, None, None, None, 2015-09-18 09:00:00, 0.9, None, 1.0, None
None, 544.0, None, None, None, 2015-09-18 10:00:00, 1.1, None, 1.0, None
None, 545.0, None, None, None, 2015-09-18 11:00:00, 0.3, None, 1.0, None
None, 545.0, None, None, None, 2015-09-18 12:00:00, -0.1, None, 1.0, None
None, 545.0, None, None, None, 2015-09-18 13:00:00, 0.0, None, 1.0, None
None, 546.0, None, None, None, 2015-09-18 14:00:00, 0.0, None, 1.0, None
None, 546.0, None, None, None, 2015-09-18 15:00:00, 0.1, None, 1.0, None
None, 547.0, None, 158.0, None, 2015-09-18 16:00:00, 0.2, None, 1.0, None
None, 547.0, None, None, None, 2015-09-18 17:00:00, 0.4, None, 1.0, None
None, 548.0, None, None, None, 2015-09-18 18:00:00, 0.3, None, 1.0, None
None, 548.0, None, None, None, 2015-09-18 19:00:00, 3.5, None, 1.0, None
None, 549.0, None, None, None, 2015-09-18 20:00:00, 1.8, None, 1.0, None
None, 549.0, None, None, None, 2015-09-18 21:00:00, 1.9, None, 1.0, None
None, 549.0, None, None, None, 2015-09-18 22:00:00, 3.1, None, 1.0, None
None, 549.0, None, None, None, 2015-09-18 23:00:00, 2.9, None, 1.0, None
None, 550.0, None, None, None, 2015-09-19 00:00:00, 2.9, None, 1.0, None
None, 550.0, None, None, None, 2015-09-19 01:00:00, 3.1, None, 1.0, None
None, 550.0, None, None, None, 2015-09-19 02:00:00, 2.7, None, 1.0, None
None, 550.0, None, None, None, 2015-09-19 03:00:00, 2.8, None, 1.0, None
None, 550.0, None, None, None, 2015-09-19 04:00:00, 2.9, None, 1.0, None
None, 551.0, None, None, None, 2015-09-19 05:00:00, 2.8, None, 1.0, None
None, 551.0, None, None, None, 2015-09-19 06:00:00, 2.8, None, 1.0, None
None, 552.0, None, None, None, 2015-09-19 07:00:00, 1.7, None, 1.0, None
None, 553.0, None, None, None, 2015-09-19 08:00:00, 1.3, None, 1.0, None
None, 554.0, None, None, None, 2015-09-19 09:00:00, 0.4, None, 1.0, None
None, 554.0, None, None, None, 2015-09-19 10:00:00, 0.1, None, 1.0, None
None, 554.0, None, None, None, 2015-09-19 11:00:00, -0.4, None, 1.0, None
None, 554.0, None, None, None, 2015-09-19 12:00:00, -0.6, None, 1.0, None
None, 554.0, None, None, None, 2015-09-19 13:00:00, -1.5, None, 1.0, None
None, 555.0, None, None, None, 2015-09-19 14:00:00, -1.8, None, 1.0, None
None, 555.0, None, None, None, 2015-09-19 15:00:00, 0.0, None, 1.0, None
None, 555.0, None, 158.0, None, 2015-09-19 16:00:00, 0.4, None, 1.0, None
None, 554.0, None, None, None, 2015-09-19 17:00:00, 0.8, None, 1.0, None
None, 555.0, None, None, None, 2015-09-19 18:00:00, 1.8, None, 1.0, None
None, 554.0, None, None, None, 2015-09-19 19:00:00, 2.4, None, 1.0, None
None, 554.0, None, None, None, 2015-09-19 20:00:00, 4.8, None, 1.0, None
None, 554.0, None, None, None, 2015-09-19 21:00:00, 2.9, None, 1.0, None
None, 555.0, None, None, None, 2015-09-19 22:00:00, 2.3, None, 1.0, None
None, 554.0, None, None, None, 2015-09-19 23:00:00, 1.6, None, 1.0, None
None, 554.0, None, None, None, 2015-09-20 00:00:00, 1.3, None, 1.0, None
None, 554.0, None, None, None, 2015-09-20 01:00:00, 0.8, None, 1.0, None
None, 555.0, None, None, None, 2015-09-20 02:00:00, -0.8, None, 1.0, None
None, 555.0, None, None, None, 2015-09-20 03:00:00, -0.9, None, 1.0, None
None, 555.0, None, None, None, 2015-09-20 04:00:00, -1.1, None, 1.0, None
None, 555.0, None, None, None, 2015-09-20 05:00:00, -1.3, None, 1.0, None
None, 555.0, None, None, None, 2015-09-20 06:00:00, -1.4, None, 1.0, None
None, 555.0, None, None, None, 2015-09-20 07:00:00, -1.6, None, 1.0, None
None, 555.0, None, None, None, 2015-09-20 08:00:00, -1.6, None, 1.0, None
None, 555.0, None, None, None, 2015-09-20 09:00:00, -1.5, None, 1.0, None
None, 555.0, None, None, None, 2015-09-20 10:00:00, -2.2, None, 1.0, None
None, 555.0, None, None, None, 2015-09-20 11:00:00, -2.5, None, 1.0, None
None, 555.0, None, None, None, 2015-09-20 12:00:00, -2.3, None, 1.0, None
None, 555.0, None, None, None, 2015-09-20 13:00:00, -2.8, None, 1.0, None
None, 555.0, None, None, None, 2015-09-20 14:00:00, -2.7, None, 1.0, None
None, 555.0, None, None, None, 2015-09-20 15:00:00, -2.1, None, 1.0, None
None, 555.0, None, 154.0, None, 2015-09-20 16:00:00, -1.5, None, 1.0, None
None, 555.0, None, None, None, 2015-09-20 17:00:00, -0.3, None, 1.0, None
None, 555.0, None, None, None, 2015-09-20 18:00:00, 1.4, None, 1.0, None
None, 554.0, None, None, None, 2015-09-20 19:00:00, 1.5, None, 1.0, None
None, 554.0, None, None, None, 2015-09-20 20:00:00, 2.7, None, 1.0, None
None, 555.0, None, None, None, 2015-09-20 21:00:00, 0.7, None, 1.0, None
None, 555.0, None, None, None, 2015-09-20 22:00:00, 1.4, None, 1.0, None
None, 555.0, None, None, None, 2015-09-20 23:00:00, 0.7, None, 1.0, None
None, 555.0, None, None, None, 2015-09-21 00:00:00, 1.1, None, 1.0, None
None, 555.0, None, None, None, 2015-09-21 01:00:00, -0.2, None, 1.0, None
None, 555.0, None, None, None, 2015-09-21 02:00:00, -1.2, None, 1.0, None
None, 555.0, None, None, None, 2015-09-21 03:00:00, -1.5, None, 1.0, None
None, 555.0, None, None, None, 2015-09-21 04:00:00, -1.4, None, 1.0, None
None, 555.0, None, None, None, 2015-09-21 05:00:00, -2.3, None, 1.0, None
None, 555.0, None, None, None, 2015-09-21 06:00:00, -2.5, None, 1.0, None
None, 555.0, None, None, None, 2015-09-21 07:00:00, -2.8, None, 1.0, None
None, 555.0, None, None, None, 2015-09-21 08:00:00, -3.2, None, 1.0, None
None, 555.0, None, None, None, 2015-09-21 09:00:00, -3.2, None, 1.0, None
None, 555.0, None, None, None, 2015-09-21 10:00:00, -3.8, None, 1.0, None
None, 555.0, None, None, None, 2015-09-21 11:00:00, -4.0, None, 1.0, None
None, 555.0, None, None, None, 2015-09-21 12:00:00, -4.6, None, 1.0, None
None, 555.0, None, None, None, 2015-09-21 13:00:00, -5.1, None, 1.0, None
None, 555.0, None, None, None, 2015-09-21 14:00:00, -4.8, None, 1.0, None
None, 555.0, None, None, None, 2015-09-21 15:00:00, -0.8, None, 1.0, None
None, 555.0, None, 154.0, None, 2015-09-21 16:00:00, -1.1, None, 1.0, None
None, 555.0, None, None, None, 2015-09-21 17:00:00, 0.9, None, 1.0, None
None, 555.0, None, None, None, 2015-09-21 18:00:00, 2.5, None, 1.0, None
None, 554.0, None, None, None, 2015-09-21 19:00:00, 3.2, None, 1.0, None
None, 554.0, None, None, None, 2015-09-21 20:00:00, 3.8, None, 1.0, None
None, 554.0, None, None, None, 2015-09-21 21:00:00, 4.5, None, 1.0, None
None, 554.0, None, None, None, 2015-09-21 22:00:00, 4.7, None, 1.0, None
None, 554.0, None, None, None, 2015-09-21 23:00:00, 3.4, None, 1.0, None
None, 554.0, None, None, None, 2015-09-22 00:00:00, 1.5, None, 1.0, None
None, 554.0, None, None, None, 2015-09-22 01:00:00, 0.9, None, 1.0, None
None, 555.0, None, None, None, 2015-09-22 02:00:00, -0.6, None, 1.0, None
None, 555.0, None, None, None, 2015-09-22 03:00:00, -0.9, None, 1.0, None
None, 555.0, None, None, None, 2015-09-22 04:00:00, -1.1, None, 1.0, None
None, 555.0, None, None, None, 2015-09-22 05:00:00, -2.0, None, 1.0, None
None, 555.0, None, None, None, 2015-09-22 06:00:00, -2.5, None, 1.0, None
None, 555.0, None, None, None, 2015-09-22 07:00:00, -1.9, None, 1.0, None
None, 555.0, None, None, None, 2015-09-22 08:00:00, -2.8, None, 1.0, None
None, 557.0, None, None, None, 2015-09-22 09:00:00, -2.8, None, 1.0, None
None, 557.0, None, None, None, 2015-09-22 10:00:00, -2.7, None, 1.0, None
None, 557.0, None, None, None, 2015-09-22 11:00:00, -2.9, None, 1.0, None
None, 557.0, None, None, None, 2015-09-22 12:00:00, -3.1, None, 1.0, None
None, 557.0, None, None, None, 2015-09-22 13:00:00, -2.9, None, 1.0, None
None, 557.0, None, None, None, 2015-09-22 14:00:00, -3.2, None, 1.0, None
None, 557.0, None, None, None, 2015-09-22 15:00:00, -2.3, None, 1.0, None
None, 557.0, None, 158.0, None, 2015-09-22 16:00:00, -2.1, None, 1.0, None
None, 557.0, None, None, None, 2015-09-22 17:00:00, -1.3, None, 1.0, None
None, 557.0, None, None, None, 2015-09-22 18:00:00, 0.3, None, 1.0, None
None, 557.0, None, None, None, 2015-09-22 19:00:00, -0.7, None, 1.0, None
None, 557.0, None, None, None, 2015-09-22 20:00:00, -0.9, None, 1.0, None
None, 558.0, None, None, None, 2015-09-22 21:00:00, 0.1, None, 1.0, None
None, 558.0, None, None, None, 2015-09-22 22:00:00, 1.2, None, 1.0, None
None, 558.0, None, None, None, 2015-09-22 23:00:00, 0.0, None, 1.0, None
None, 558.0, None, None, None, 2015-09-23 00:00:00, -0.3, None, 1.0, None
None, 558.0, None, None, None, 2015-09-23 01:00:00, -0.7, None, 1.0, None
None, 558.0, None, None, None, 2015-09-23 02:00:00, -1.4, None, 1.0, None
None, 559.0, None, None, None, 2015-09-23 03:00:00, -1.7, None, 1.0, None
None, 559.0, None, None, None, 2015-09-23 04:00:00, -2.0, None, 1.0, None
None, 559.0, None, None, None, 2015-09-23 05:00:00, -1.9, None, 1.0, None
None, 559.0, None, None, None, 2015-09-23 06:00:00, -1.7, None, 1.0, None
None, 560.0, None, None, None, 2015-09-23 07:00:00, -1.8, None, 1.0, None
None, 560.0, None, None, None, 2015-09-23 08:00:00, -2.6, None, 1.0, None
None, 560.0, None, None, None, 2015-09-23 09:00:00, -2.6, None, 1.0, None
None, 560.0, None, None, None, 2015-09-23 10:00:00, -2.2, None, 1.0, None
None, 560.0, None, None, None, 2015-09-23 11:00:00, -2.7, None, 1.0, None
None, 560.0, None, None, None, 2015-09-23 12:00:00, -3.6, None, 1.0, None
None, 560.0, None, None, None, 2015-09-23 13:00:00, -3.3, None, 1.0, None
None, 560.0, None, None, None, 2015-09-23 14:00:00, -3.6, None, 1.0, None
None, 560.0, None, None, None, 2015-09-23 15:00:00, -2.1, None, 1.0, None
None, 560.0, None, 158.0, None, 2015-09-23 16:00:00, -1.4, None, 1.0, None
None, 560.0, None, None, None, 2015-09-23 17:00:00, -1.5, None, 1.0, None
None, 561.0, None, None, None, 2015-09-23 18:00:00, -0.5, None, 1.0, None
None, 561.0, None, None, None, 2015-09-23 19:00:00, 0.0, None, 1.0, None
None, 561.0, None, None, None, 2015-09-23 20:00:00, 1.3, None, 1.0, None
None, 561.0, None, None, None, 2015-09-23 21:00:00, 2.7, None, 1.0, None
None, 561.0, None, None, None, 2015-09-23 22:00:00, 2.1, None, 1.0, None
None, 561.0, None, None, None, 2015-09-23 23:00:00, 1.7, None, 1.0, None
None, 561.0, None, None, None, 2015-09-24 00:00:00, 0.7, None, 1.0, None
None, 561.0, None, None, None, 2015-09-24 01:00:00, 0.3, None, 1.0, None
None, 561.0, None, None, None, 2015-09-24 02:00:00, -0.1, None, 1.0, None
None, 561.0, None, None, None, 2015-09-24 03:00:00, -0.1, None, 1.0, None
None, 562.0, None, None, None, 2015-09-24 04:00:00, -0.3, None, 1.0, None
None, 566.0, None, None, None, 2015-09-24 05:00:00, -0.6, None, 1.0, None
None, 570.0, None, None, None, 2015-09-24 06:00:00, -1.0, None, 1.0, None
None, 570.0, None, None, None, 2015-09-24 07:00:00, -1.1, None, 1.0, None
None, 570.0, None, None, None, 2015-09-24 08:00:00, -1.3, None, 1.0, None
None, 570.0, None, None, None, 2015-09-24 09:00:00, -1.3, None, 1.0, None
None, 570.0, None, None, None, 2015-09-24 10:00:00, -1.9, None, 1.0, None
None, 570.0, None, None, None, 2015-09-24 11:00:00, -1.9, None, 1.0, None
None, 571.0, None, None, None, 2015-09-24 12:00:00, -2.3, None, 1.0, None
None, 571.0, None, None, None, 2015-09-24 13:00:00, -2.7, None, 1.0, None
None, 571.0, None, None, None, 2015-09-24 14:00:00, -3.5, None, 2.0, None
None, 571.0, None, None, None, 2015-09-24 15:00:00, -1.9, None, 2.0, None
None, 570.0, None, 161.0, None, 2015-09-24 16:00:00, -1.2, None, 3.0, None
None, 571.0, None, None, None, 2015-09-24 17:00:00, -0.9, None, 4.0, None
None, 571.0, None, None, None, 2015-09-24 18:00:00, -0.8, None, 5.0, None
None, 571.0, None, None, None, 2015-09-24 19:00:00, -0.9, None, 6.0, None
None, 571.0, None, None, None, 2015-09-24 20:00:00, -0.8, None, 7.0, None
None, 572.0, None, None, None, 2015-09-24 21:00:00, -0.6, None, 8.0, None
None, 573.0, None, None, None, 2015-09-24 22:00:00, 0.0, None, 8.0, None
None, 574.0, None, None, None, 2015-09-24 23:00:00, -0.1, None, 8.0, None
None, 575.0, None, None, None, 2015-09-25 00:00:00, -0.3, None, 8.0, None
None, 575.0, None, None, None, 2015-09-25 01:00:00, -0.3, None, 9.0, None
None, 576.0, None, None, None, 2015-09-25 02:00:00, -1.0, None, 9.0, None
None, 576.0, None, None, None, 2015-09-25 03:00:00, -1.6, None, 9.0, None
None, 576.0, None, None, None, 2015-09-25 04:00:00, -2.5, None, 10.0, None
None, 577.0, None, None, None, 2015-09-25 05:00:00, -2.1, None, 10.0, None
None, 577.0, None, None, None, 2015-09-25 06:00:00, -2.1, None, 10.0, None
None, 577.0, None, None, None, 2015-09-25 07:00:00, -2.9, None, 10.0, None
None, 577.0, None, None, None, 2015-09-25 08:00:00, -2.4, None, 10.0, None
None, 577.0, None, None, None, 2015-09-25 09:00:00, -2.1, None, 11.0, None
None, 577.0, None, None, None, 2015-09-25 10:00:00, -2.2, None, 11.0, None
None, 577.0, None, None, None, 2015-09-25 11:00:00, -2.1, None, 11.0, None
None, 577.0, None, None, None, 2015-09-25 12:00:00, -2.3, None, 11.0, None
None, 577.0, None, None, None, 2015-09-25 13:00:00, -2.3, None, 11.0, None
None, 577.0, None, None, None, 2015-09-25 14:00:00, -2.4, None, 11.0, None
None, 577.0, None, None, None, 2015-09-25 15:00:00, -2.3, None, 11.0, None
None, 577.0, None, 180.0, None, 2015-09-25 16:00:00, -2.0, None, 11.0, None
None, 577.0, None, None, None, 2015-09-25 17:00:00, -0.5, None, 12.0, None
None, 577.0, None, None, None, 2015-09-25 18:00:00, 0.2, None, 12.0, None
None, 577.0, None, None, None, 2015-09-25 19:00:00, 0.1, None, 12.0, None
None, 577.0, None, None, None, 2015-09-25 20:00:00, -0.4, None, 12.0, None
None, 577.0, None, None, None, 2015-09-25 21:00:00, 0.1, None, 12.0, None
None, 577.0, None, None, None, 2015-09-25 22:00:00, 0.8, None, 11.0, None
None, 577.0, None, None, None, 2015-09-25 23:00:00, 0.1, None, 11.0, None
None, 577.0, None, None, None, 2015-09-26 00:00:00, 0.7, None, 11.0, None
None, 577.0, None, None, None, 2015-09-26 01:00:00, -0.7, None, 11.0, None
None, 577.0, None, None, None, 2015-09-26 02:00:00, -2.4, None, 10.0, None
None, 577.0, None, None, None, 2015-09-26 03:00:00, -2.5, None, 10.0, None
None, 577.0, None, None, None, 2015-09-26 04:00:00, -2.7, None, 10.0, None
None, 577.0, None, None, None, 2015-09-26 05:00:00, -2.6, None, 10.0, None
None, 578.0, None, None, None, 2015-09-26 06:00:00, -2.9, None, 10.0, None
None, 578.0, None, None, None, 2015-09-26 07:00:00, -3.2, None, 10.0, None
None, 578.0, None, None, None, 2015-09-26 08:00:00, -3.4, None, 9.0, None
None, 578.0, None, None, None, 2015-09-26 09:00:00, -3.6, None, 9.0, None
None, 578.0, None, None, None, 2015-09-26 10:00:00, -3.7, None, 9.0, None
None, 578.0, None, None, None, 2015-09-26 11:00:00, -3.5, None, 9.0, None
None, 577.0, None, None, None, 2015-09-26 12:00:00, -3.4, None, 9.0, None
None, 578.0, None, None, None, 2015-09-26 13:00:00, -3.4, None, 8.0, None
None, 577.0, None, None, None, 2015-09-26 14:00:00, -3.3, None, 8.0, None
None, 577.0, None, None, None, 2015-09-26 15:00:00, -2.8, None, 8.0, None
None, 577.0, None, 180.0, None, 2015-09-26 16:00:00, -1.9, None, 8.0, None
None, 577.0, None, None, None, 2015-09-26 17:00:00, -1.7, None, 8.0, None
None, 577.0, None, None, None, 2015-09-26 18:00:00, -1.1, None, 8.0, None
None, 577.0, None, None, None, 2015-09-26 19:00:00, -0.5, None, 8.0, None
None, 577.0, None, None, None, 2015-09-26 20:00:00, -0.3, None, 8.0, None
None, 577.0, None, None, None, 2015-09-26 21:00:00, 0.1, None, 8.0, None
None, 577.0, None, None, None, 2015-09-26 22:00:00, -0.6, None, 8.0, None
None, 578.0, None, None, None, 2015-09-26 23:00:00, -1.4, None, 7.0, None
None, 578.0, None, None, None, 2015-09-27 00:00:00, -1.7, None, 7.0, None
None, 578.0, None, None, None, 2015-09-27 01:00:00, -1.6, None, 7.0, None
None, 578.0, None, None, None, 2015-09-27 02:00:00, -1.8, None, 7.0, None
None, 578.0, None, None, None, 2015-09-27 03:00:00, -1.9, None, 7.0, None
None, 578.0, None, None, None, 2015-09-27 04:00:00, -1.9, None, 7.0, None
None, 578.0, None, None, None, 2015-09-27 05:00:00, -1.8, None, 7.0, None
None, 578.0, None, None, None, 2015-09-27 06:00:00, -1.7, None, 7.0, None
None, 578.0, None, None, None, 2015-09-27 07:00:00, -1.4, None, 7.0, None
None, 580.0, None, None, None, 2015-09-27 08:00:00, -3.3, None, 7.0, None
None, 581.0, None, None, None, 2015-09-27 09:00:00, -4.0, None, 7.0, None
None, 581.0, None, None, None, 2015-09-27 10:00:00, -4.2, None, 7.0, None
None, 581.0, None, None, None, 2015-09-27 11:00:00, -4.4, None, 7.0, None
None, 581.0, None, None, None, 2015-09-27 12:00:00, -4.6, None, 7.0, None
None, 581.0, None, None, None, 2015-09-27 13:00:00, -4.4, None, 7.0, None
None, 581.0, None, None, None, 2015-09-27 14:00:00, -5.1, None, 7.0, None
None, 581.0, None, None, None, 2015-09-27 15:00:00, -4.3, None, 8.0, None
None, 581.0, None, 184.0, None, 2015-09-27 16:00:00, -3.6, None, 8.0, None
None, 580.0, None, None, None, 2015-09-27 17:00:00, -1.1, None, 8.0, None
None, 580.0, None, None, None, 2015-09-27 18:00:00, 2.8, None, 8.0, None
None, 580.0, None, None, None, 2015-09-27 19:00:00, 3.4, None, 8.0, None
None, 580.0, None, None, None, 2015-09-27 20:00:00, 2.1, None, 8.0, None
None, 580.0, None, None, None, 2015-09-27 21:00:00, 2.0, None, 8.0, None
None, 580.0, None, None, None, 2015-09-27 22:00:00, 1.7, None, 8.0, None
None, 580.0, None, None, None, 2015-09-27 23:00:00, 1.5, None, 8.0, None
None, 580.0, None, None, None, 2015-09-28 00:00:00, -0.1, None, 8.0, None
None, 580.0, None, None, None, 2015-09-28 01:00:00, -0.3, None, 8.0, None
None, 581.0, None, None, None, 2015-09-28 02:00:00, -0.6, None, 8.0, None
None, 581.0, None, None, None, 2015-09-28 03:00:00, -0.5, None, 7.0, None
None, 581.0, None, None, None, 2015-09-28 04:00:00, -0.4, None, 7.0, None
None, 580.0, None, None, None, 2015-09-28 05:00:00, -0.2, None, 7.0, None
None, 581.0, None, None, None, 2015-09-28 06:00:00, -0.1, None, 7.0, None
None, 581.0, None, None, None, 2015-09-28 07:00:00, 0.0, None, 7.0, None
None, 580.0, None, None, None, 2015-09-28 08:00:00, 0.2, None, 7.0, None
None, 580.0, None, None, None, 2015-09-28 09:00:00, 0.1, None, 7.0, None
None, 581.0, None, None, None, 2015-09-28 10:00:00, 0.2, None, 7.0, None
None, 580.0, None, None, None, 2015-09-28 11:00:00, 0.5, None, 6.0, None
None, 580.0, None, None, None, 2015-09-28 12:00:00, 0.5, None, 6.0, None
None, 581.0, None, None, None, 2015-09-28 13:00:00, 0.6, None, 6.0, None
None, 581.0, None, None, None, 2015-09-28 14:00:00, 0.6, None, 6.0, None
None, 581.0, None, None, None, 2015-09-28 15:00:00, 1.1, None, 6.0, None
None, 581.0, None, 184.0, None, 2015-09-28 16:00:00, 1.5, None, 6.0, None
None, 581.0, None, None, None, 2015-09-28 17:00:00, 2.5, None, 6.0, None
None, 581.0, None, None, None, 2015-09-28 18:00:00, 3.2, None, 6.0, None
None, 581.0, None, None, None, 2015-09-28 19:00:00, 4.2, None, 6.0, None
None, 581.0, None, None, None, 2015-09-28 20:00:00, 4.1, None, 6.0, None
None, 581.0, None, None, None, 2015-09-28 21:00:00, 5.3, None, 5.0, None
None, 581.0, None, None, None, 2015-09-28 22:00:00, 3.6, None, 5.0, None
None, 582.0, None, None, None, 2015-09-28 23:00:00, 3.4, None, 5.0, None
None, 583.0, None, None, None, 2015-09-29 00:00:00, 2.9, None, 5.0, None
None, 583.0, None, None, None, 2015-09-29 01:00:00, 2.8, None, 5.0, None
None, 584.0, None, None, None, 2015-09-29 02:00:00, 2.6, None, 4.0, None
None, 584.0, None, None, None, 2015-09-29 03:00:00, 2.5, None, 4.0, None
None, 584.0, None, None, None, 2015-09-29 04:00:00, 2.4, None, 4.0, None
None, 584.0, None, None, None, 2015-09-29 05:00:00, 2.4, None, 4.0, None
None, 584.0, None, None, None, 2015-09-29 06:00:00, 2.1, None, 3.0, None
None, 584.0, None, None, None, 2015-09-29 07:00:00, 2.1, None, 3.0, None
None, 584.0, None, None, None, 2015-09-29 08:00:00, 2.2, None, 3.0, None
None, 584.0, None, None, None, 2015-09-29 09:00:00, 2.0, None, 3.0, None
None, 584.0, None, None, None, 2015-09-29 10:00:00, 2.0, None, 2.0, None
None, 584.0, None, None, None, 2015-09-29 11:00:00, 2.0, None, 2.0, None
None, 584.0, None, None, None, 2015-09-29 12:00:00, 1.8, None, 2.0, None
None, 584.0, None, None, None, 2015-09-29 13:00:00, 2.0, None, 2.0, None
None, 584.0, None, None, None, 2015-09-29 14:00:00, 2.0, None, 1.0, None
None, 584.0, None, None, None, 2015-09-29 15:00:00, 2.7, None, 1.0, None
None, 584.0, None, 184.0, None, 2015-09-29 16:00:00, 3.6, None, 1.0, None
None, 584.0, None, None, None, 2015-09-29 17:00:00, 4.1, None, 1.0, None
None, 584.0, None, None, None, 2015-09-29 18:00:00, 5.8, None, 1.0, None
None, 584.0, None, None, None, 2015-09-29 19:00:00, 6.2, None, 1.0, None
None, 584.0, None, None, None, 2015-09-29 20:00:00, 6.6, None, 1.0, None
None, 584.0, None, None, None, 2015-09-29 21:00:00, 6.3, None, 1.0, None
None, 584.0, None, None, None, 2015-09-29 22:00:00, 6.4, None, 1.0, None
None, 584.0, None, None, None, 2015-09-29 23:00:00, 6.1, None, 1.0, None
None, 584.0, None, None, None, 2015-09-30 00:00:00, 6.7, None, 1.0, None
None, 584.0, None, None, None, 2015-09-30 01:00:00, 5.9, None, 1.0, None
None, 584.0, None, None, None, 2015-09-30 02:00:00, 5.2, None, 1.0, None
None, 584.0, None, None, None, 2015-09-30 03:00:00, 5.1, None, 1.0, None
None, 584.0, None, None, None, 2015-09-30 04:00:00, 4.9, None, 1.0, None
None, 584.0, None, None, None, 2015-09-30 05:00:00, 4.9, None, 1.0, None
None, 584.0, None, None, None, 2015-09-30 06:00:00, 4.5, None, 1.0, None
None, 584.0, None, None, None, 2015-09-30 07:00:00, 4.8, None, 1.0, None
None, 584.0, None, None, None, 2015-09-30 08:00:00, 5.1, None, 1.0, None
None, 584.0, None, None, None, 2015-09-30 09:00:00, 5.3, None, 1.0, None
None, 584.0, None, None, None, 2015-09-30 10:00:00, 5.0, None, 1.0, None
None, 584.0, None, None, None, 2015-09-30 11:00:00, 4.9, None, 1.0, None
None, 584.0, None, None, None, 2015-09-30 12:00:00, 4.8, None, 1.0, None
None, 583.0, None, None, None, 2015-09-30 13:00:00, 4.8, None, 1.0, None
None, 584.0, None, None, None, 2015-09-30 14:00:00, 4.9, None, 1.0, None
None, 584.0, None, None, None, 2015-09-30 15:00:00, 5.1, None, 1.0, None
None, 584.0, None, 188.0, None, 2015-09-30 16:00:00, 5.5, None, 1.0, None
None, 584.0, None, None, None, 2015-09-30 17:00:00, 6.0, None, 1.0, None
None, 584.0, None, None, None, 2015-09-30 18:00:00, 9.1, None, 1.0, None
None, 584.0, None, None, None, 2015-09-30 19:00:00, 8.7, None, 1.0, None
None, 583.0, None, None, None, 2015-09-30 20:00:00, 10.1, None, 1.0, None
None, 583.0, None, None, None, 2015-09-30 21:00:00, 9.5, None, 1.0, None
None, 583.0, None, None, None, 2015-09-30 22:00:00, 9.4, None, 1.0, None
None, 583.0, None, None, None, 2015-09-30 23:00:00, 8.1, None, 1.0, None
None, 583.0, None, None, None, 2015-10-01 00:00:00, 7.8, None, 1.0, None
None, 583.0, None, None, None, 2015-10-01 01:00:00, 7.2, None, 1.0, None
None, 583.0, None, None, None, 2015-10-01 02:00:00, 6.5, None, 1.0, None
None, 583.0, None, None, None, 2015-10-01 03:00:00, 6.1, None, 1.0, None
None, 583.0, None, None, None, 2015-10-01 04:00:00, 6.2, None, 1.0, None
None, 583.0, None, None, None, 2015-10-01 05:00:00, 5.7, None, 1.0, None
None, 583.0, None, None, None, 2015-10-01 06:00:00, 5.3, None, 1.0, None
None, 583.0, None, None, None, 2015-10-01 07:00:00, 5.2, None, 1.0, None
None, 583.0, None, None, None, 2015-10-01 08:00:00, 4.9, None, 1.0, None
None, 583.0, None, None, None, 2015-10-01 09:00:00, 4.8, None, 1.0, None
None, 583.0, None, None, None, 2015-10-01 10:00:00, 4.9, None, 1.0, None
None, 583.0, None, None, None, 2015-10-01 11:00:00, 4.4, None, 1.0, None
None, 584.0, None, None, None, 2015-10-01 12:00:00, 4.0, None, 1.0, None
None, 584.0, None, None, None, 2015-10-01 13:00:00, 3.7, None, 1.0, None
None, 585.0, None, None, None, 2015-10-01 14:00:00, 3.2, None, 1.0, None
None, 587.0, None, None, None, 2015-10-01 15:00:00, 3.1, None, 1.0, None
None, 589.0, None, 191.0, None, 2015-10-01 16:00:00, 2.8, None, 1.0, None
None, 591.0, None, None, None, 2015-10-01 17:00:00, 2.7, None, 1.0, None
None, 593.0, None, None, None, 2015-10-01 18:00:00, 1.7, None, 1.0, None
None, 594.0, None, None, None, 2015-10-01 19:00:00, 1.5, None, 1.0, None
None, 594.0, None, None, None, 2015-10-01 20:00:00, 1.2, None, 1.0, None
None, 595.0, None, None, None, 2015-10-01 21:00:00, 1.1, None, 1.0, None
None, 595.0, None, None, None, 2015-10-01 22:00:00, 0.9, None, 1.0, None
None, 596.0, None, None, None, 2015-10-01 23:00:00, -0.1, None, 1.0, None
None, 596.0, None, None, None, 2015-10-02 00:00:00, 0.0, None, 1.0, None
None, 596.0, None, None, None, 2015-10-02 01:00:00, -0.2, None, 1.0, None
None, 596.0, None, None, None, 2015-10-02 02:00:00, -0.3, None, 1.0, None
None, 596.0, None, None, None, 2015-10-02 03:00:00, -0.5, None, 1.0, None
None, 596.0, None, None, None, 2015-10-02 04:00:00, -0.8, None, 1.0, None
None, 597.0, None, None, None, 2015-10-02 05:00:00, -0.9, None, 1.0, None
None, 597.0, None, None, None, 2015-10-02 06:00:00, -1.3, None, 1.0, None
None, 597.0, None, None, None, 2015-10-02 07:00:00, -1.5, None, 1.0, None
None, 596.0, None, None, None, 2015-10-02 08:00:00, -1.7, None, 1.0, None
None, 596.0, None, None, None, 2015-10-02 09:00:00, -1.4, None, 1.0, None
None, 596.0, None, None, None, 2015-10-02 10:00:00, -1.6, None, 1.0, None
None, 597.0, None, None, None, 2015-10-02 11:00:00, -2.3, None, 1.0, None
None, 597.0, None, None, None, 2015-10-02 12:00:00, -3.0, None, 1.0, None
None, 597.0, None, None, None, 2015-10-02 13:00:00, -2.8, None, 1.0, None
None, 597.0, None, None, None, 2015-10-02 14:00:00, -3.1, None, 1.0, None
None, 597.0, None, None, None, 2015-10-02 15:00:00, -3.0, None, 1.0, None
None, 597.0, None, 195.0, None, 2015-10-02 16:00:00, -2.8, None, 1.0, None
None, 597.0, None, None, None, 2015-10-02 17:00:00, -2.7, None, 1.0, None
None, 597.0, None, None, None, 2015-10-02 18:00:00, -1.5, None, 1.0, None
None, 597.0, None, None, None, 2015-10-02 19:00:00, 0.1, None, 1.0, None
None, 597.0, None, None, None, 2015-10-02 20:00:00, -0.1, None, 1.0, None
None, 597.0, None, None, None, 2015-10-02 21:00:00, -1.2, None, 1.0, None
None, 597.0, None, None, None, 2015-10-02 22:00:00, -0.1, None, 1.0, None
None, 596.0, None, None, None, 2015-10-02 23:00:00, 1.7, None, 1.0, None
None, 596.0, None, None, None, 2015-10-03 00:00:00, 0.0, None, 1.0, None
None, 597.0, None, None, None, 2015-10-03 01:00:00, -1.9, None, 1.0, None
None, 597.0, None, None, None, 2015-10-03 02:00:00, -3.2, None, 1.0, None
None, 597.0, None, None, None, 2015-10-03 03:00:00, -4.3, None, 1.0, None
None, 597.0, None, None, None, 2015-10-03 04:00:00, -4.5, None, 1.0, None
None, 597.0, None, None, None, 2015-10-03 05:00:00, -4.0, None, 1.0, None
None, 597.0, None, None, None, 2015-10-03 06:00:00, -4.3, None, 1.0, None
None, 597.0, None, None, None, 2015-10-03 07:00:00, -4.2, None, 1.0, None
None, 597.0, None, None, None, 2015-10-03 08:00:00, -3.5, None, 1.0, None
None, 597.0, None, None, None, 2015-10-03 09:00:00, -3.7, None, 1.0, None
None, 597.0, None, None, None, 2015-10-03 10:00:00, -4.7, None, 1.0, None
None, 597.0, None, None, None, 2015-10-03 11:00:00, -4.2, None, 1.0, None
None, 597.0, None, None, None, 2015-10-03 12:00:00, -5.6, None, 1.0, None
None, 597.0, None, None, None, 2015-10-03 13:00:00, -5.5, None, 1.0, None
None, 597.0, None, None, None, 2015-10-03 14:00:00, -5.3, None, 1.0, None
None, 597.0, None, None, None, 2015-10-03 15:00:00, -4.9, None, 1.0, None
None, 597.0, None, None, None, 2015-10-03 16:00:00, -3.3, None, 1.0, None
None, 597.0, None, None, None, 2015-10-03 17:00:00, -0.6, None, 1.0, None
None, 597.0, None, None, None, 2015-10-03 18:00:00, 2.3, None, 1.0, None
None, 597.0, None, None, None, 2015-10-03 19:00:00, 2.6, None, 1.0, None
None, 597.0, None, None, None, 2015-10-03 20:00:00, 3.6, None, 1.0, None
None, 596.0, None, None, None, 2015-10-03 21:00:00, 5.7, None, 1.0, None
None, 596.0, None, None, None, 2015-10-03 22:00:00, 4.9, None, 1.0, None
None, 596.0, None, None, None, 2015-10-03 23:00:00, 3.7, None, 1.0, None
None, 596.0, None, None, None, 2015-10-04 00:00:00, 2.0, None, 1.0, None
None, 596.0, None, None, None, 2015-10-04 01:00:00, 1.5, None, 1.0, None
None, 597.0, None, None, None, 2015-10-04 02:00:00, -0.8, None, 1.0, None
None, 597.0, None, None, None, 2015-10-04 03:00:00, -1.5, None, 1.0, None
None, 597.0, None, None, None, 2015-10-04 04:00:00, -1.8, None, 1.0, None
None, 597.0, None, None, None, 2015-10-04 05:00:00, -2.1, None, 1.0, None
None, 597.0, None, None, None, 2015-10-04 06:00:00, -1.6, None, 1.0, None
None, 597.0, None, None, None, 2015-10-04 07:00:00, -1.7, None, 1.0, None
None, 597.0, None, None, None, 2015-10-04 08:00:00, -1.9, None, 1.0, None
None, 597.0, None, None, None, 2015-10-04 09:00:00, -1.8, None, 1.0, None
None, 597.0, None, None, None, 2015-10-04 10:00:00, -2.8, None, 1.0, None
None, 597.0, None, None, None, 2015-10-04 11:00:00, -3.0, None, 1.0, None
None, 597.0, None, None, None, 2015-10-04 12:00:00, -3.4, None, 1.0, None
None, 597.0, None, None, None, 2015-10-04 13:00:00, -3.5, None, 1.0, None
None, 597.0, None, None, None, 2015-10-04 14:00:00, -3.8, None, 1.0, None
None, 597.0, None, None, None, 2015-10-04 15:00:00, -3.0, None, 1.0, None
None, 597.0, None, 199.0, None, 2015-10-04 16:00:00, -1.0, None, 1.0, None
None, 597.0, None, None, None, 2015-10-04 17:00:00, 1.5, None, 1.0, None
None, 597.0, None, None, None, 2015-10-04 18:00:00, 4.8, None, 1.0, None
None, 596.0, None, None, None, 2015-10-04 19:00:00, 5.3, None, 1.0, None
None, 596.0, None, None, None, 2015-10-04 20:00:00, 5.3, None, 1.0, None
None, 596.0, None, None, None, 2015-10-04 21:00:00, 6.3, None, 1.0, None
None, 596.0, None, None, None, 2015-10-04 22:00:00, 6.5, None, 1.0, None
None, 596.0, None, None, None, 2015-10-04 23:00:00, 5.9, None, 1.0, None
None, 596.0, None, None, None, 2015-10-05 00:00:00, 4.2, None, 1.0, None
None, 596.0, None, None, None, 2015-10-05 01:00:00, 2.5, None, 1.0, None
None, 596.0, None, None, None, 2015-10-05 02:00:00, 0.9, None, 1.0, None
None, 596.0, None, None, None, 2015-10-05 03:00:00, 1.5, None, 1.0, None
None, 596.0, None, None, None, 2015-10-05 04:00:00, 1.4, None, 1.0, None
None, 596.0, None, None, None, 2015-10-05 05:00:00, 0.8, None, 1.0, None
None, 597.0, None, None, None, 2015-10-05 06:00:00, 0.2, None, 1.0, None
None, 597.0, None, None, None, 2015-10-05 07:00:00, -0.8, None, 1.0, None
None, 597.0, None, None, None, 2015-10-05 08:00:00, -1.3, None, 1.0, None
None, 597.0, None, None, None, 2015-10-05 09:00:00, -1.9, None, 1.0, None
None, 597.0, None, None, None, 2015-10-05 10:00:00, -2.1, None, 1.0, None
None, 597.0, None, None, None, 2015-10-05 11:00:00, -2.9, None, 1.0, None
None, 597.0, None, None, None, 2015-10-05 12:00:00, -3.1, None, 1.0, None
None, 597.0, None, None, None, 2015-10-05 13:00:00, -4.4, None, 1.0, None
None, 597.0, None, None, None, 2015-10-05 14:00:00, -5.6, None, 1.0, None
None, 597.0, None, None, None, 2015-10-05 15:00:00, -5.3, None, 1.0, None
None, 597.0, None, 202.0, None, 2015-10-05 16:00:00, -2.7, None, 1.0, None
None, 596.0, None, None, None, 2015-10-05 17:00:00, -0.7, None, 1.0, None
None, 596.0, None, None, None, 2015-10-05 18:00:00, 2.2, None, 1.0, None
None, 596.0, None, None, None, 2015-10-05 19:00:00, 3.7, None, 1.0, None
None, 596.0, None, None, None, 2015-10-05 20:00:00, 2.8, None, 1.0, None
None, 596.0, None, None, None, 2015-10-05 21:00:00, 4.8, None, 1.0, None
None, 596.0, None, None, None, 2015-10-05 22:00:00, 4.8, None, 1.0, None
None, 596.0, None, None, None, 2015-10-05 23:00:00, 4.4, None, 1.0, None
None, 596.0, None, None, None, 2015-10-06 00:00:00, 2.4, None, 1.0, None
None, 596.0, None, None, None, 2015-10-06 01:00:00, 0.2, None, 1.0, None
None, 597.0, None, None, None, 2015-10-06 02:00:00, -0.5, None, 1.0, None
None, 597.0, None, None, None, 2015-10-06 03:00:00, -0.2, None, 1.0, None
None, 597.0, None, None, None, 2015-10-06 04:00:00, -0.6, None, 1.0, None
None, 597.0, None, None, None, 2015-10-06 05:00:00, -0.7, None, 1.0, None
None, 597.0, None, None, None, 2015-10-06 06:00:00, -0.6, None, 1.0, None
None, 597.0, None, None, None, 2015-10-06 07:00:00, -1.0, None, 1.0, None
None, 597.0, None, None, None, 2015-10-06 08:00:00, -0.7, None, 1.0, None
None, 597.0, None, None, None, 2015-10-06 09:00:00, -1.7, None, 1.0, None
None, 597.0, None, None, None, 2015-10-06 10:00:00, -2.1, None, 1.0, None
None, 597.0, None, None, None, 2015-10-06 11:00:00, -2.4, None, 1.0, None
None, 597.0, None, None, None, 2015-10-06 12:00:00, -1.6, None, 1.0, None
None, 597.0, None, None, None, 2015-10-06 13:00:00, -1.6, None, 1.0, None
None, 597.0, None, None, None, 2015-10-06 14:00:00, -1.8, None, 1.0, None
None, 597.0, None, None, None, 2015-10-06 15:00:00, -2.1, None, 1.0, None
None, 596.0, None, 206.0, None, 2015-10-06 16:00:00, 0.2, None, 1.0, None
None, 596.0, None, None, None, 2015-10-06 17:00:00, 1.5, None, 1.0, None
None, 596.0, None, None, None, 2015-10-06 18:00:00, 3.7, None, 1.0, None
None, 596.0, None, None, None, 2015-10-06 19:00:00, 5.8, None, 1.0, None
None, 596.0, None, None, None, 2015-10-06 20:00:00, 6.2, None, 1.0, None
None, 596.0, None, None, None, 2015-10-06 21:00:00, 8.4, None, 1.0, None
None, 596.0, None, None, None, 2015-10-06 22:00:00, 7.9, None, 1.0, None
None, 596.0, None, None, None, 2015-10-06 23:00:00, 7.1, None, 1.0, None
None, 596.0, None, None, None, 2015-10-07 00:00:00, 3.2, None, 1.0, None
None, 596.0, None, None, None, 2015-10-07 01:00:00, 2.0, None, 1.0, None
None, 596.0, None, None, None, 2015-10-07 02:00:00, 1.5, None, 1.0, None
None, 596.0, None, None, None, 2015-10-07 03:00:00, 1.2, None, 1.0, None
None, 596.0, None, None, None, 2015-10-07 04:00:00, 1.3, None, 1.0, None
None, 596.0, None, None, None, 2015-10-07 05:00:00, 0.8, None, 1.0, None
None, 596.0, None, None, None, 2015-10-07 06:00:00, -0.1, None, 1.0, None
None, 596.0, None, None, None, 2015-10-07 07:00:00, -0.3, None, 1.0, None
None, 597.0, None, None, None, 2015-10-07 08:00:00, -0.3, None, 1.0, None
None, 597.0, None, None, None, 2015-10-07 09:00:00, -1.5, None, 1.0, None
None, 597.0, None, None, None, 2015-10-07 10:00:00, -1.1, None, 1.0, None
None, 596.0, None, None, None, 2015-10-07 11:00:00, -0.6, None, 1.0, None
None, 596.0, None, None, None, 2015-10-07 12:00:00, -0.1, None, 1.0, None
None, 596.0, None, None, None, 2015-10-07 13:00:00, -0.2, None, 1.0, None
None, 596.0, None, None, None, 2015-10-07 14:00:00, 0.4, None, 1.0, None
None, 596.0, None, None, None, 2015-10-07 15:00:00, 1.2, None, 1.0, None
None, 596.0, None, 210.0, None, 2015-10-07 16:00:00, 2.4, None, 1.0, None
None, 596.0, None, None, None, 2015-10-07 17:00:00, 3.9, None, 1.0, None
None, 596.0, None, None, None, 2015-10-07 18:00:00, 7.1, None, 1.0, None
None, 596.0, None, None, None, 2015-10-07 19:00:00, 7.5, None, 1.0, None
None, 596.0, None, None, None, 2015-10-07 20:00:00, 8.1, None, 1.0, None
None, 596.0, None, None, None, 2015-10-07 21:00:00, 7.8, None, 1.0, None
None, 596.0, None, None, None, 2015-10-07 22:00:00, 7.6, None, 1.0, None
None, 596.0, None, None, None, 2015-10-07 23:00:00, 6.2, None, 1.0, None
None, 596.0, None, None, None, 2015-10-08 00:00:00, 6.0, None, 1.0, None
None, 596.0, None, None, None, 2015-10-08 01:00:00, 4.5, None, 1.0, None
None, 596.0, None, None, None, 2015-10-08 02:00:00, 4.0, None, 1.0, None
None, 596.0, None, None, None, 2015-10-08 03:00:00, 4.6, None, 1.0, None
None, 596.0, None, None, None, 2015-10-08 04:00:00, 4.6, None, 1.0, None
None, 596.0, None, None, None, 2015-10-08 05:00:00, 4.2, None, 1.0, None
None, 596.0, None, None, None, 2015-10-08 06:00:00, 4.0, None, 1.0, None
None, 596.0, None, None, None, 2015-10-08 07:00:00, 3.8, None, 1.0, None
None, 596.0, None, None, None, 2015-10-08 08:00:00, 3.0, None, 1.0, None
None, 596.0, None, None, None, 2015-10-08 09:00:00, 3.0, None, 1.0, None
None, 596.0, None, None, None, 2015-10-08 10:00:00, 1.7, None, 1.0, None
None, 596.0, None, None, None, 2015-10-08 11:00:00, 2.4, None, 1.0, None
None, 596.0, None, None, None, 2015-10-08 12:00:00, 3.3, None, 1.0, None
None, 596.0, None, None, None, 2015-10-08 13:00:00, 3.5, None, 1.0, None
None, 596.0, None, None, None, 2015-10-08 14:00:00, 3.0, None, 1.0, None
None, 596.0, None, None, None, 2015-10-08 15:00:00, 3.9, None, 1.0, None
None, 596.0, None, 213.0, None, 2015-10-08 16:00:00, 4.4, None, 1.0, None
None, 596.0, None, None, None, 2015-10-08 17:00:00, 4.6, None, 1.0, None
None, 596.0, None, None, None, 2015-10-08 18:00:00, 5.4, None, 1.0, None
None, 596.0, None, None, None, 2015-10-08 19:00:00, 5.4, None, 1.0, None
None, 596.0, None, None, None, 2015-10-08 20:00:00, 5.5, None, 1.0, None
None, 597.0, None, None, None, 2015-10-08 21:00:00, 4.9, None, 1.0, None
None, 598.0, None, None, None, 2015-10-08 22:00:00, 4.8, None, 1.0, None
None, 599.0, None, None, None, 2015-10-08 23:00:00, 5.1, None, 1.0, None
None, 600.0, None, None, None, 2015-10-09 00:00:00, 5.2, None, 1.0, None
None, 600.0, None, None, None, 2015-10-09 01:00:00, 4.9, None, 1.0, None
None, 600.0, None, None, None, 2015-10-09 02:00:00, 5.2, None, 1.0, None
None, 600.0, None, None, None, 2015-10-09 03:00:00, 5.1, None, 1.0, None
None, 600.0, None, None, None, 2015-10-09 04:00:00, 5.1, None, 1.0, None
None, 600.0, None, None, None, 2015-10-09 05:00:00, 5.2, None, 1.0, None
None, 600.0, None, None, None, 2015-10-09 06:00:00, 5.2, None, 1.0, None
None, 601.0, None, None, None, 2015-10-09 07:00:00, 5.4, None, 1.0, None
None, 600.0, None, None, None, 2015-10-09 08:00:00, 5.1, None, 1.0, None
None, 600.0, None, None, None, 2015-10-09 09:00:00, 4.8, None, 1.0, None
None, 600.0, None, None, None, 2015-10-09 10:00:00, 5.2, None, 1.0, None
None, 600.0, None, None, None, 2015-10-09 11:00:00, 5.1, None, 1.0, None
None, 600.0, None, None, None, 2015-10-09 12:00:00, 5.1, None, 1.0, None
None, 601.0, None, None, None, 2015-10-09 13:00:00, 5.0, None, 1.0, None
None, 601.0, None, None, None, 2015-10-09 14:00:00, 5.0, None, 1.0, None
None, 601.0, None, None, None, 2015-10-09 15:00:00, 5.0, None, 1.0, None
None, 603.0, None, 224.0, None, 2015-10-09 16:00:00, 4.9, None, 1.0, None
None, 604.0, None, None, None, 2015-10-09 17:00:00, 4.3, None, 1.0, None
None, 606.0, None, None, None, 2015-10-09 18:00:00, 3.9, None, 1.0, None
None, 607.0, None, None, None, 2015-10-09 19:00:00, 3.6, None, 1.0, None
None, 608.0, None, None, None, 2015-10-09 20:00:00, 3.7, None, 1.0, None
None, 608.0, None, None, None, 2015-10-09 21:00:00, 4.2, None, 1.0, None
None, 608.0, None, None, None, 2015-10-09 22:00:00, 4.8, None, 1.0, None
None, 608.0, None, None, None, 2015-10-09 23:00:00, 4.9, None, 1.0, None
None, 608.0, None, None, None, 2015-10-10 00:00:00, 5.1, None, 1.0, None
None, 608.0, None, None, None, 2015-10-10 01:00:00, 5.7, None, 1.0, None
None, 610.0, None, None, None, 2015-10-10 02:00:00, 5.5, None, 1.0, None
None, 618.0, None, None, None, 2015-10-10 03:00:00, 4.0, None, 1.0, None
None, 618.0, None, None, None, 2015-10-10 04:00:00, 5.5, None, 1.0, None
None, 618.0, None, None, None, 2015-10-10 05:00:00, 5.9, None, 1.0, None
None, 618.0, None, None, None, 2015-10-10 06:00:00, 6.4, None, 1.0, None
None, 618.0, None, None, None, 2015-10-10 07:00:00, 6.1, None, 1.0, None
None, 618.0, None, None, None, 2015-10-10 08:00:00, 6.6, None, 1.0, None
None, 618.0, None, None, None, 2015-10-10 09:00:00, 6.5, None, 1.0, None
None, 619.0, None, None, None, 2015-10-10 10:00:00, 5.7, None, 1.0, None
None, 619.0, None, None, None, 2015-10-10 11:00:00, 5.3, None, 1.0, None
None, 619.0, None, None, None, 2015-10-10 12:00:00, 5.1, None, 1.0, None
None, 619.0, None, None, None, 2015-10-10 13:00:00, 4.8, None, 1.0, None
None, 619.0, None, None, None, 2015-10-10 14:00:00, 4.8, None, 1.0, None
None, 619.0, None, None, None, 2015-10-10 15:00:00, 4.5, None, 1.0, None
None, 619.0, None, 232.0, None, 2015-10-10 16:00:00, 4.9, None, 1.0, None
None, 619.0, None, None, None, 2015-10-10 17:00:00, 5.9, None, 1.0, None
None, 619.0, None, None, None, 2015-10-10 18:00:00, 5.9, None, 1.0, None
None, 619.0, None, None, None, 2015-10-10 19:00:00, 7.9, None, 1.0, None
None, 619.0, None, None, None, 2015-10-10 20:00:00, 6.1, None, 1.0, None
None, 619.0, None, None, None, 2015-10-10 21:00:00, 8.2, None, 1.0, None
None, 619.0, None, None, None, 2015-10-10 22:00:00, 5.7, None, 1.0, None
None, 619.0, None, None, None, 2015-10-10 23:00:00, 6.9, None, 1.0, None
None, 619.0, None, None, None, 2015-10-11 00:00:00, 4.7, None, 1.0, None
None, 619.0, None, None, None, 2015-10-11 01:00:00, 3.5, None, 1.0, None
None, 619.0, None, None, None, 2015-10-11 02:00:00, 3.1, None, 1.0, None
None, 619.0, None, None, None, 2015-10-11 03:00:00, 2.7, None, 1.0, None
None, 620.0, None, None, None, 2015-10-11 04:00:00, 2.7, None, 1.0, None
None, 620.0, None, None, None, 2015-10-11 05:00:00, 2.6, None, 1.0, None
None, 620.0, None, None, None, 2015-10-11 06:00:00, 2.7, None, 1.0, None
None, 620.0, None, None, None, 2015-10-11 07:00:00, 2.1, None, 1.0, None
None, 621.0, None, None, None, 2015-10-11 08:00:00, 1.9, None, 1.0, None
None, 621.0, None, None, None, 2015-10-11 09:00:00, 1.7, None, 1.0, None
None, 621.0, None, None, None, 2015-10-11 10:00:00, 2.4, None, 1.0, None
None, 622.0, None, None, None, 2015-10-11 11:00:00, 2.5, None, 1.0, None
None, 623.0, None, None, None, 2015-10-11 12:00:00, 2.3, None, 1.0, None
None, 624.0, None, None, None, 2015-10-11 13:00:00, 2.1, None, 1.0, None
None, 625.0, None, None, None, 2015-10-11 14:00:00, 3.2, None, 1.0, None
None, 625.0, None, None, None, 2015-10-11 15:00:00, 3.9, None, 1.0, None
None, 626.0, None, 232.0, None, 2015-10-11 16:00:00, 4.6, None, 1.0, None
None, 625.0, None, None, None, 2015-10-11 17:00:00, 4.5, None, 1.0, None
None, 625.0, None, None, None, 2015-10-11 18:00:00, 7.6, None, 1.0, None
None, 625.0, None, None, None, 2015-10-11 19:00:00, 6.1, None, 1.0, None
None, 625.0, None, None, None, 2015-10-11 20:00:00, 6.0, None, 1.0, None
None, 625.0, None, None, None, 2015-10-11 21:00:00, 7.4, None, 1.0, None
None, 625.0, None, None, None, 2015-10-11 22:00:00, 7.1, None, 1.0, None
None, 625.0, None, None, None, 2015-10-11 23:00:00, 5.3, None, 1.0, None
None, 625.0, None, None, None, 2015-10-12 00:00:00, 4.6, None, 1.0, None
None, 626.0, None, None, None, 2015-10-12 01:00:00, 3.9, None, 1.0, None
None, 626.0, None, None, None, 2015-10-12 02:00:00, 3.6, None, 1.0, None
None, 626.0, None, None, None, 2015-10-12 03:00:00, 3.3, None, 1.0, None
None, 626.0, None, None, None, 2015-10-12 04:00:00, 1.7, None, 1.0, None
None, 626.0, None, None, None, 2015-10-12 05:00:00, -0.2, None, 1.0, None
None, 627.0, None, None, None, 2015-10-12 06:00:00, -0.4, None, 1.0, None
None, 627.0, None, None, None, 2015-10-12 07:00:00, 0.0, None, 1.0, None
None, 627.0, None, None, None, 2015-10-12 08:00:00, -0.6, None, 1.0, None
None, 628.0, None, None, None, 2015-10-12 09:00:00, -0.9, None, 1.0, None
None, 628.0, None, None, None, 2015-10-12 10:00:00, -0.9, None, 1.0, None
None, 628.0, None, None, None, 2015-10-12 11:00:00, -0.8, None, 1.0, None
None, 628.0, None, None, None, 2015-10-12 12:00:00, -0.9, None, 1.0, None
None, 628.0, None, None, None, 2015-10-12 13:00:00, -1.0, None, 1.0, None
None, 628.0, None, None, None, 2015-10-12 14:00:00, -0.7, None, 1.0, None
None, 628.0, None, None, None, 2015-10-12 15:00:00, -0.8, None, 1.0, None
None, 628.0, None, 236.0, None, 2015-10-12 16:00:00, -0.4, None, 1.0, None
None, 627.0, None, None, None, 2015-10-12 17:00:00, 2.3, None, 1.0, None
None, 627.0, None, None, None, 2015-10-12 18:00:00, 2.7, None, 1.0, None
None, 627.0, None, None, None, 2015-10-12 19:00:00, 3.3, None, 1.0, None
None, 627.0, None, None, None, 2015-10-12 20:00:00, 3.9, None, 1.0, None
None, 627.0, None, None, None, 2015-10-12 21:00:00, 4.0, None, 1.0, None
None, 627.0, None, None, None, 2015-10-12 22:00:00, 4.0, None, 1.0, None
None, 627.0, None, None, None, 2015-10-12 23:00:00, 3.7, None, 1.0, None
None, 628.0, None, None, None, 2015-10-13 00:00:00, 2.7, None, 1.0, None
None, 628.0, None, None, None, 2015-10-13 01:00:00, 2.5, None, 1.0, None
None, 628.0, None, None, None, 2015-10-13 02:00:00, -0.9, None, 1.0, None
None, 628.0, None, None, None, 2015-10-13 03:00:00, -0.6, None, 1.0, None
None, 628.0, None, None, None, 2015-10-13 04:00:00, -0.9, None, 1.0, None
None, 628.0, None, None, None, 2015-10-13 05:00:00, -1.2, None, 1.0, None
None, 628.0, None, None, None, 2015-10-13 06:00:00, -1.6, None, 1.0, None
None, 628.0, None, None, None, 2015-10-13 07:00:00, -1.3, None, 1.0, None
None, 628.0, None, None, None, 2015-10-13 08:00:00, -1.3, None, 1.0, None
None, 628.0, None, None, None, 2015-10-13 09:00:00, -1.4, None, 1.0, None
None, 628.0, None, None, None, 2015-10-13 10:00:00, -1.5, None, 1.0, None
None, 628.0, None, None, None, 2015-10-13 11:00:00, -1.6, None, 1.0, None
None, 628.0, None, None, None, 2015-10-13 12:00:00, -1.6, None, 1.0, None
None, 628.0, None, None, None, 2015-10-13 13:00:00, -1.4, None, 1.0, None
None, 628.0, None, None, None, 2015-10-13 14:00:00, -1.2, None, 1.0, None
None, 628.0, None, None, None, 2015-10-13 15:00:00, -1.1, None, 1.0, None
None, 628.0, None, 240.0, None, 2015-10-13 16:00:00, -0.9, None, 1.0, None
None, 628.0, None, None, None, 2015-10-13 17:00:00, 0.8, None, 1.0, None
None, 628.0, None, None, None, 2015-10-13 18:00:00, 1.5, None, 1.0, None
None, 628.0, None, None, None, 2015-10-13 19:00:00, 1.2, None, 1.0, None
None, 628.0, None, None, None, 2015-10-13 20:00:00, 2.6, None, 1.0, None
None, 628.0, None, None, None, 2015-10-13 21:00:00, -0.7, None, 1.0, None
None, 629.0, None, None, None, 2015-10-13 22:00:00, -1.6, None, 1.0, None
None, 629.0, None, None, None, 2015-10-13 23:00:00, -0.7, None, 1.0, None
None, 629.0, None, None, None, 2015-10-14 00:00:00, -0.9, None, 1.0, None
None, 629.0, None, None, None, 2015-10-14 01:00:00, -1.1, None, 1.0, None
None, 629.0, None, None, None, 2015-10-14 02:00:00, -1.1, None, 1.0, None
None, 629.0, None, None, None, 2015-10-14 03:00:00, -1.8, None, 1.0, None
None, 629.0, None, None, None, 2015-10-14 04:00:00, -1.6, None, 1.0, None
None, 629.0, None, None, None, 2015-10-14 05:00:00, -1.6, None, 1.0, None
None, 629.0, None, None, None, 2015-10-14 06:00:00, -1.3, None, 1.0, None
None, 629.0, None, None, None, 2015-10-14 07:00:00, -1.8, None, 1.0, None
None, 629.0, None, None, None, 2015-10-14 08:00:00, -1.7, None, 1.0, None
None, 629.0, None, None, None, 2015-10-14 09:00:00, -1.7, None, 1.0, None
None, 629.0, None, None, None, 2015-10-14 10:00:00, -1.8, None, 1.0, None
None, 629.0, None, None, None, 2015-10-14 11:00:00, -2.1, None, 1.0, None
None, 629.0, None, None, None, 2015-10-14 12:00:00, -2.2, None, 1.0, None
None, 629.0, None, None, None, 2015-10-14 13:00:00, -2.5, None, 1.0, None
None, 629.0, None, None, None, 2015-10-14 14:00:00, -2.5, None, 1.0, None
None, 629.0, None, None, None, 2015-10-14 15:00:00, -2.9, None, 1.0, None
None, 629.0, None, 240.0, None, 2015-10-14 16:00:00, -2.5, None, 1.0, None
None, 629.0, None, None, None, 2015-10-14 17:00:00, -1.8, None, 1.0, None
None, 629.0, None, None, None, 2015-10-14 18:00:00, -0.7, None, 1.0, None
None, 629.0, None, None, None, 2015-10-14 19:00:00, -0.4, None, 1.0, None
None, 629.0, None, None, None, 2015-10-14 20:00:00, 0.6, None, 1.0, None
None, 629.0, None, None, None, 2015-10-14 21:00:00, -0.1, None, 1.0, None
None, 629.0, None, None, None, 2015-10-14 22:00:00, 0.1, None, 1.0, None
None, 629.0, None, None, None, 2015-10-14 23:00:00, 0.0, None, 1.0, None
None, 629.0, None, None, None, 2015-10-15 00:00:00, -0.4, None, 1.0, None
None, 629.0, None, None, None, 2015-10-15 01:00:00, -1.2, None, 1.0, None
None, 629.0, None, None, None, 2015-10-15 02:00:00, -1.5, None, 1.0, None
None, 629.0, None, None, None, 2015-10-15 03:00:00, -2.7, None, 1.0, None
None, 629.0, None, None, None, 2015-10-15 04:00:00, -3.6, None, 1.0, None
None, 629.0, None, None, None, 2015-10-15 05:00:00, -4.2, None, 1.0, None
None, 629.0, None, None, None, 2015-10-15 06:00:00, -4.4, None, 1.0, None
None, 629.0, None, None, None, 2015-10-15 07:00:00, -5.3, None, 1.0, None
None, 629.0, None, None, None, 2015-10-15 08:00:00, -5.8, None, 1.0, None
None, 629.0, None, None, None, 2015-10-15 09:00:00, -5.1, None, 1.0, None
None, 629.0, None, None, None, 2015-10-15 10:00:00, -5.3, None, 1.0, None
None, 629.0, None, None, None, 2015-10-15 11:00:00, -5.6, None, 1.0, None
None, 629.0, None, None, None, 2015-10-15 12:00:00, -5.2, None, 1.0, None
None, 629.0, None, None, None, 2015-10-15 13:00:00, -4.9, None, 1.0, None
None, 629.0, None, None, None, 2015-10-15 14:00:00, -4.8, None, 1.0, None
None, 629.0, None, None, None, 2015-10-15 15:00:00, -3.9, None, 1.0, None
None, 629.0, None, 240.0, None, 2015-10-15 16:00:00, -2.7, None, 1.0, None
None, 629.0, None, None, None, 2015-10-15 17:00:00, -1.8, None, 1.0, None
None, 629.0, None, None, None, 2015-10-15 18:00:00, -1.3, None, 1.0, None
None, 629.0, None, None, None, 2015-10-15 19:00:00, -1.9, None, 1.0, None
None, 630.0, None, None, None, 2015-10-15 20:00:00, -2.8, None, 1.0, None
None, 630.0, None, None, None, 2015-10-15 21:00:00, -1.8, None, 1.0, None
None, 630.0, None, None, None, 2015-10-15 22:00:00, -1.9, None, 1.0, None
None, 631.0, None, None, None, 2015-10-15 23:00:00, -2.1, None, 1.0, None
None, 631.0, None, None, None, 2015-10-16 00:00:00, -2.2, None, 1.0, None
None, 632.0, None, None, None, 2015-10-16 01:00:00, -2.2, None, 1.0, None
None, 632.0, None, None, None, 2015-10-16 02:00:00, -2.3, None, 1.0, None
None, 632.0, None, None, None, 2015-10-16 03:00:00, -1.9, None, 1.0, None
None, 632.0, None, None, None, 2015-10-16 04:00:00, -2.0, None, 1.0, None
None, 632.0, None, None, None, 2015-10-16 05:00:00, -1.6, None, 1.0, None
None, 632.0, None, None, None, 2015-10-16 06:00:00, -1.5, None, 1.0, None
None, 632.0, None, None, None, 2015-10-16 07:00:00, -1.4, None, 1.0, None
None, 632.0, None, None, None, 2015-10-16 08:00:00, -1.1, None, 1.0, None
None, 632.0, None, None, None, 2015-10-16 09:00:00, -0.5, None, 1.0, None
None, 632.0, None, None, None, 2015-10-16 10:00:00, -0.1, None, 1.0, None
None, 632.0, None, None, None, 2015-10-16 11:00:00, 0.2, None, 1.0, None
None, 632.0, None, None, None, 2015-10-16 12:00:00, 0.7, None, 1.0, None
None, 632.0, None, None, None, 2015-10-16 13:00:00, 1.0, None, 1.0, None
None, 632.0, None, None, None, 2015-10-16 14:00:00, 1.3, None, 1.0, None
None, 632.0, None, None, None, 2015-10-16 15:00:00, 2.0, None, 1.0, None
None, 632.0, None, 240.0, None, 2015-10-16 16:00:00, 3.5, None, 1.0, None
None, 632.0, None, None, None, 2015-10-16 17:00:00, 5.0, None, 1.0, None
None, 632.0, None, None, None, 2015-10-16 18:00:00, 8.0, None, 1.0, None
None, 632.0, None, None, None, 2015-10-16 19:00:00, 7.9, None, 1.0, None
None, 632.0, None, None, None, 2015-10-16 20:00:00, 8.8, None, 1.0, None
None, 632.0, None, None, None, 2015-10-16 21:00:00, 8.1, None, 1.0, None
None, 632.0, None, None, None, 2015-10-16 22:00:00, 9.1, None, 1.0, None
None, 632.0, None, None, None, 2015-10-16 23:00:00, 7.9, None, 1.0, None
None, 632.0, None, None, None, 2015-10-17 00:00:00, 5.4, None, 1.0, None
None, 632.0, None, None, None, 2015-10-17 01:00:00, 4.3, None, 1.0, None
None, 632.0, None, None, None, 2015-10-17 02:00:00, 4.4, None, 1.0, None
None, 632.0, None, None, None, 2015-10-17 03:00:00, 5.2, None, 1.0, None
None, 632.0, None, None, None, 2015-10-17 04:00:00, 5.8, None, 1.0, None
None, 632.0, None, None, None, 2015-10-17 05:00:00, 5.6, None, 1.0, None
None, 632.0, None, None, None, 2015-10-17 06:00:00, 5.8, None, 1.0, None
None, 632.0, None, None, None, 2015-10-17 07:00:00, 6.1, None, 1.0, None
None, 632.0, None, None, None, 2015-10-17 08:00:00, 6.0, None, 1.0, None
None, 632.0, None, None, None, 2015-10-17 09:00:00, 6.0, None, 1.0, None
None, 632.0, None, None, None, 2015-10-17 10:00:00, 6.1, None, 1.0, None
None, 632.0, None, None, None, 2015-10-17 11:00:00, 5.8, None, 1.0, None
None, 632.0, None, None, None, 2015-10-17 12:00:00, 5.6, None, 1.0, None
None, 632.0, None, None, None, 2015-10-17 13:00:00, 4.8, None, 1.0, None
None, 632.0, None, None, None, 2015-10-17 14:00:00, 4.6, None, 1.0, None
None, 632.0, None, None, None, 2015-10-17 15:00:00, 4.0, None, 1.0, None
None, 632.0, None, 244.0, None, 2015-10-17 16:00:00, 2.3, None, 1.0, None
None, 633.0, None, None, None, 2015-10-17 17:00:00, 2.0, None, 1.0, None
None, 634.0, None, None, None, 2015-10-17 18:00:00, 2.0, None, 1.0, None
None, 634.0, None, None, None, 2015-10-17 19:00:00, 2.1, None, 1.0, None
None, 634.0, None, None, None, 2015-10-17 20:00:00, 2.8, None, 1.0, None
None, 634.0, None, None, None, 2015-10-17 21:00:00, 3.3, None, 1.0, None
None, 634.0, None, None, None, 2015-10-17 22:00:00, 5.4, None, 1.0, None
None, 634.0, None, None, None, 2015-10-17 23:00:00, 4.1, None, 1.0, None
None, 634.0, None, None, None, 2015-10-18 00:00:00, 3.4, None, 1.0, None
None, 637.0, None, None, None, 2015-10-18 01:00:00, 0.5, None, 1.0, None
None, 637.0, None, None, None, 2015-10-18 02:00:00, 0.5, None, 1.0, None
None, 637.0, None, None, None, 2015-10-18 03:00:00, 0.9, None, 1.0, None
None, 637.0, None, None, None, 2015-10-18 04:00:00, 1.2, None, 1.0, None
None, 637.0, None, None, None, 2015-10-18 05:00:00, 1.4, None, 1.0, None
None, 637.0, None, None, None, 2015-10-18 06:00:00, 1.6, None, 1.0, None
None, 637.0, None, None, None, 2015-10-18 07:00:00, 1.4, None, 1.0, None
None, 637.0, None, None, None, 2015-10-18 08:00:00, 1.3, None, 1.0, None
None, 637.0, None, None, None, 2015-10-18 09:00:00, 0.9, None, 1.0, None
None, 637.0, None, None, None, 2015-10-18 10:00:00, 1.0, None, 1.0, None
None, 637.0, None, None, None, 2015-10-18 11:00:00, 0.1, None, 1.0, None
None, 637.0, None, None, None, 2015-10-18 12:00:00, 0.4, None, 1.0, None
None, 637.0, None, None, None, 2015-10-18 13:00:00, -0.4, None, 1.0, None
None, 638.0, None, None, None, 2015-10-18 14:00:00, -1.5, None, 1.0, None
None, 638.0, None, None, None, 2015-10-18 15:00:00, -1.6, None, 1.0, None
None, 637.0, None, 248.0, None, 2015-10-18 16:00:00, -1.1, None, 1.0, None
None, 637.0, None, None, None, 2015-10-18 17:00:00, 2.2, None, 1.0, None
None, 637.0, None, None, None, 2015-10-18 18:00:00, 3.5, None, 1.0, None
None, 637.0, None, None, None, 2015-10-18 19:00:00, 2.3, None, 1.0, None
None, 637.0, None, None, None, 2015-10-18 20:00:00, 1.2, None, 1.0, None
None, 638.0, None, None, None, 2015-10-18 21:00:00, 0.0, None, 1.0, None
None, 639.0, None, None, None, 2015-10-18 22:00:00, -0.1, None, 1.0, None
None, 639.0, None, None, None, 2015-10-18 23:00:00, 0.0, None, 1.0, None
None, 639.0, None, None, None, 2015-10-19 00:00:00, 0.0, None, 1.0, None
None, 639.0, None, None, None, 2015-10-19 01:00:00, -0.1, None, 1.0, None
None, 640.0, None, None, None, 2015-10-19 02:00:00, -0.1, None, 1.0, None
None, 640.0, None, None, None, 2015-10-19 03:00:00, -0.3, None, 1.0, None
None, 639.0, None, None, None, 2015-10-19 04:00:00, -0.2, None, 1.0, None
None, 640.0, None, None, None, 2015-10-19 05:00:00, -0.4, None, 1.0, None
None, 640.0, None, None, None, 2015-10-19 06:00:00, -0.7, None, 1.0, None
None, 640.0, None, None, None, 2015-10-19 07:00:00, -1.0, None, 1.0, None
None, 640.0, None, None, None, 2015-10-19 08:00:00, -0.9, None, 1.0, None
None, 640.0, None, None, None, 2015-10-19 09:00:00, -0.5, None, 1.0, None
None, 640.0, None, None, None, 2015-10-19 10:00:00, -0.3, None, 1.0, None
None, 640.0, None, None, None, 2015-10-19 11:00:00, -0.2, None, 1.0, None
None, 640.0, None, None, None, 2015-10-19 12:00:00, -0.1, None, 1.0, None
None, 640.0, None, None, None, 2015-10-19 13:00:00, -0.1, None, 1.0, None
None, 640.0, None, None, None, 2015-10-19 14:00:00, -0.1, None, 1.0, None
None, 640.0, None, None, None, 2015-10-19 15:00:00, -0.1, None, 1.0, None
None, 640.0, None, 251.0, None, 2015-10-19 16:00:00, 0.1, None, 1.0, None
None, 641.0, None, None, None, 2015-10-19 17:00:00, 0.1, None, 1.0, None
None, 641.0, None, None, None, 2015-10-19 18:00:00, 0.1, None, 1.0, None
None, 641.0, None, None, None, 2015-10-19 19:00:00, 1.2, None, 1.0, None
None, 641.0, None, None, None, 2015-10-19 20:00:00, 1.3, None, 1.0, None
None, 641.0, None, None, None, 2015-10-19 21:00:00, 1.8, None, 1.0, None
None, 641.0, None, None, None, 2015-10-19 22:00:00, 4.2, None, 1.0, None
None, 641.0, None, None, None, 2015-10-19 23:00:00, 1.6, None, 1.0, None
None, 641.0, None, None, None, 2015-10-20 00:00:00, -0.1, None, 1.0, None
None, 641.0, None, None, None, 2015-10-20 01:00:00, -1.5, None, 1.0, None
None, 642.0, None, None, None, 2015-10-20 02:00:00, -1.3, None, 1.0, None
None, 642.0, None, None, None, 2015-10-20 03:00:00, -1.6, None, 1.0, None
None, 641.0, None, None, None, 2015-10-20 04:00:00, -2.1, None, 1.0, None
None, 642.0, None, None, None, 2015-10-20 05:00:00, -2.1, None, 1.0, None
None, 642.0, None, None, None, 2015-10-20 06:00:00, -1.6, None, 1.0, None
None, 642.0, None, None, None, 2015-10-20 07:00:00, -1.8, None, 1.0, None
None, 642.0, None, None, None, 2015-10-20 08:00:00, -2.1, None, 1.0, None
None, 642.0, None, None, None, 2015-10-20 09:00:00, -2.8, None, 1.0, None
None, 642.0, None, None, None, 2015-10-20 10:00:00, -3.7, None, 1.0, None
None, 642.0, None, None, None, 2015-10-20 11:00:00, -4.1, None, 1.0, None
None, 642.0, None, None, None, 2015-10-20 12:00:00, -3.7, None, 1.0, None
None, 642.0, None, None, None, 2015-10-20 13:00:00, -3.5, None, 1.0, None
None, 642.0, None, None, None, 2015-10-20 14:00:00, -4.1, None, 1.0, None
None, 642.0, None, None, None, 2015-10-20 15:00:00, -3.6, None, 1.0, None
None, 642.0, None, 255.0, None, 2015-10-20 16:00:00, -2.6, None, 1.0, None
None, 641.0, None, None, None, 2015-10-20 17:00:00, -1.5, None, 1.0, None
None, 642.0, None, None, None, 2015-10-20 18:00:00, -1.0, None, 1.0, None
None, 641.0, None, None, None, 2015-10-20 19:00:00, -0.7, None, 1.0, None
None, 641.0, None, None, None, 2015-10-20 20:00:00, -1.5, None, 1.0, None
None, 642.0, None, None, None, 2015-10-20 21:00:00, -1.8, None, 1.0, None
None, 642.0, None, None, None, 2015-10-20 22:00:00, -2.2, None, 1.0, None
None, 642.0, None, None, None, 2015-10-20 23:00:00, -2.2, None, 1.0, None
None, 642.0, None, None, None, 2015-10-21 00:00:00, -2.4, None, 1.0, None
None, 642.0, None, None, None, 2015-10-21 01:00:00, -2.4, None, 1.0, None
None, 642.0, None, None, None, 2015-10-21 02:00:00, -2.5, None, 1.0, None
None, 643.0, None, None, None, 2015-10-21 03:00:00, -2.7, None, 1.0, None
None, 644.0, None, None, None, 2015-10-21 04:00:00, -2.5, None, 1.0, None
None, 645.0, None, None, None, 2015-10-21 05:00:00, -2.3, None, 1.0, None
None, 645.0, None, None, None, 2015-10-21 06:00:00, -2.2, None, 1.0, None
None, 645.0, None, None, None, 2015-10-21 07:00:00, -1.3, None, 1.0, None
None, 645.0, None, None, None, 2015-10-21 08:00:00, -0.3, None, 1.0, None
None, 646.0, None, None, None, 2015-10-21 09:00:00, -0.1, None, 1.0, None
None, 647.0, None, None, None, 2015-10-21 10:00:00, 0.0, None, 1.0, None
None, 648.0, None, None, None, 2015-10-21 11:00:00, 0.2, None, 1.0, None
None, 649.0, None, None, None, 2015-10-21 12:00:00, 1.6, None, 1.0, None
None, 650.0, None, None, None, 2015-10-21 13:00:00, 1.5, None, 1.0, None
None, 650.0, None, None, None, 2015-10-21 14:00:00, 2.4, None, 1.0, None
None, 650.0, None, None, None, 2015-10-21 15:00:00, 2.8, None, 1.0, None
None, 650.0, None, 255.0, None, 2015-10-21 16:00:00, 3.2, None, 1.0, None
None, 651.0, None, None, None, 2015-10-21 17:00:00, 3.0, None, 1.0, None
None, 651.0, None, None, None, 2015-10-21 18:00:00, 3.4, None, 1.0, None
None, 651.0, None, None, None, 2015-10-21 19:00:00, 3.7, None, 1.0, None
None, 651.0, None, None, None, 2015-10-21 20:00:00, 5.6, None, 2.0, None
None, 651.0, None, None, None, 2015-10-21 21:00:00, 6.9, None, 2.0, None
None, 652.0, None, None, None, 2015-10-21 22:00:00, 3.9, None, 2.0, None
None, 652.0, None, None, None, 2015-10-21 23:00:00, 3.5, None, 2.0, None
None, 652.0, None, None, None, 2015-10-22 00:00:00, 3.5, None, 2.0, None
None, 652.0, None, None, None, 2015-10-22 01:00:00, 3.2, None, 2.0, None
None, 652.0, None, None, None, 2015-10-22 02:00:00, 2.8, None, 3.0, None
None, 652.0, None, None, None, 2015-10-22 03:00:00, 2.2, None, 3.0, None
None, 652.0, None, None, None, 2015-10-22 04:00:00, 2.3, None, 3.0, None
None, 653.0, None, None, None, 2015-10-22 05:00:00, 1.6, None, 3.0, None
None, 652.0, None, None, None, 2015-10-22 06:00:00, 1.8, None, 3.0, None
None, 653.0, None, None, None, 2015-10-22 07:00:00, 1.4, None, 3.0, None
None, 652.0, None, None, None, 2015-10-22 08:00:00, 1.6, None, 3.0, None
None, 652.0, None, None, None, 2015-10-22 09:00:00, 1.5, None, 3.0, None
None, 652.0, None, None, None, 2015-10-22 10:00:00, 1.4, None, 3.0, None
None, 652.0, None, None, None, 2015-10-22 11:00:00, 1.3, None, 3.0, None
None, 652.0, None, None, None, 2015-10-22 12:00:00, 1.3, None, 2.0, None
None, 652.0, None, None, None, 2015-10-22 13:00:00, 1.1, None, 2.0, None
None, 653.0, None, None, None, 2015-10-22 14:00:00, -1.7, None, 2.0, None
None, 653.0, None, None, None, 2015-10-22 15:00:00, -1.9, None, 2.0, None
None, 653.0, None, 259.0, None, 2015-10-22 16:00:00, -1.4, None, 2.0, None
None, 458.0, None, None, None, 2015-10-22 17:00:00, 0.6, None, 2.0, None
None, 202.0, None, None, None, 2015-10-22 18:00:00, 3.0, None, 2.0, None
None, 202.0, None, None, None, 2015-10-22 19:00:00, 4.5, None, 1.0, None
None, 202.0, None, None, None, 2015-10-22 20:00:00, 3.6, None, 1.0, None
None, 202.0, None, None, None, 2015-10-22 21:00:00, 2.9, None, 1.0, None
None, 202.0, None, None, None, 2015-10-22 22:00:00, 2.5, None, 1.0, None
None, 201.0, None, None, None, 2015-10-22 23:00:00, 2.0, None, 1.0, None
None, 201.0, None, None, None, 2015-10-23 00:00:00, 1.5, None, 1.0, None
None, 201.0, None, None, None, 2015-10-23 01:00:00, -1.2, None, 1.0, None
None, 201.0, None, None, None, 2015-10-23 02:00:00, -1.1, None, 1.0, None
None, 201.0, None, None, None, 2015-10-23 03:00:00, -1.9, None, 1.0, None
None, 201.0, None, None, None, 2015-10-23 04:00:00, -2.1, None, 1.0, None
None, 201.0, None, None, None, 2015-10-23 05:00:00, -2.1, None, 1.0, None
None, 201.0, None, None, None, 2015-10-23 06:00:00, -1.6, None, 1.0, None
None, 201.0, None, None, None, 2015-10-23 07:00:00, -1.8, None, 1.0, None
None, 201.0, None, None, None, 2015-10-23 08:00:00, -1.9, None, 1.0, None
None, 201.0, None, None, None, 2015-10-23 09:00:00, -2.3, None, 1.0, None
None, 201.0, None, None, None, 2015-10-23 10:00:00, -2.5, None, 1.0, None
None, 201.0, None, None, None, 2015-10-23 11:00:00, -2.5, None, 1.0, None
None, 200.0, None, None, None, 2015-10-23 12:00:00, -2.6, None, 1.0, None
None, 200.0, None, None, None, 2015-10-23 13:00:00, -2.7, None, 1.0, None
None, 200.0, None, None, None, 2015-10-23 14:00:00, -2.6, None, 2.0, None
None, 200.0, None, None, None, 2015-10-23 15:00:00, -2.8, None, 2.0, None
None, 200.0, None, 259.0, None, 2015-10-23 16:00:00, -3.9, None, 2.0, None
None, 201.0, None, None, None, 2015-10-23 17:00:00, 0.2, None, 2.0, None
None, 201.0, None, None, None, 2015-10-23 18:00:00, 0.1, None, 2.0, None
None, 201.0, None, None, None, 2015-10-23 19:00:00, 0.9, None, 2.0, None
None, 201.0, None, None, None, 2015-10-23 20:00:00, 0.5, None, 2.0, None
None, 201.0, None, None, None, 2015-10-23 21:00:00, 0.6, None, 2.0, None
None, 201.0, None, None, None, 2015-10-23 22:00:00, -0.4, None, 2.0, None
None, 201.0, None, None, None, 2015-10-23 23:00:00, -1.0, None, 2.0, None
None, 201.0, None, None, None, 2015-10-24 00:00:00, -1.2, None, 2.0, None
None, 201.0, None, None, None, 2015-10-24 01:00:00, -1.9, None, 2.0, None
None, 201.0, None, None, None, 2015-10-24 02:00:00, -2.0, None, 2.0, None
None, 201.0, None, None, None, 2015-10-24 03:00:00, -2.4, None, 2.0, None
None, 200.0, None, None, None, 2015-10-24 04:00:00, -2.2, None, 2.0, None
None, 200.0, None, None, None, 2015-10-24 05:00:00, -2.2, None, 2.0, None
None, 200.0, None, None, None, 2015-10-24 06:00:00, -3.1, None, 2.0, None
None, 200.0, None, None, None, 2015-10-24 07:00:00, -3.0, None, 2.0, None
None, 200.0, None, None, None, 2015-10-24 08:00:00, -4.1, None, 2.0, None
None, 200.0, None, None, None, 2015-10-24 09:00:00, -3.6, None, 2.0, None
None, 200.0, None, None, None, 2015-10-24 10:00:00, -4.6, None, 3.0, None
None, 200.0, None, None, None, 2015-10-24 11:00:00, -4.1, None, 3.0, None
None, 200.0, None, None, None, 2015-10-24 12:00:00, -3.8, None, 3.0, None
None, 200.0, None, None, None, 2015-10-24 13:00:00, -4.9, None, 3.0, None
None, 200.0, None, None, None, 2015-10-24 14:00:00, -5.9, None, 3.0, None
None, 200.0, None, None, None, 2015-10-24 15:00:00, -5.9, None, 3.0, None
None, 200.0, None, 259.0, None, 2015-10-24 16:00:00, -5.5, None, 3.0, None
None, 200.0, None, None, None, 2015-10-24 17:00:00, -1.0, None, 3.0, None
None, 200.0, None, None, None, 2015-10-24 18:00:00, 0.8, None, 3.0, None
None, 200.0, None, None, None, 2015-10-24 19:00:00, 1.4, None, 3.0, None
None, 200.0, None, None, None, 2015-10-24 20:00:00, 2.3, None, 3.0, None
None, 201.0, None, None, None, 2015-10-24 21:00:00, 2.0, None, 3.0, None
None, 201.0, None, None, None, 2015-10-24 22:00:00, 2.1, None, 3.0, None
None, 201.0, None, None, None, 2015-10-24 23:00:00, 1.2, None, 3.0, None
None, 201.0, None, None, None, 2015-10-25 00:00:00, -2.0, None, 3.0, None
None, 200.0, None, None, None, 2015-10-25 01:00:00, -4.5, None, 3.0, None
None, 200.0, None, None, None, 2015-10-25 02:00:00, -5.2, None, 3.0, None
None, 200.0, None, None, None, 2015-10-25 03:00:00, -5.5, None, 3.0, None
None, 200.0, None, None, None, 2015-10-25 04:00:00, -6.0, None, 3.0, None
None, 200.0, None, None, None, 2015-10-25 05:00:00, -6.9, None, 3.0, None
None, 200.0, None, None, None, 2015-10-25 06:00:00, -5.2, None, 3.0, None
None, 200.0, None, None, None, 2015-10-25 07:00:00, -5.8, None, 3.0, None
None, 200.0, None, None, None, 2015-10-25 08:00:00, -6.3, None, 3.0, None
None, 200.0, None, None, None, 2015-10-25 09:00:00, -6.1, None, 3.0, None
None, 200.0, None, None, None, 2015-10-25 10:00:00, -7.1, None, 3.0, None
None, 200.0, None, None, None, 2015-10-25 11:00:00, -6.3, None, 3.0, None
None, 200.0, None, None, None, 2015-10-25 12:00:00, -6.7, None, 3.0, None
None, 200.0, None, None, None, 2015-10-25 13:00:00, -7.5, None, 3.0, None
None, 200.0, None, None, None, 2015-10-25 14:00:00, -6.8, None, 3.0, None
None, 200.0, None, None, None, 2015-10-25 15:00:00, -6.4, None, 3.0, None
None, 200.0, None, 262.0, None, 2015-10-25 16:00:00, -5.9, None, 3.0, None
None, 200.0, None, None, None, 2015-10-25 17:00:00, -2.7, None, 3.0, None
None, 200.0, None, None, None, 2015-10-25 18:00:00, -1.2, None, 4.0, None
None, 200.0, None, None, None, 2015-10-25 19:00:00, 0.6, None, 4.0, None
None, 200.0, None, None, None, 2015-10-25 20:00:00, 0.5, None, 3.0, None
None, 200.0, None, None, None, 2015-10-25 21:00:00, 3.4, None, 3.0, None
None, 200.0, None, None, None, 2015-10-25 22:00:00, 2.9, None, 3.0, None
None, 200.0, None, None, None, 2015-10-25 23:00:00, 0.2, None, 3.0, None
None, 200.0, None, None, None, 2015-10-26 00:00:00, -1.1, None, 3.0, None
None, 200.0, None, None, None, 2015-10-26 01:00:00, -2.5, None, 3.0, None
None, 200.0, None, None, None, 2015-10-26 02:00:00, -3.0, None, 3.0, None
None, 200.0, None, None, None, 2015-10-26 03:00:00, -2.5, None, 3.0, None
None, 200.0, None, None, None, 2015-10-26 04:00:00, -1.7, None, 3.0, None
None, 200.0, None, None, None, 2015-10-26 05:00:00, -1.7, None, 3.0, None
None, 200.0, None, None, None, 2015-10-26 06:00:00, -2.3, None, 3.0, None
None, 200.0, None, None, None, 2015-10-26 07:00:00, -3.8, None, 3.0, None
None, 200.0, None, None, None, 2015-10-26 08:00:00, -4.4, None, 3.0, None
None, 200.0, None, None, None, 2015-10-26 09:00:00, -4.8, None, 3.0, None
None, 200.0, None, None, None, 2015-10-26 10:00:00, -5.7, None, 3.0, None
None, 200.0, None, None, None, 2015-10-26 11:00:00, -6.1, None, 3.0, None
None, 200.0, None, None, None, 2015-10-26 12:00:00, -5.6, None, 3.0, None
None, 200.0, None, None, None, 2015-10-26 13:00:00, -6.0, None, 3.0, None
None, 201.0, None, None, None, 2015-10-26 14:00:00, -7.0, None, 4.0, None
None, 201.0, None, None, None, 2015-10-26 15:00:00, -7.0, None, 4.0, None
None, 201.0, None, 262.0, None, 2015-10-26 16:00:00, -6.8, None, 4.0, None
None, 201.0, None, None, None, 2015-10-26 17:00:00, -3.9, None, 4.0, None
None, 201.0, None, None, None, 2015-10-26 18:00:00, -2.3, None, 4.0, None
None, 200.0, None, None, None, 2015-10-26 19:00:00, -1.9, None, 4.0, None
None, 200.0, None, None, None, 2015-10-26 20:00:00, -0.3, None, 4.0, None
None, 200.0, None, None, None, 2015-10-26 21:00:00, 1.1, None, 4.0, None
None, 200.0, None, None, None, 2015-10-26 22:00:00, 0.0, None, 4.0, None
None, 200.0, None, None, None, 2015-10-26 23:00:00, -1.2, None, 4.0, None
None, 200.0, None, None, None, 2015-10-27 00:00:00, -4.1, None, 4.0, None
None, 200.0, None, None, None, 2015-10-27 01:00:00, -5.8, None, 4.0, None
None, 200.0, None, None, None, 2015-10-27 02:00:00, -6.6, None, 4.0, None
None, 201.0, None, None, None, 2015-10-27 03:00:00, -7.9, None, 4.0, None
None, 201.0, None, None, None, 2015-10-27 04:00:00, -7.7, None, 4.0, None
None, 201.0, None, None, None, 2015-10-27 05:00:00, -7.8, None, 4.0, None
None, 201.0, None, None, None, 2015-10-27 06:00:00, -8.7, None, 4.0, None
None, 201.0, None, None, None, 2015-10-27 07:00:00, -8.0, None, 4.0, None
None, 201.0, None, None, None, 2015-10-27 08:00:00, -8.5, None, 4.0, None
None, 201.0, None, None, None, 2015-10-27 09:00:00, -8.9, None, 4.0, None
None, 201.0, None, None, None, 2015-10-27 10:00:00, -8.3, None, 4.0, None
None, 201.0, None, None, None, 2015-10-27 11:00:00, -7.9, None, 4.0, None
None, 201.0, None, None, None, 2015-10-27 12:00:00, -7.2, None, 4.0, None
None, 201.0, None, None, None, 2015-10-27 13:00:00, -7.9, None, 4.0, None
None, 201.0, None, None, None, 2015-10-27 14:00:00, -8.4, None, 4.0, None
None, 201.0, None, None, None, 2015-10-27 15:00:00, -8.8, None, 4.0, None
None, 201.0, None, 262.0, None, 2015-10-27 16:00:00, -7.9, None, 4.0, None
None, 201.0, None, None, None, 2015-10-27 17:00:00, -4.6, None, 4.0, None
None, 201.0, None, None, None, 2015-10-27 18:00:00, -1.7, None, 4.0, None
None, 201.0, None, None, None, 2015-10-27 19:00:00, -1.0, None, 4.0, None
None, 201.0, None, None, None, 2015-10-27 20:00:00, 0.5, None, 4.0, None
None, 201.0, None, None, None, 2015-10-27 21:00:00, 1.2, None, 4.0, None
None, 201.0, None, None, None, 2015-10-27 22:00:00, 1.0, None, 4.0, None
None, 201.0, None, None, None, 2015-10-27 23:00:00, 0.7, None, 4.0, None
None, 201.0, None, None, None, 2015-10-28 00:00:00, -3.2, None, 4.0, None
None, 201.0, None, None, None, 2015-10-28 01:00:00, -4.6, None, 4.0, None
None, 201.0, None, None, None, 2015-10-28 02:00:00, -4.8, None, 3.0, None
None, 201.0, None, None, None, 2015-10-28 03:00:00, -5.9, None, 4.0, None
None, 201.0, None, None, None, 2015-10-28 04:00:00, -5.3, None, 3.0, None
None, 201.0, None, None, None, 2015-10-28 05:00:00, -4.4, None, 3.0, None
None, 201.0, None, None, None, 2015-10-28 06:00:00, -5.1, None, 3.0, None
None, 201.0, None, None, None, 2015-10-28 07:00:00, -4.9, None, 3.0, None
None, 201.0, None, None, None, 2015-10-28 08:00:00, -5.7, None, 3.0, None
None, 201.0, None, None, None, 2015-10-28 09:00:00, -6.6, None, 3.0, None
None, 201.0, None, None, None, 2015-10-28 10:00:00, -6.3, None, 3.0, None
None, 201.0, None, None, None, 2015-10-28 11:00:00, -6.2, None, 3.0, None
None, 201.0, None, None, None, 2015-10-28 12:00:00, -8.6, None, 3.0, None
None, 201.0, None, None, None, 2015-10-28 13:00:00, -8.4, None, 3.0, None
None, 201.0, None, None, None, 2015-10-28 14:00:00, -8.1, None, 3.0, None
None, 201.0, None, None, None, 2015-10-28 15:00:00, -8.0, None, 3.0, None
None, 201.0, None, 262.0, None, 2015-10-28 16:00:00, -7.4, None, 3.0, None
None, 201.0, None, None, None, 2015-10-28 17:00:00, -6.7, None, 3.0, None
None, 201.0, None, None, None, 2015-10-28 18:00:00, -6.4, None, 3.0, None
None, 201.0, None, None, None, 2015-10-28 19:00:00, -5.9, None, 3.0, None
None, 201.0, None, None, None, 2015-10-28 20:00:00, -5.5, None, 3.0, None
None, 201.0, None, None, None, 2015-10-28 21:00:00, -5.3, None, 2.0, None
None, 201.0, None, None, None, 2015-10-28 22:00:00, -5.3, None, 3.0, None
None, 201.0, None, None, None, 2015-10-28 23:00:00, -5.0, None, 2.0, None
None, 201.0, None, None, None, 2015-10-29 00:00:00, -5.3, None, 2.0, None
None, 201.0, None, None, None, 2015-10-29 01:00:00, -5.6, None, 2.0, None
None, 201.0, None, None, None, 2015-10-29 02:00:00, -5.4, None, 2.0, None
None, 201.0, None, None, None, 2015-10-29 03:00:00, -5.6, None, 2.0, None
None, 201.0, None, None, None, 2015-10-29 04:00:00, -5.2, None, 2.0, None
None, 201.0, None, None, None, 2015-10-29 05:00:00, -5.1, None, 2.0, None
None, 201.0, None, None, None, 2015-10-29 06:00:00, -5.0, None, 2.0, None
None, 201.0, None, None, None, 2015-10-29 07:00:00, -5.0, None, 2.0, None
None, 201.0, None, None, None, 2015-10-29 08:00:00, -4.7, None, 2.0, None
None, 201.0, None, None, None, 2015-10-29 09:00:00, -4.6, None, 2.0, None
None, 202.0, None, None, None, 2015-10-29 10:00:00, -4.5, None, 2.0, None
None, 202.0, None, None, None, 2015-10-29 11:00:00, -4.3, None, 2.0, None
None, 202.0, None, None, None, 2015-10-29 12:00:00, -4.0, None, 2.0, None
None, 202.0, None, None, None, 2015-10-29 13:00:00, -3.9, None, 2.0, None
None, 202.0, None, None, None, 2015-10-29 14:00:00, -3.7, None, 2.0, None
None, 202.0, None, None, None, 2015-10-29 15:00:00, -3.6, None, 2.0, None
None, 202.0, None, 262.0, None, 2015-10-29 16:00:00, -3.3, None, 2.0, None
None, 202.0, None, None, None, 2015-10-29 17:00:00, -2.9, None, 2.0, None
None, 202.0, None, None, None, 2015-10-29 18:00:00, -2.1, None, 2.0, None
None, 202.0, None, None, None, 2015-10-29 19:00:00, -1.8, None, 2.0, None
None, 202.0, None, None, None, 2015-10-29 20:00:00, -1.7, None, 2.0, None
None, 203.0, None, None, None, 2015-10-29 21:00:00, -1.1, None, 2.0, None
None, 203.0, None, None, None, 2015-10-29 22:00:00, -0.1, None, 2.0, None
None, 203.0, None, None, None, 2015-10-29 23:00:00, -1.5, None, 2.0, None
None, 203.0, None, None, None, 2015-10-30 00:00:00, -1.5, None, 2.0, None
None, 203.0, None, None, None, 2015-10-30 01:00:00, -3.0, None, 2.0, None
None, 203.0, None, None, None, 2015-10-30 02:00:00, -2.7, None, 2.0, None
None, 203.0, None, None, None, 2015-10-30 03:00:00, -2.7, None, 2.0, None
None, 202.0, None, None, None, 2015-10-30 04:00:00, -3.2, None, 2.0, None
None, 202.0, None, None, None, 2015-10-30 05:00:00, -2.5, None, 2.0, None
None, 202.0, None, None, None, 2015-10-30 06:00:00, -2.6, None, 2.0, None
None, 203.0, None, None, None, 2015-10-30 07:00:00, -2.8, None, 2.0, None
None, 204.0, None, None, None, 2015-10-30 08:00:00, -2.3, None, 2.0, None
None, 204.0, None, None, None, 2015-10-30 09:00:00, -2.4, None, 3.0, None
None, 204.0, None, None, None, 2015-10-30 10:00:00, -2.3, None, 3.0, None
None, 204.0, None, None, None, 2015-10-30 11:00:00, -2.7, None, 3.0, None
None, 204.0, None, None, None, 2015-10-30 12:00:00, -2.6, None, 3.0, None
None, 205.0, None, None, None, 2015-10-30 13:00:00, -2.8, None, 4.0, None
None, 204.0, None, None, None, 2015-10-30 14:00:00, -2.7, None, 4.0, None
None, 205.0, None, None, None, 2015-10-30 15:00:00, -2.7, None, 4.0, None
None, 205.0, None, 262.0, None, 2015-10-30 16:00:00, -2.4, None, 4.0, None
None, 205.0, None, None, None, 2015-10-30 17:00:00, -1.9, None, 5.0, None
None, 205.0, None, None, None, 2015-10-30 18:00:00, -1.2, None, 5.0, None
None, 206.0, None, None, None, 2015-10-30 19:00:00, -0.7, None, 6.0, None
None, 206.0, None, None, None, 2015-10-30 20:00:00, -0.4, None, 6.0, None
None, 206.0, None, None, None, 2015-10-30 21:00:00, -0.4, None, 6.0, None
None, 206.0, None, None, None, 2015-10-30 22:00:00, -1.4, None, 6.0, None
None, 206.0, None, None, None, 2015-10-30 23:00:00, -1.9, None, 7.0, None
None, 205.0, None, None, None, 2015-10-31 00:00:00, -2.0, None, 7.0, None
None, 205.0, None, None, None, 2015-10-31 01:00:00, -2.3, None, 7.0, None
None, 205.0, None, None, None, 2015-10-31 02:00:00, -2.3, None, 7.0, None
None, 205.0, None, None, None, 2015-10-31 03:00:00, -2.4, None, 7.0, None
None, 205.0, None, None, None, 2015-10-31 04:00:00, -2.6, None, 7.0, None
None, 205.0, None, None, None, 2015-10-31 05:00:00, -2.7, None, 7.0, None
None, 205.0, None, None, None, 2015-10-31 06:00:00, -2.6, None, 7.0, None
None, 205.0, None, None, None, 2015-10-31 07:00:00, -3.0, None, 7.0, None
None, 205.0, None, None, None, 2015-10-31 08:00:00, -3.3, None, 7.0, None
None, 205.0, None, None, None, 2015-10-31 09:00:00, -4.0, None, 7.0, None
None, 205.0, None, None, None, 2015-10-31 10:00:00, -3.7, None, 7.0, None
None, 205.0, None, None, None, 2015-10-31 11:00:00, -3.5, None, 7.0, None
None, 204.0, None, None, None, 2015-10-31 12:00:00, -3.6, None, 7.0, None
None, 204.0, None, None, None, 2015-10-31 13:00:00, -3.2, None, 7.0, None
None, 205.0, None, None, None, 2015-10-31 14:00:00, -3.6, None, 7.0, None
None, 205.0, None, None, None, 2015-10-31 15:00:00, -4.7, None, 7.0, None
None, 205.0, None, 262.0, None, 2015-10-31 16:00:00, -3.4, None, 7.0, None
None, 205.0, None, None, None, 2015-10-31 17:00:00, -2.8, None, 7.0, None
None, 205.0, None, None, None, 2015-10-31 18:00:00, -2.0, None, 7.0, None
None, 206.0, None, None, None, 2015-10-31 19:00:00, -1.5, None, 7.0, None
None, 206.0, None, None, None, 2015-10-31 20:00:00, -1.1, None, 6.0, None
None, 206.0, None, None, None, 2015-10-31 21:00:00, -1.0, None, 6.0, None
None, 206.0, None, None, None, 2015-10-31 22:00:00, -1.8, None, 6.0, None
None, 206.0, None, None, None, 2015-10-31 23:00:00, -2.9, None, 6.0, None
None, 206.0, None, None, None, 2015-11-01 00:00:00, -3.3, None, 6.0, None
None, 205.0, None, None, None, 2015-11-01 01:00:00, -3.7, None, 6.0, None
None, 205.0, None, None, None, 2015-11-01 02:00:00, -4.3, None, 6.0, None
None, 205.0, None, None, None, 2015-11-01 03:00:00, -4.5, None, 6.0, None
None, 205.0, None, None, None, 2015-11-01 04:00:00, -4.6, None, 6.0, None
None, 205.0, None, None, None, 2015-11-01 05:00:00, -5.7, None, 6.0, None
None, 206.0, None, None, None, 2015-11-01 06:00:00, -6.0, None, 7.0, None
None, 206.0, None, None, None, 2015-11-01 07:00:00, -6.0, None, 7.0, None
None, 207.0, None, None, None, 2015-11-01 08:00:00, -6.2, None, 7.0, None
None, 207.0, None, None, None, 2015-11-01 09:00:00, -6.2, None, 8.0, None
None, 207.0, None, None, None, 2015-11-01 10:00:00, -6.7, None, 8.0, None
None, 207.0, None, None, None, 2015-11-01 11:00:00, -7.0, None, 8.0, None
None, 208.0, None, None, None, 2015-11-01 12:00:00, -7.0, None, 9.0, None
None, 208.0, None, None, None, 2015-11-01 13:00:00, -8.0, None, 9.0, None
None, 208.0, None, None, None, 2015-11-01 14:00:00, -7.7, None, 10.0, None
None, 208.0, None, None, None, 2015-11-01 15:00:00, -7.5, None, 10.0, None
None, 208.0, None, 262.0, None, 2015-11-01 16:00:00, -7.8, None, 10.0, None
None, 208.0, None, None, None, 2015-11-01 17:00:00, -7.8, None, 11.0, None
None, 208.0, None, None, None, 2015-11-01 18:00:00, -6.4, None, 11.0, None
None, 208.0, None, None, None, 2015-11-01 19:00:00, -5.9, None, 12.0, None
None, 208.0, None, None, None, 2015-11-01 20:00:00, -5.9, None, 12.0, None
None, 208.0, None, None, None, 2015-11-01 21:00:00, -5.6, None, 12.0, None
None, 208.0, None, None, None, 2015-11-01 22:00:00, -6.3, None, 12.0, None
None, 208.0, None, None, None, 2015-11-01 23:00:00, -6.6, None, 13.0, None
None, 208.0, None, None, None, 2015-11-02 00:00:00, -6.6, None, 13.0, None
None, 208.0, None, None, None, 2015-11-02 01:00:00, -6.8, None, 13.0, None
None, 208.0, None, None, None, 2015-11-02 02:00:00, -6.9, None, 14.0, None
None, 209.0, None, None, None, 2015-11-02 03:00:00, -7.0, None, 14.0, None
None, 209.0, None, None, None, 2015-11-02 04:00:00, -7.1, None, 14.0, None
None, 209.0, None, None, None, 2015-11-02 05:00:00, -7.3, None, 14.0, None
None, 210.0, None, None, None, 2015-11-02 06:00:00, -7.5, None, 14.0, None
None, 210.0, None, None, None, 2015-11-02 07:00:00, -7.6, None, 14.0, None
None, 210.0, None, None, None, 2015-11-02 08:00:00, -7.8, None, 14.0, None
None, 210.0, None, None, None, 2015-11-02 09:00:00, -7.8, None, 14.0, None
None, 210.0, None, None, None, 2015-11-02 10:00:00, -7.7, None, 14.0, None
None, 210.0, None, None, None, 2015-11-02 11:00:00, -8.1, None, 14.0, None
None, 210.0, None, None, None, 2015-11-02 12:00:00, -8.1, None, 14.0, None
None, 210.0, None, None, None, 2015-11-02 13:00:00, -8.3, None, 14.0, None
None, 210.0, None, None, None, 2015-11-02 14:00:00, -8.7, None, 14.0, None
None, 210.0, None, None, None, 2015-11-02 15:00:00, -10.2, None, 14.0, None
None, 210.0, None, 262.0, None, 2015-11-02 16:00:00, -9.6, None, 14.0, None
None, 210.0, None, None, None, 2015-11-02 17:00:00, -8.6, None, 14.0, None
None, 210.0, None, None, None, 2015-11-02 18:00:00, -7.1, None, 14.0, None
None, 210.0, None, None, None, 2015-11-02 19:00:00, -6.4, None, 14.0, None
None, 210.0, None, None, None, 2015-11-02 20:00:00, -5.7, None, 14.0, None
None, 210.0, None, None, None, 2015-11-02 21:00:00, -6.3, None, 14.0, None
None, 210.0, None, None, None, 2015-11-02 22:00:00, -6.7, None, 14.0, None
None, 210.0, None, None, None, 2015-11-02 23:00:00, -7.2, None, 14.0, None
None, 210.0, None, None, None, 2015-11-03 00:00:00, -8.1, None, 13.0, None
None, 210.0, None, None, None, 2015-11-03 01:00:00, -8.5, None, 13.0, None
None, 211.0, None, None, None, 2015-11-03 02:00:00, -8.5, None, 13.0, None
None, 211.0, None, None, None, 2015-11-03 03:00:00, -8.6, None, 13.0, None
None, 211.0, None, None, None, 2015-11-03 04:00:00, -8.7, None, 13.0, None
None, 211.0, None, None, None, 2015-11-03 05:00:00, -8.4, None, 13.0, None
None, 211.0, None, None, None, 2015-11-03 06:00:00, -8.4, None, 13.0, None
None, 211.0, None, None, None, 2015-11-03 07:00:00, -8.3, None, 13.0, None
None, 211.0, None, None, None, 2015-11-03 08:00:00, -8.3, None, 13.0, None
None, 211.0, None, None, None, 2015-11-03 09:00:00, -8.2, None, 13.0, None
None, 211.0, None, None, None, 2015-11-03 10:00:00, -8.2, None, 12.0, None
None, 211.0, None, None, None, 2015-11-03 11:00:00, -8.1, None, 12.0, None
None, 211.0, None, None, None, 2015-11-03 12:00:00, -8.0, None, 12.0, None
None, 211.0, None, None, None, 2015-11-03 13:00:00, -8.0, None, 12.0, None
None, 211.0, None, None, None, 2015-11-03 14:00:00, -8.2, None, 12.0, None
None, 211.0, None, None, None, 2015-11-03 15:00:00, -8.5, None, 12.0, None
None, 211.0, None, 262.0, None, 2015-11-03 16:00:00, -8.6, None, 12.0, None
None, 211.0, None, None, None, 2015-11-03 17:00:00, -7.0, None, 12.0, None
None, 211.0, None, None, None, 2015-11-03 18:00:00, -5.8, None, 12.0, None
None, 211.0, None, None, None, 2015-11-03 19:00:00, -5.7, None, 13.0, None
None, 211.0, None, None, None, 2015-11-03 20:00:00, -5.7, None, 13.0, None
None, 211.0, None, None, None, 2015-11-03 21:00:00, -6.1, None, 13.0, None
None, 211.0, None, None, None, 2015-11-03 22:00:00, -5.8, None, 13.0, None
None, 211.0, None, None, None, 2015-11-03 23:00:00, -6.4, None, 13.0, None
None, 211.0, None, None, None, 2015-11-04 00:00:00, -8.5, None, 13.0, None
None, 211.0, None, None, None, 2015-11-04 01:00:00, -8.0, None, 13.0, None
None, 211.0, None, None, None, 2015-11-04 02:00:00, -7.8, None, 13.0, None
None, 211.0, None, None, None, 2015-11-04 03:00:00, -7.2, None, 13.0, None
None, 211.0, None, None, None, 2015-11-04 04:00:00, -7.1, None, 13.0, None
None, 211.0, None, None, None, 2015-11-04 05:00:00, -6.8, None, 13.0, None
None, 211.0, None, None, None, 2015-11-04 06:00:00, -6.9, None, 13.0, None
None, 211.0, None, None, None, 2015-11-04 07:00:00, -6.6, None, 13.0, None
None, 211.0, None, None, None, 2015-11-04 08:00:00, -6.3, None, 13.0, None
None, 212.0, None, None, None, 2015-11-04 09:00:00, -6.2, None, 13.0, None
None, 212.0, None, None, None, 2015-11-04 10:00:00, -6.0, None, 13.0, None
None, 212.0, None, None, None, 2015-11-04 11:00:00, -6.0, None, 13.0, None
None, 212.0, None, None, None, 2015-11-04 12:00:00, -5.7, None, 13.0, None
None, 212.0, None, None, None, 2015-11-04 13:00:00, -6.0, None, 13.0, None
None, 212.0, None, None, None, 2015-11-04 14:00:00, -6.3, None, 13.0, None
None, 212.0, None, None, None, 2015-11-04 15:00:00, -6.3, None, 13.0, None
None, 212.0, None, 262.0, None, 2015-11-04 16:00:00, -5.9, None, 13.0, None
None, 212.0, None, None, None, 2015-11-04 17:00:00, -3.7, None, 13.0, None
None, 212.0, None, None, None, 2015-11-04 18:00:00, -2.4, None, 13.0, None
None, 212.0, None, None, None, 2015-11-04 19:00:00, -2.0, None, 13.0, None
None, 212.0, None, None, None, 2015-11-04 20:00:00, -2.5, None, 13.0, None
None, 212.0, None, None, None, 2015-11-04 21:00:00, -2.6, None, 13.0, None
None, 213.0, None, None, None, 2015-11-04 22:00:00, -2.8, None, 13.0, None
None, 213.0, None, None, None, 2015-11-04 23:00:00, -3.2, None, 14.0, None
None, 213.0, None, None, None, 2015-11-05 00:00:00, -4.2, None, 14.0, None
None, 213.0, None, None, None, 2015-11-05 01:00:00, -4.5, None, 14.0, None
None, 213.0, None, None, None, 2015-11-05 02:00:00, -4.4, None, 14.0, None
None, 214.0, None, None, None, 2015-11-05 03:00:00, -4.4, None, 14.0, None
None, 214.0, None, None, None, 2015-11-05 04:00:00, -4.4, None, 14.0, None
None, 214.0, None, None, None, 2015-11-05 05:00:00, -4.8, None, 14.0, None
None, 214.0, None, None, None, 2015-11-05 06:00:00, -4.6, None, 15.0, None
None, 215.0, None, None, None, 2015-11-05 07:00:00, -4.5, None, 15.0, None
None, 215.0, None, None, None, 2015-11-05 08:00:00, -5.0, None, 15.0, None
None, 215.0, None, None, None, 2015-11-05 09:00:00, -6.4, None, 16.0, None
None, 215.0, None, None, None, 2015-11-05 10:00:00, -6.8, None, 16.0, None
None, 215.0, None, None, None, 2015-11-05 11:00:00, -7.0, None, 16.0, None
None, 215.0, None, None, None, 2015-11-05 12:00:00, -7.6, None, 16.0, None
None, 215.0, None, None, None, 2015-11-05 13:00:00, -7.7, None, 17.0, None
None, 215.0, None, None, None, 2015-11-05 14:00:00, -8.8, None, 17.0, None
None, 216.0, None, None, None, 2015-11-05 15:00:00, -9.8, None, 17.0, None
None, 216.0, None, 262.0, None, 2015-11-05 16:00:00, -9.6, None, 18.0, None
None, 216.0, None, None, None, 2015-11-05 17:00:00, -8.2, None, 18.0, None
None, 215.0, None, None, None, 2015-11-05 18:00:00, -6.8, None, 18.0, None
None, 215.0, None, None, None, 2015-11-05 19:00:00, -5.8, None, 18.0, None
None, 215.0, None, None, None, 2015-11-05 20:00:00, -3.5, None, 18.0, None
None, 215.0, None, None, None, 2015-11-05 21:00:00, -2.6, None, 18.0, None
None, 215.0, None, None, None, 2015-11-05 22:00:00, -3.7, None, 18.0, None
None, 215.0, None, None, None, 2015-11-05 23:00:00, -4.9, None, 18.0, None
None, 215.0, None, None, None, 2015-11-06 00:00:00, -9.9, None, 18.0, None
None, 216.0, None, None, None, 2015-11-06 01:00:00, -10.4, None, 18.0, None
None, 216.0, None, None, None, 2015-11-06 02:00:00, -11.4, None, 18.0, None
None, 216.0, None, None, None, 2015-11-06 03:00:00, -10.8, None, 18.0, None
None, 216.0, None, None, None, 2015-11-06 04:00:00, -10.4, None, 18.0, None
None, 216.0, None, None, None, 2015-11-06 05:00:00, -11.6, None, 18.0, None
None, 216.0, None, None, None, 2015-11-06 06:00:00, -10.3, None, 18.0, None
None, 216.0, None, None, None, 2015-11-06 07:00:00, -9.9, None, 18.0, None
None, 216.0, None, None, None, 2015-11-06 08:00:00, -10.3, None, 18.0, None
None, 216.0, None, None, None, 2015-11-06 09:00:00, -9.2, None, 18.0, None
None, 216.0, None, None, None, 2015-11-06 10:00:00, -8.2, None, 18.0, None
None, 217.0, None, None, None, 2015-11-06 11:00:00, -8.4, None, 18.0, None
None, 218.0, None, None, None, 2015-11-06 12:00:00, -8.3, None, 18.0, None
None, 219.0, None, None, None, 2015-11-06 13:00:00, -8.1, None, 18.0, None
None, 219.0, None, None, None, 2015-11-06 14:00:00, -7.6, None, 18.0, None
None, 219.0, None, None, None, 2015-11-06 15:00:00, -7.2, None, 18.0, None
None, 219.0, None, 266.0, None, 2015-11-06 16:00:00, -6.7, None, 18.0, None
None, 219.0, None, None, None, 2015-11-06 17:00:00, -6.3, None, 18.0, None
None, 219.0, None, None, None, 2015-11-06 18:00:00, -5.9, None, 19.0, None
None, 219.0, None, None, None, 2015-11-06 19:00:00, -5.5, None, 19.0, None
None, 219.0, None, None, None, 2015-11-06 20:00:00, -4.4, None, 19.0, None
None, 219.0, None, None, None, 2015-11-06 21:00:00, -3.1, None, 19.0, None
None, 219.0, None, None, None, 2015-11-06 22:00:00, -3.4, None, 20.0, None
None, 219.0, None, None, None, 2015-11-06 23:00:00, -4.1, None, 20.0, None
None, 219.0, None, None, None, 2015-11-07 00:00:00, -4.1, None, 20.0, None
None, 219.0, None, None, None, 2015-11-07 01:00:00, -4.2, None, 20.0, None
None, 219.0, None, None, None, 2015-11-07 02:00:00, -4.2, None, 20.0, None
None, 219.0, None, None, None, 2015-11-07 03:00:00, -4.9, None, 20.0, None
None, 219.0, None, None, None, 2015-11-07 04:00:00, -4.5, None, 20.0, None
None, 219.0, None, None, None, 2015-11-07 05:00:00, -4.5, None, 20.0, None
None, 219.0, None, None, None, 2015-11-07 06:00:00, -4.7, None, 20.0, None
None, 220.0, None, None, None, 2015-11-07 07:00:00, -6.0, None, 20.0, None
None, 220.0, None, None, None, 2015-11-07 08:00:00, -6.4, None, 20.0, None
None, 220.0, None, None, None, 2015-11-07 09:00:00, -7.4, None, 20.0, None
None, 220.0, None, None, None, 2015-11-07 10:00:00, -5.7, None, 20.0, None
None, 220.0, None, None, None, 2015-11-07 11:00:00, -5.6, None, 20.0, None
None, 220.0, None, None, None, 2015-11-07 12:00:00, -5.8, None, 20.0, None
None, 220.0, None, None, None, 2015-11-07 13:00:00, -5.9, None, 20.0, None
None, 220.0, None, None, None, 2015-11-07 14:00:00, -5.9, None, 20.0, None
None, 220.0, None, None, None, 2015-11-07 15:00:00, -5.9, None, 20.0, None
None, 220.0, None, 266.0, None, 2015-11-07 16:00:00, -6.3, None, 20.0, None
None, 220.0, None, None, None, 2015-11-07 17:00:00, -4.8, None, 20.0, None
None, 220.0, None, None, None, 2015-11-07 18:00:00, -3.3, None, 20.0, None
None, 220.0, None, None, None, 2015-11-07 19:00:00, -2.1, None, 20.0, None
None, 220.0, None, None, None, 2015-11-07 20:00:00, -2.2, None, 20.0, None
None, 220.0, None, None, None, 2015-11-07 21:00:00, -3.1, None, 20.0, None
None, 220.0, None, None, None, 2015-11-07 22:00:00, -4.4, None, 20.0, None
None, 220.0, None, None, None, 2015-11-07 23:00:00, -5.4, None, 19.0, None
None, 220.0, None, None, None, 2015-11-08 00:00:00, -6.5, None, 19.0, None
None, 220.0, None, None, None, 2015-11-08 01:00:00, -6.9, None, 19.0, None
None, 220.0, None, None, None, 2015-11-08 02:00:00, -6.7, None, 19.0, None
None, 220.0, None, None, None, 2015-11-08 03:00:00, -6.9, None, 19.0, None
None, 220.0, None, None, None, 2015-11-08 04:00:00, -8.1, None, 19.0, None
None, 220.0, None, None, None, 2015-11-08 05:00:00, -7.2, None, 19.0, None
None, 220.0, None, None, None, 2015-11-08 06:00:00, -6.9, None, 19.0, None
None, 220.0, None, None, None, 2015-11-08 07:00:00, -6.5, None, 19.0, None
None, 220.0, None, None, None, 2015-11-08 08:00:00, -6.5, None, 19.0, None
None, 220.0, None, None, None, 2015-11-08 09:00:00, -6.4, None, 19.0, None
None, 220.0, None, None, None, 2015-11-08 10:00:00, -6.3, None, 19.0, None
None, 220.0, None, None, None, 2015-11-08 11:00:00, -6.8, None, 19.0, None
None, 220.0, None, None, None, 2015-11-08 12:00:00, -6.8, None, 19.0, None
None, 220.0, None, None, None, 2015-11-08 13:00:00, -6.9, None, 19.0, None
None, 220.0, None, None, None, 2015-11-08 14:00:00, -6.9, None, 19.0, None
None, 220.0, None, None, None, 2015-11-08 15:00:00, -6.9, None, 20.0, None
None, 220.0, None, 266.0, None, 2015-11-08 16:00:00, -6.8, None, 20.0, None
None, 220.0, None, None, None, 2015-11-08 17:00:00, -6.1, None, 20.0, None
None, 220.0, None, None, None, 2015-11-08 18:00:00, -4.6, None, 20.0, None
None, 220.0, None, None, None, 2015-11-08 19:00:00, -4.1, None, 20.0, None
None, 220.0, None, None, None, 2015-11-08 20:00:00, -3.8, None, 20.0, None
None, 220.0, None, None, None, 2015-11-08 21:00:00, -4.3, None, 20.0, None
None, 220.0, None, None, None, 2015-11-08 22:00:00, -4.8, None, 20.0, None
None, 220.0, None, None, None, 2015-11-08 23:00:00, -5.7, None, 19.0, None
None, 220.0, None, None, None, 2015-11-09 00:00:00, -6.5, None, 19.0, None
None, 220.0, None, None, None, 2015-11-09 01:00:00, -6.9, None, 19.0, None
None, 220.0, None, None, None, 2015-11-09 02:00:00, -7.1, None, 19.0, None
None, 220.0, None, None, None, 2015-11-09 03:00:00, -7.3, None, 19.0, None
None, 221.0, None, None, None, 2015-11-09 04:00:00, -8.5, None, 19.0, None
None, 221.0, None, None, None, 2015-11-09 05:00:00, -9.6, None, 19.0, None
None, 221.0, None, None, None, 2015-11-09 06:00:00, -10.4, None, 19.0, None
None, 221.0, None, None, None, 2015-11-09 07:00:00, -10.3, None, 19.0, None
None, 221.0, None, None, None, 2015-11-09 08:00:00, -10.0, None, 19.0, None
None, 221.0, None, None, None, 2015-11-09 09:00:00, -10.7, None, 19.0, None
None, 221.0, None, None, None, 2015-11-09 10:00:00, -10.8, None, 19.0, None
None, 221.0, None, None, None, 2015-11-09 11:00:00, -11.5, None, 19.0, None
None, 221.0, None, None, None, 2015-11-09 12:00:00, -11.2, None, 19.0, None
None, 221.0, None, None, None, 2015-11-09 13:00:00, -10.9, None, 19.0, None
None, 221.0, None, None, None, 2015-11-09 14:00:00, -11.7, None, 19.0, None
None, 221.0, None, None, None, 2015-11-09 15:00:00, -10.5, None, 19.0, None
None, 221.0, None, 269.0, None, 2015-11-09 16:00:00, -10.1, None, 19.0, None
None, 221.0, None, None, None, 2015-11-09 17:00:00, -9.1, None, 19.0, None
None, 221.0, None, None, None, 2015-11-09 18:00:00, -8.9, None, 19.0, None
None, None, None, 270.0, None, 2015-11-10 16:00:00, None, None, None, None
None, None, None, 278.0, None, 2015-11-11 16:00:00, None, None, None, None
None, None, None, 278.0, None, 2015-11-12 16:00:00, None, None, None, None
None, None, None, 281.0, None, 2015-11-13 16:00:00, None, None, None, None
None, None, None, 292.0, None, 2015-11-14 16:00:00, None, None, None, None
None, None, None, 285.0, None, 2015-11-15 16:00:00, None, None, None, None
None, None, None, 292.0, None, 2015-11-16 16:00:00, None, None, None, None
None, None, None, 292.0, None, 2015-11-17 16:00:00, None, None, None, None
None, None, None, 292.0, None, 2015-11-18 16:00:00, None, None, None, None
None, None, None, 296.0, None, 2015-11-19 16:00:00, None, None, None, None
None, None, None, 300.0, None, 2015-11-20 16:00:00, None, None, None, None
None, None, None, 300.0, None, 2015-11-21 16:00:00, None, None, None, None
None, None, None, 296.0, None, 2015-11-22 16:00:00, None, None, None, None
None, None, None, 296.0, None, 2015-11-23 16:00:00, None, None, None, None
None, None, None, 292.0, None, 2015-11-24 16:00:00, None, None, None, None
None, None, None, 296.0, None, 2015-11-25 16:00:00, None, None, None, None
None, None, None, 292.0, None, 2015-11-26 16:00:00, None, None, None, None
None, None, None, 292.0, None, 2015-11-27 16:00:00, None, None, None, None
None, None, None, 296.0, None, 2015-11-28 16:00:00, None, None, None, None
None, None, None, 296.0, None, 2015-11-29 16:00:00, None, None, None, None
None, None, None, 300.0, None, 2015-11-30 16:00:00, None, None, None, None
None, None, None, 300.0, None, 2015-12-01 16:00:00, None, None, None, None
None, None, None, 308.0, None, 2015-12-02 16:00:00, None, None, None, None
None, None, None, 308.0, None, 2015-12-03 16:00:00, None, None, None, None
None, None, None, 308.0, None, 2015-12-04 16:00:00, None, None, None, None
None, None, None, 300.0, None, 2015-12-05 16:00:00, None, None, None, None
None, None, None, 300.0, None, 2015-12-06 16:00:00, None, None, None, None
None, None, None, 311.0, None, 2015-12-07 16:00:00, None, None, None, None
None, None, None, 315.0, None, 2015-12-08 16:00:00, None, None, None, None
None, None, None, 315.0, None, 2015-12-09 16:00:00, None, None, None, None
None, None, None, 319.0, None, 2015-12-10 16:00:00, None, None, None, None
None, None, None, 315.0, None, 2015-12-11 16:00:00, None, None, None, None
None, None, None, 315.0, None, 2015-12-12 16:00:00, None, None, None, None
None, None, None, 322.0, None, 2015-12-13 16:00:00, None, None, None, None
None, None, None, 330.0, None, 2015-12-14 16:00:00, None, None, None, None
None, None, None, 330.0, None, 2015-12-15 16:00:00, None, None, None, None
None, None, None, 330.0, None, 2015-12-16 16:00:00, None, None, None, None
None, None, None, 338.0, None, 2015-12-17 16:00:00, None, None, None, None
None, None, None, 338.0, None, 2015-12-18 16:00:00, None, None, None, None
None, None, None, 345.0, None, 2015-12-19 16:00:00, None, None, None, None
None, None, None, 352.0, None, 2015-12-20 16:00:00, None, None, None, None
None, None, None, 352.0, None, 2015-12-21 16:00:00, None, None, None, None
None, None, None, 352.0, None, 2015-12-22 16:00:00, None, None, None, None
None, None, None, 360.0, None, 2015-12-23 16:00:00, None, None, None, None
None, None, None, 359.0, None, 2015-12-24 16:00:00, None, None, None, None
None, None, None, 360.0, None, 2015-12-25 16:00:00, None, None, None, None
None, None, None, 364.0, None, 2015-12-26 16:00:00, None, None, None, None
None, None, None, 361.0, None, 2015-12-27 16:00:00, None, None, None, None
None, None, None, 339.0, None, 2015-12-28 16:00:00, None, None, None, None
None, None, None, 360.0, None, 2015-12-29 16:00:00, None, None, None, None
None, None, None, 360.0, None, 2015-12-30 16:00:00, None, None, None, None
