pcpn_amt_pst24hrs,cum_pcpn_amt,ONE_DAY_SNOW,air_temp_2,air_temp_1,snw_dpth,MAX_TEMP,ONE_DAY_PRECIPITATION,pcpn_amt_pst1hr,snw_dpth_wtr_equiv,MIN_TEMP,time,SNOW_ON_THE_GROUND,week_of_year
24.0,401.0, None, None,6.5, 163.0, None, None, 2.0, 1106.0, None,2022-06-11 00:00:00, None,24
26.0,402.0, None, None,4.0, 163.0, None, None, 1.0, 1106.0, None,2022-06-11 01:00:00, None,24
28.0,405.0, None, None,4.0, 162.0, None, None, 3.0, 1104.0, None,2022-06-11 02:00:00, None,24
28.0,406.0, None, None,3.8, 159.0, None, None, 1.0, 1103.0, None,2022-06-11 03:00:00, None,24
29.0,408.0, None, None,3.1, 162.0, None, None, 2.0, 1102.0, None,2022-06-11 04:00:00, None,24
32.0,412.0, None, None,2.9, 162.0, None, None, 4.0, 1102.0, None,2022-06-11 05:00:00, None,24
33.0,415.0, None, None,4.1, 162.0, None, None, 3.0, 1101.0, None,2022-06-11 06:00:00, None,24
36.0,419.0, None, None,5.0, 161.0, None, None, 4.0, 1100.0, None,2022-06-11 07:00:00, None,24
36.0,419.0, None, None,5.0, 162.0, None, None, 0.0, 1097.0, None,2022-06-11 08:00:00, None,24
36.0,419.0, None, None,5.1, 161.0, None, None, 0.0, 1095.0, None,2022-06-11 09:00:00, None,24
36.0,419.0, None, None,5.2, 161.0, None, None, 0.0, 1094.0, None,2022-06-11 10:00:00, None,24
36.0,419.0, None, None,5.8, 161.0, None, None, 0.0, 1094.0, None,2022-06-11 11:00:00, None,24
36.0,418.0, None, None,6.1, 161.0, None, None, None, 1094.0, None,2022-06-11 12:00:00, None,24
37.0,419.0, None, None,8.2, 160.0, None, None, 1.0, 1094.0, None,2022-06-11 13:00:00, None,24
37.0,419.0, None, None,6.1, 160.0, None, None, 0.0, 1094.0, None,2022-06-11 14:00:00, None,24
35.0,417.0, None, None,10.1, 159.0, None, None, None, 1095.0, None,2022-06-11 15:00:00, None,24
37.0,418.0, None, None,8.1, 159.0, None, None, 1.0, 1095.0, None,2022-06-11 16:00:00, None,24
36.0,419.0, None, None,7.0, 158.0, None, None, 1.0, 1092.0, None,2022-06-11 17:00:00, None,24
36.0,419.0, None, None,5.4, 159.0, None, None, 0.0, 1091.0, None,2022-06-11 18:00:00, None,24
34.0,419.0, None, None,4.7, 159.0, None, None, 0.0, 1090.0, None,2022-06-11 19:00:00, None,24
33.0,419.0, None, None,4.1, 159.0, None, None, 0.0, 1089.0, None,2022-06-11 20:00:00, None,24
27.0,420.0, None, None,3.1, 159.0, None, None, 1.0, 1088.0, None,2022-06-11 21:00:00, None,24
23.0,420.0, None, None,2.7, 159.0, None, None, 0.0, 1086.0, None,2022-06-11 22:00:00, None,24
21.0,420.0, None, None,2.3, 158.0, None, None, 0.0, 1084.0, None,2022-06-11 23:00:00, None,24
19.0,420.0, None, None,2.0, 158.0, None, None, 0.0, 1084.0, None,2022-06-12 00:00:00, None,24
18.0,420.0, None, None,1.9, 159.0, None, None, 0.0, 1084.0, None,2022-06-12 01:00:00, None,24
15.0,420.0, None, None,1.4, 159.0, None, None, 0.0, 1084.0, None,2022-06-12 02:00:00, None,24
14.0,420.0, None, None,1.8, 158.0, None, None, 0.0, 1084.0, None,2022-06-12 03:00:00, None,24
12.0,420.0, None, None,1.7, 159.0, None, None, 0.0, 1084.0, None,2022-06-12 04:00:00, None,24
8.0,420.0, None, None,1.6, 159.0, None, None, 0.0, 1084.0, None,2022-06-12 05:00:00, None,24
5.0,420.0, None, None,1.8, 159.0, None, None, 0.0, 1084.0, None,2022-06-12 06:00:00, None,24
1.0,420.0, None, None,2.6, 159.0, None, None, 0.0, 1083.0, None,2022-06-12 07:00:00, None,24
1.0,420.0, None, None,4.0, 158.0, None, None, 0.0, 1082.0, None,2022-06-12 08:00:00, None,24
0.0,419.0, None, None,5.8, 157.0, None, None, None, 1083.0, None,2022-06-12 09:00:00, None,24
None,418.0, None, None,7.9, 157.0, None, None, None, 1086.0, None,2022-06-12 10:00:00, None,24
None,418.0, None, None,9.5, 156.0, None, None, 0.0, 1087.0, None,2022-06-12 11:00:00, None,24
None,417.0, None, None,10.8, 154.0, None, None, None, 1088.0, None,2022-06-12 12:00:00, None,24
None,417.0, None, None,11.3, 155.0, None, None, 0.0, 1088.0, None,2022-06-12 13:00:00, None,24
None,417.0, None, None,11.8, 153.0, None, None, 0.0, 1086.0, None,2022-06-12 14:00:00, None,24
0.0,417.0, None, None,11.8, 152.0, None, None, 0.0, 1082.0, None,2022-06-12 15:00:00, None,24
None,417.0, None, None,11.4, 150.0, None, None, 0.0, 1076.0, None,2022-06-12 16:00:00, None,24
None,418.0, None, None,8.6, 152.0, None, None, 1.0, 1068.0, None,2022-06-12 17:00:00, None,24
None,418.0, None, None,7.2, 152.0, None, None, 0.0, 1065.0, None,2022-06-12 18:00:00, None,24
0.0,419.0, None, None,6.0, 152.0, None, None, 1.0, 1062.0, None,2022-06-12 19:00:00, None,24
0.0,419.0, None, None,4.9, 152.0, None, None, 0.0, 1059.0, None,2022-06-12 20:00:00, None,24
None,419.0, None, None,5.3, 152.0, None, None, 0.0, 1057.0, None,2022-06-12 21:00:00, None,24
None,419.0, None, None,5.2, 152.0, None, None, 0.0, 1054.0, None,2022-06-12 22:00:00, None,24
None,419.0, None, None,5.0, 151.0, None, None, 0.0, 1051.0, None,2022-06-12 23:00:00, None,24
0.0,420.0, None, None,4.6, 151.0, None, None, 1.0, 1050.0, None,2022-06-13 00:00:00, None,24
2.0,422.0, None, None,4.1, 151.0, None, None, 2.0, 1050.0, None,2022-06-13 01:00:00, None,24
2.0,422.0, None, None,4.1, 150.0, None, None, 0.0, 1048.0, None,2022-06-13 02:00:00, None,24
3.0,423.0, None, None,3.5, 149.0, None, None, 1.0, 1045.0, None,2022-06-13 03:00:00, None,24
3.0,423.0, None, None,3.4, 150.0, None, None, 0.0, 1043.0, None,2022-06-13 04:00:00, None,24
3.0,423.0, None, None,3.1, 150.0, None, None, 0.0, 1042.0, None,2022-06-13 05:00:00, None,24
4.0,424.0, None, None,3.1, 150.0, None, None, 1.0, 1041.0, None,2022-06-13 06:00:00, None,24
5.0,425.0, None, None,3.3, 148.0, None, None, 1.0, 1038.0, None,2022-06-13 07:00:00, None,24
6.0,426.0, None, None,3.3, 149.0, None, None, 1.0, 1036.0, None,2022-06-13 08:00:00, None,24
7.0,426.0, None, None,3.4, 150.0, None, None, 0.0, 1034.0, None,2022-06-13 09:00:00, None,24
9.0,427.0, None, None,3.4, 150.0, None, None, 1.0, 1032.0, None,2022-06-13 10:00:00, None,24
10.0,428.0, None, None,3.2, 150.0, None, None, 1.0, 1029.0, None,2022-06-13 11:00:00, None,24
12.0,429.0, None, None,3.4, 148.0, None, None, 1.0, 1027.0, None,2022-06-13 12:00:00, None,24
13.0,430.0, None, None,3.6, 149.0, None, None, 1.0, 1027.0, None,2022-06-13 13:00:00, None,24
13.0,430.0, None, None,3.4, 149.0, None, None, 0.0, 1025.0, None,2022-06-13 14:00:00, None,24
13.0,430.0, None, None,3.6, 150.0, None, None, 0.0, 1023.0, None,2022-06-13 15:00:00, None,24
15.0,432.0, None, None,3.7, 147.0, None, None, 2.0, 1022.0, None,2022-06-13 16:00:00, None,24
16.0,434.0, None, None,3.7, 149.0, None, None, 2.0, 1021.0, None,2022-06-13 17:00:00, None,24
15.0,433.0, None, None,3.6, 149.0, None, None, None, 1018.0, None,2022-06-13 18:00:00, None,24
15.0,434.0, None, None,3.7, 149.0, None, None, 1.0, 1017.0, None,2022-06-13 19:00:00, None,24
15.0,434.0, None, None,3.1, 148.0, None, None, 0.0, 1014.0, None,2022-06-13 21:00:00, None,24
15.0,434.0, None, None,2.8, 149.0, None, None, 0.0, 1014.0, None,2022-06-13 22:00:00, None,24
17.0,436.0, None, None,2.7, 148.0, None, None, 2.0, 1014.0, None,2022-06-13 23:00:00, None,24
17.0,437.0, None, None,2.4, 146.0, None, None, 1.0, 1014.0, None,2022-06-14 00:00:00, None,24
16.0,438.0, None, None,2.3, 147.0, None, None, 1.0, 1014.0, None,2022-06-14 01:00:00, None,24
19.0,441.0, None, None,2.2, 147.0, None, None, 3.0, 1015.0, None,2022-06-14 02:00:00, None,24
19.0,442.0, None, None,2.1, 148.0, None, None, 1.0, 1014.0, None,2022-06-14 03:00:00, None,24
20.0,443.0, None, None,2.3, 148.0, None, None, 1.0, 1014.0, None,2022-06-14 04:00:00, None,24
22.0,445.0, None, None,2.2, 147.0, None, None, 2.0, 1014.0, None,2022-06-14 05:00:00, None,24
22.0,446.0, None, None,2.3, 146.0, None, None, 1.0, 1014.0, None,2022-06-14 06:00:00, None,24
22.0,447.0, None, None,2.3, 146.0, None, None, 1.0, 1013.0, None,2022-06-14 07:00:00, None,24
22.0,448.0, None, None,2.3, 145.0, None, None, 1.0, 1012.0, None,2022-06-14 08:00:00, None,24
22.0,448.0, None, None,2.6, 146.0, None, None, 0.0, 1010.0, None,2022-06-14 09:00:00, None,24
21.0,448.0, None, None,2.6, 146.0, None, None, 0.0, 1007.0, None,2022-06-14 10:00:00, None,24
21.0,449.0, None, None,3.2, 146.0, None, None, 1.0, 1006.0, None,2022-06-14 11:00:00, None,24
20.0,449.0, None, None,3.5, 145.0, None, None, 0.0, 1005.0, None,2022-06-14 12:00:00, None,24
20.0,450.0, None, None,3.3, 147.0, None, None, 1.0, 1005.0, None,2022-06-14 13:00:00, None,24
20.0,450.0, None, None,3.3, 147.0, None, None, 0.0, 1002.0, None,2022-06-14 14:00:00, None,24
20.0,450.0, None, None,3.5, 147.0, None, None, 0.0, 1000.0, None,2022-06-14 15:00:00, None,24
18.0,450.0, None, None,3.5, 147.0, None, None, 0.0, 1000.0, None,2022-06-14 16:00:00, None,24
16.0,450.0, None, None,3.6, 147.0, None, None, 0.0, 999.0, None,2022-06-14 17:00:00, None,24
17.0,450.0, None, None,3.6, 146.0, None, None, 0.0, 999.0, None,2022-06-14 18:00:00, None,24
16.0,450.0, None, None,3.5, 146.0, None, None, 0.0, 999.0, None,2022-06-14 19:00:00, None,24
16.0,450.0, None, None,3.8, 146.0, None, None, 0.0, 999.0, None,2022-06-14 20:00:00, None,24
16.0,450.0, None, None,3.6, 146.0, None, None, 0.0, 998.0, None,2022-06-14 21:00:00, None,24
17.0,451.0, None, None,3.7, 146.0, None, None, 1.0, 998.0, None,2022-06-14 22:00:00, None,24
15.0,451.0, None, None,2.4, 144.0, None, None, 0.0, 998.0, None,2022-06-14 23:00:00, None,24
15.0,452.0, None, None,2.3, 145.0, None, None, 1.0, 998.0, None,2022-06-15 00:00:00, None,24
15.0,453.0, None, None,2.1, 144.0, None, None, 1.0, 998.0, None,2022-06-15 01:00:00, None,24
12.0,453.0, None, None,1.4, 145.0, None, None, 0.0, 999.0, None,2022-06-15 02:00:00, None,24
11.0,453.0, None, None,1.3, 144.0, None, None, 0.0, 999.0, None,2022-06-15 03:00:00, None,24
10.0,453.0, None, None,1.3, 144.0, None, None, 0.0, 999.0, None,2022-06-15 04:00:00, None,24
8.0,453.0, None, None,1.4, 144.0, None, None, 0.0, 999.0, None,2022-06-15 05:00:00, None,24
7.0,453.0, None, None,1.7, 144.0, None, None, 0.0, 999.0, None,2022-06-15 06:00:00, None,24
6.0,453.0, None, None,1.9, 145.0, None, None, 0.0, 999.0, None,2022-06-15 07:00:00, None,24
5.0,453.0, None, None,3.7, 144.0, None, None, 0.0, 1000.0, None,2022-06-15 08:00:00, None,24
4.0,452.0, None, None,4.5, 144.0, None, None, None, 1000.0, None,2022-06-15 09:00:00, None,24
4.0,452.0, None, None,6.5, 142.0, None, None, 0.0, 1001.0, None,2022-06-15 10:00:00, None,24
1.0,450.0, None, None,9.2, 142.0, None, None, None, 1003.0, None,2022-06-15 11:00:00, None,24
1.0,450.0, None, None,9.2, 143.0, None, None, 0.0, 1006.0, None,2022-06-15 12:00:00, None,24
None,449.0, None, None,12.2, 141.0, None, None, None, 1007.0, None,2022-06-15 13:00:00, None,24
None,449.0, None, None,10.6, 141.0, None, None, 0.0, 1006.0, None,2022-06-15 14:00:00, None,24
0.0,450.0, None, None,7.9, 141.0, None, None, 1.0, 1003.0, None,2022-06-15 15:00:00, None,24
1.0,451.0, None, None,6.9, 139.0, None, None, 1.0, 1001.0, None,2022-06-15 16:00:00, None,24
2.0,452.0, None, None,7.2, 140.0, None, None, 1.0, 997.0, None,2022-06-15 17:00:00, None,24
6.0,456.0, None, None,5.8, 142.0, None, None, 4.0, 995.0, None,2022-06-15 18:00:00, None,24
6.0,456.0, None, None,5.0, 141.0, None, None, 0.0, 993.0, None,2022-06-15 19:00:00, None,24
9.0,459.0, None, None,5.2, 140.0, None, None, 3.0, 991.0, None,2022-06-15 20:00:00, None,24
12.0,462.0, None, None,3.0, 140.0, None, None, 3.0, 991.0, None,2022-06-15 21:00:00, None,24
11.0,462.0, None, None,2.7, 141.0, None, None, 0.0, 989.0, None,2022-06-15 22:00:00, None,24
12.0,463.0, None, None,2.7, 140.0, None, None, 1.0, 989.0, None,2022-06-15 23:00:00, None,24
11.0,463.0, None, None,2.4, 139.0, None, None, 0.0, 988.0, None,2022-06-16 00:00:00, None,24
10.0,463.0, None, None,2.2, 140.0, None, None, 0.0, 987.0, None,2022-06-16 01:00:00, None,24
10.0,463.0, None, None,2.1, 140.0, None, None, 0.0, 986.0, None,2022-06-16 02:00:00, None,24
10.0,463.0, None, None,1.9, 140.0, None, None, 0.0, 984.0, None,2022-06-16 03:00:00, None,24
11.0,464.0, None, None,2.1, 140.0, None, None, 1.0, 984.0, None,2022-06-16 04:00:00, None,24
12.0,465.0, None, None,2.9, 140.0, None, None, 1.0, 984.0, None,2022-06-16 05:00:00, None,24
15.0,468.0, None, None,2.3, 140.0, None, None, 3.0, 984.0, None,2022-06-16 06:00:00, None,24
20.0,473.0, None, None,2.3, 140.0, None, None, 5.0, 985.0, None,2022-06-16 07:00:00, None,24
22.0,475.0, None, None,2.6, 140.0, None, None, 2.0, 984.0, None,2022-06-16 08:00:00, None,24
24.0,476.0, None, None,3.2, 140.0, None, None, 1.0, 982.0, None,2022-06-16 09:00:00, None,24
23.0,475.0, None, None,7.9, 137.0, None, None, None, 981.0, None,2022-06-16 10:00:00, None,24
23.0,473.0, None, None,8.2, 137.0, None, None, None, 982.0, None,2022-06-16 11:00:00, None,24
24.0,474.0, None, None,6.9, 138.0, None, None, 1.0, 981.0, None,2022-06-16 12:00:00, None,24
25.0,474.0, None, None,8.9, 137.0, None, None, 0.0, 981.0, None,2022-06-16 13:00:00, None,24
25.0,474.0, None, None,12.8, 134.0, None, None, 0.0, 979.0, None,2022-06-16 14:00:00, None,24
24.0,474.0, None, None,7.9, 136.0, None, None, 0.0, 975.0, None,2022-06-16 15:00:00, None,24
24.0,475.0, None, None,7.2, 136.0, None, None, 1.0, 972.0, None,2022-06-16 16:00:00, None,24
23.0,475.0, None, None,8.1, 135.0, None, None, 0.0, 970.0, None,2022-06-16 17:00:00, None,24
19.0,475.0, None, None,5.1, 134.0, None, None, 0.0, 969.0, None,2022-06-16 18:00:00, None,24
20.0,476.0, None, None,4.0, 133.0, None, None, 1.0, 968.0, None,2022-06-16 19:00:00, None,24
17.0,476.0, None, None,3.9, 133.0, None, None, 0.0, 966.0, None,2022-06-16 20:00:00, None,24
14.0,476.0, None, None,2.6, 135.0, None, None, 0.0, 963.0, None,2022-06-16 21:00:00, None,24
14.0,476.0, None, None,1.8, 134.0, None, None, 0.0, 961.0, None,2022-06-16 22:00:00, None,24
14.0,477.0, None, None,1.5, 133.0, None, None, 1.0, 961.0, None,2022-06-16 23:00:00, None,24
14.0,477.0, None, None,1.3, 133.0, None, None, 0.0, 961.0, None,2022-06-17 00:00:00, None,24
14.0,477.0, None, None,1.7, 135.0, None, None, 0.0, 961.0, None,2022-06-17 01:00:00, None,24
14.0,477.0, None, None,2.0, 135.0, None, None, 0.0, 961.0, None,2022-06-17 02:00:00, None,24
14.0,477.0, None, None,3.1, 134.0, None, None, 0.0, 960.0, None,2022-06-17 03:00:00, None,24
12.0,476.0, None, None,3.2, 135.0, None, None, None, 960.0, None,2022-06-17 04:00:00, None,24
11.0,476.0, None, None,3.4, 135.0, None, None, 0.0, 960.0, None,2022-06-17 05:00:00, None,24
9.0,477.0, None, None,3.3, 134.0, None, None, 1.0, 960.0, None,2022-06-17 06:00:00, None,24
3.0,476.0, None, None,4.3, 134.0, None, None, None, 960.0, None,2022-06-17 07:00:00, None,24
1.0,476.0, None, None,5.3, 133.0, None, None, 0.0, 959.0, None,2022-06-17 08:00:00, None,24
None,475.0, None, None,7.2, 132.0, None, None, None, 960.0, None,2022-06-17 09:00:00, None,24
0.0,475.0, None, None,8.4, 134.0, None, None, 0.0, 962.0, None,2022-06-17 10:00:00, None,24
1.0,474.0, None, None,9.9, 134.0, None, None, None, 960.0, None,2022-06-17 11:00:00, None,24
0.0,474.0, None, None,10.9, 134.0, None, None, 0.0, 960.0, None,2022-06-17 12:00:00, None,24
0.0,474.0, None, None,9.2, 133.0, None, None, 0.0, 960.0, None,2022-06-17 13:00:00, None,24
1.0,475.0, None, None,8.1, 130.0, None, None, 1.0, 957.0, None,2022-06-17 14:00:00, None,24
1.0,475.0, None, None,9.1, 129.0, None, None, 0.0, 954.0, None,2022-06-17 15:00:00, None,24
None,474.0, None, None,8.4, 129.0, None, None, None, 952.0, None,2022-06-17 16:00:00, None,24
0.0,475.0, None, None,5.8, 131.0, None, None, None, 948.0, None,2022-06-17 18:00:00, None,24
None,475.0, None, None,6.1, 131.0, None, None, 0.0, 944.0, None,2022-06-17 19:00:00, None,24
0.0,476.0, None, None,3.5, 130.0, None, None, 1.0, 940.0, None,2022-06-17 20:00:00, None,24
2.0,478.0, None, None,3.4, 132.0, None, None, 2.0, 939.0, None,2022-06-17 21:00:00, None,24
3.0,479.0, None, None,3.9, 132.0, None, None, 1.0, 938.0, None,2022-06-17 22:00:00, None,24
3.0,480.0, None, None,3.8, 132.0, None, None, 1.0, 935.0, None,2022-06-17 23:00:00, None,24
