RELATIVE_HUMIDITY1,STANDARD_SNOW,MINIMUM_AIR_TEMPERATURE,max_wnd_spd_10m_pst1hr,MEASURED_WIND_SPEED1,MEASURED_WIND_DIRECTION1,dwpt_temp,min_air_temp_snc_last_reset,DEW_POINT,ATMOSPHERIC_PRESSURE,avg_wnd_dir_10m_pst10mts,ACTUAL_WIND_DIRECTION,MAXIMUM_AIR_TEMPERATURE,snw_dpth,MAXIMUM_MEASURED_WIND_SPEED1,HEIGHT_OF_SNOW,pcpn_amt_pst24hrs,CURRENT_AIR_TEMPERATURE2,CURRENT_AIR_TEMPERATURE1,PRECIPITATION_NEW,max_air_temp_snc_last_reset,PRECIP_DETECTOR_RATIO,ACTUAL_WIND_SPEED,WIND_DIRECTION_STD_DEVIATION1,avg_wnd_spd_10m_pst10mts,air_temp,mslp,pcpn_amt_pst1hr,snwfl_amt_pst1hr,rel_hum,time,stn_pres,week_of_year
75.06, None, None, None, 3.777, 50.88, -16.0, -13.1, -16.0, 998.0, None, None, None, 0.0, None, 0.369, None, None, -12.99, None, -10.8, None, None, 36.69, None, -13.0, 1026.1, -0.2, 0.0, 75.0,2022-12-03 00:00:00, 998.0,49
75.95, None, None, None, 3.961, 61.49, -16.0, -13.6, -16.0, 999.0, None, None, None, 0.0, None, 0.356, None, None, -13.26, None, -10.8, None, None, 34.23, None, -13.3, 1027.1, -0.1, 0.0, 76.0,2022-12-03 01:00:00, 999.0,49
79.13, None, None, None, 3.698, 65.22, -16.0, -14.0, -16.0, 999.0, None, None, None, 0.0, None, 0.27, None, None, -13.98, None, -10.8, None, None, 25.96, None, -14.0, 1027.1, 0.0, 0.0, 79.0,2022-12-03 02:00:00, 999.0,49
78.24, None, None, None, 4.574, 56.04, -16.0, -14.0, -16.0, 999.0, None, None, None, 0.0, None, 0.376, None, None, -13.82, None, -10.8, None, None, 18.85, None, -13.8, 1027.2, -0.4, 0.0, 78.0,2022-12-03 03:00:00, 999.0,49
81.5, None, None, None, 3.06, 80.3, -17.0, -14.5, -17.0, 999.0, None, None, None, 0.0, None, 0.294, None, None, -14.41, None, -10.8, None, None, 32.89, None, -14.4, 1027.2, 0.0, 0.0, 82.0,2022-12-03 04:00:00, 999.0,49
77.2, None, None, None, 4.447, 57.51, -17.0, -14.6, -17.0, 999.0, None, None, None, 0.0, None, 0.362, None, None, -13.84, None, -10.8, None, None, 26.93, None, -13.8, 1027.2, -0.1, 0.0, 77.0,2022-12-03 05:00:00, 999.0,49
77.68, None, None, None, 4.687, 57.23, -17.0, -14.6, -17.0, 1000.0, None, None, None, 0.0, None, 0.356, None, None, -14.03, None, -10.8, None, None, 22.27, None, -14.0, 1028.3, 0.0, 0.0, 78.0,2022-12-03 06:00:00, 1000.0,49
77.7, None, None, None, 4.585, 54.22, -17.0, -14.2, -17.0, 1000.0, None, None, None, 0.0, None, 0.359, None, None, -14.14, None, -13.8, None, None, 27.52, None, -14.1, 1028.3, 0.1, 0.0, 78.0,2022-12-03 07:00:00, 1000.0,49
77.38, None, None, None, 4.182, 57.42, -17.0, -14.3, -17.0, 1000.0, None, None, None, 0.0, None, 0.39, None, None, -14.32, None, -13.8, None, None, 31.46, None, -14.3, 1028.3, 0.0, 0.0, 77.0,2022-12-03 08:00:00, 1000.0,49
77.64, None, None, None, 3.839, 61.23, -17.0, -14.6, -17.0, 1001.0, None, None, None, 0.0, None, 0.441, None, None, -14.13, None, -13.8, None, None, 35.16, None, -14.1, 1029.3, 0.0, 0.0, 78.0,2022-12-03 09:00:00, 1001.0,49
71.11, None, None, None, 5.035, 56.79, -17.0, -14.6, -17.0, 1001.0, None, None, None, 0.0, None, 0.291, None, None, -13.23, None, -13.2, None, None, 27.55, None, -13.2, 1029.3, -0.1, 0.0, 71.0,2022-12-03 10:00:00, 1001.0,49
62.86, None, None, None, 5.024, 60.0, -16.0, -14.6, -16.0, 1002.0, None, None, None, 0.0, None, 0.467, None, None, -11.33, None, -11.3, None, None, 38.39, None, -11.3, 1030.3, 0.8, 0.0, 63.0,2022-12-03 11:00:00, 1002.0,49
60.69, None, None, None, 6.076, 41.24, -16.0, -14.6, -16.0, 1002.0, None, None, None, 0.0, None, 0.411, None, None, -10.65, None, -10.5, None, None, 45.38, None, -10.7, 1030.3, 0.6, 0.0, 61.0,2022-12-03 12:00:00, 1002.0,49
60.88, None, None, None, 4.632, 45.09, -16.0, -14.6, -16.0, 1002.0, None, None, None, 0.0, None, 0.466, None, None, -10.26, None, -10.3, None, None, 50.54, None, -10.3, 1030.3, 0.3, 0.0, 61.0,2022-12-03 13:00:00, 1002.0,49
57.87, None, None, None, 4.805, 42.06, -16.0, -14.6, -16.0, 1002.0, None, None, None, 0.0, None, 0.442, None, None, -10.06, None, -9.9, None, None, 45.29, None, -10.1, 1030.3, -0.3, 0.0, 58.0,2022-12-03 14:00:00, 1002.0,49
59.36, None, None, None, 3.812, 51.32, -16.0, -14.6, -16.0, 1002.0, None, None, None, 0.0, None, 0.4, None, None, -9.99, None, -9.6, None, None, 44.12, None, -10.0, 1030.3, 0.2, 0.0, 59.0,2022-12-03 15:00:00, 1002.0,49
61.22, None, None, None, 1.785, 40.11, -16.0, -14.6, -16.0, 1002.0, None, None, None, 0.0, None, 0.377, None, None, -10.32, None, -9.6, None, None, 59.25, None, -10.3, 1030.3, -0.3, 0.0, 61.0,2022-12-03 16:00:00, 1002.0,49
68.07, None, None, None, 2.839, 51.16, -16.0, -14.6, -16.0, 1002.0, None, None, None, 0.0, None, 0.397, None, None, -11.47, None, -9.6, None, None, 34.73, None, -11.5, 1030.3, 0.0, 0.0, 68.0,2022-12-03 17:00:00, 1002.0,49
70.05, None, None, None, 2.789, 47.79, -16.0, -14.6, -16.0, 1002.0, None, None, None, 0.0, None, 0.48, None, None, -11.95, None, -9.6, None, None, 41.18, None, -12.0, 1030.4, -0.5, 0.0, 70.0,2022-12-03 18:00:00, 1002.0,49
72.27, None, None, None, 3.262, 63.67, -16.0, -12.5, -16.0, 1002.0, None, None, None, 0.0, None, 0.316, None, None, -12.49, None, -11.9, None, None, 25.41, None, -12.5, 1030.4, -0.1, 0.0, 72.0,2022-12-03 19:00:00, 1002.0,49
78.65, None, None, None, 1.731, 82.3, -16.0, -13.6, -16.0, 1002.0, None, None, None, 0.0, None, 0.386, None, None, -13.53, None, -11.9, None, None, 28.83, None, -13.5, 1030.4, 0.0, 0.0, 79.0,2022-12-03 20:00:00, 1002.0,49
77.53, None, None, None, 2.495, 63.2, -16.0, -13.6, -16.0, 1001.0, None, None, None, 0.0, None, 0.391, None, None, -12.98, None, -11.9, None, None, 22.04, None, -13.0, 1029.4, -0.3, 0.0, 78.0,2022-12-03 21:00:00, 1001.0,49
76.55, None, None, None, 4.54, 59.12, -16.0, -13.6, -16.0, 1001.0, None, None, None, 0.0, None, 0.362, None, None, -12.85, None, -11.9, None, None, 23.41, None, -12.9, 1029.3, 0.0, 0.0, 77.0,2022-12-03 22:00:00, 1001.0,49
78.88, None, None, None, 2.134, 68.55, -16.0, -13.6, -16.0, 1001.0, None, None, None, 0.0, None, 0.322, None, None, -13.26, None, -11.9, None, None, 41.38, None, -13.3, 1029.3, 0.0, 0.0, 79.0,2022-12-03 23:00:00, 1001.0,49
77.39, None, None, None, 3.278, 64.73, -16.0, -13.6, -16.0, 1001.0, None, None, None, 0.0, None, 0.435, None, None, -12.82, None, -11.9, None, None, 27.5, None, -12.8, 1029.2, -0.1, 0.0, 77.0,2022-12-04 00:00:00, 1001.0,49
77.09, None, None, None, 3.679, 58.63, -16.0, -13.6, -16.0, 1001.0, None, None, None, 0.0, None, 0.454, None, None, -12.67, None, -11.9, None, None, 22.68, None, -12.7, 1029.2, 0.1, 0.0, 77.0,2022-12-04 01:00:00, 1001.0,49
78.82, None, None, None, 3.584, 68.11, -16.0, -13.6, -16.0, 1000.0, None, None, None, 0.0, None, 0.414, None, None, -12.97, None, -11.9, None, None, 30.76, None, -13.0, 1028.2, 0.0, 0.0, 79.0,2022-12-04 02:00:00, 1000.0,49
75.36, None, None, None, 3.746, 59.52, -15.0, -13.6, -15.0, 1000.0, None, None, None, 0.0, None, 0.447, None, None, -12.31, None, -11.9, None, None, 29.81, None, -12.3, 1028.2, -0.1, 0.0, 75.0,2022-12-04 03:00:00, 1000.0,49
74.15, None, None, None, 4.631, 59.55, -15.0, -13.6, -15.0, 999.0, None, None, None, 0.0, None, 0.395, None, None, -12.16, None, -11.9, None, None, 31.3, None, -12.2, 1027.1, 0.1, 0.0, 74.0,2022-12-04 04:00:00, 999.0,49
77.55, None, None, None, 4.172, 56.3, -15.0, -13.6, -15.0, 998.0, None, None, None, 0.0, None, 0.382, None, None, -12.68, None, -11.9, None, None, 28.75, None, -12.7, 1026.2, 0.0, 0.0, 78.0,2022-12-04 05:00:00, 998.0,49
76.53, None, None, None, 5.431, 57.62, -15.0, -13.6, -15.0, 998.0, None, None, None, 0.0, None, 0.377, None, None, -12.39, None, -11.9, None, None, 26.04, None, -12.4, 1026.2, 0.1, 0.0, 77.0,2022-12-04 06:00:00, 998.0,49
76.62, None, None, None, 4.7, 61.61, -15.0, -12.6, -15.0, 997.0, None, None, None, 0.0, None, 0.375, None, None, -12.37, None, -12.2, None, None, 30.02, None, -12.4, 1025.2, -0.1, 0.0, 77.0,2022-12-04 07:00:00, 997.0,49
75.5, None, None, None, 4.755, 49.25, -15.0, -12.6, -15.0, 997.0, None, None, None, 0.0, None, 0.4, None, None, -12.27, None, -12.1, None, None, 26.31, None, -12.3, 1025.2, 0.0, 0.0, 76.0,2022-12-04 08:00:00, 997.0,49
75.36, None, None, None, 5.27, 54.4, -15.0, -12.6, -15.0, 996.0, None, None, None, 0.0, None, 0.469, None, None, -12.13, None, -12.1, None, None, 25.26, None, -12.1, 1024.2, 0.1, 0.0, 75.0,2022-12-04 09:00:00, 996.0,49
72.59, None, None, None, 5.741, 57.03, -15.0, -12.6, -15.0, 996.0, None, None, None, 0.0, None, 0.364, None, None, -11.28, None, -11.3, None, None, 26.07, None, -11.3, 1024.1, -0.1, 0.0, 73.0,2022-12-04 10:00:00, 996.0,49
66.52, None, None, None, 6.424, 51.71, -14.0, -12.6, -14.0, 996.0, None, None, None, 0.0, None, 0.388, None, None, -9.97, None, -10.0, None, None, 27.07, None, -10.0, 1024.1, 0.8, 0.0, 67.0,2022-12-04 11:00:00, 996.0,49
62.36, None, None, None, 5.991, 46.84, -14.0, -12.6, -14.0, 995.0, None, None, None, 0.0, None, 0.369, None, None, -9.0, None, -8.7, None, None, 41.36, None, -9.0, 1023.0, 0.6, 0.0, 62.0,2022-12-04 12:00:00, 995.0,49
62.4, None, None, None, 4.616, 43.31, -14.0, -12.6, -14.0, 994.0, None, None, None, 0.0, None, 0.378, None, None, -8.84, None, -8.7, None, None, 50.85, None, -8.8, 1022.0, 0.4, 0.0, 62.0,2022-12-04 13:00:00, 994.0,49
62.45, None, None, None, 4.819, 45.35, -14.0, -12.6, -14.0, 994.0, None, None, None, 0.0, None, 0.484, None, None, -8.44, None, -8.5, None, None, 42.2, None, -8.4, 1022.0, -0.7, 0.0, 62.0,2022-12-04 14:00:00, 994.0,49
62.67, None, None, None, 5.402, 48.21, -14.0, -12.6, -14.0, 993.0, None, None, None, 0.0, None, 0.415, None, None, -8.43, None, -8.1, None, None, 40.27, None, -8.4, 1020.9, 0.0, 0.0, 63.0,2022-12-04 15:00:00, 993.0,49
65.11, None, None, None, 4.333, 38.92, -14.0, -12.6, -14.0, 993.0, None, None, None, 0.0, None, 0.39, None, None, -8.71, None, -8.1, None, None, 39.65, None, -8.7, 1020.9, 0.1, 0.0, 65.0,2022-12-04 16:00:00, 993.0,49
68.05, None, None, None, 5.002, 47.76, -14.0, -12.6, -14.0, 993.0, None, None, None, 0.0, None, 0.373, None, None, -9.43, None, -8.1, None, None, 29.19, None, -9.4, 1021.0, 0.0, 0.0, 68.0,2022-12-04 17:00:00, 993.0,49
70.02, None, None, None, 5.812, 52.25, -14.0, -12.6, -14.0, 993.0, None, None, None, 0.0, None, 0.386, None, None, -9.82, None, -8.1, None, None, 22.54, None, -9.8, 1021.0, -0.2, 0.0, 70.0,2022-12-04 18:00:00, 993.0,49
71.98, None, None, None, 6.188, 53.06, -14.0, -10.1, -14.0, 993.0, None, None, None, 0.0, None, 0.414, None, None, -10.02, None, -9.7, None, None, 21.07, None, -10.0, 1021.0, -0.2, 0.0, 72.0,2022-12-04 19:00:00, 993.0,49
71.73, None, None, None, 6.071, 58.48, -14.0, -10.3, -14.0, 993.0, None, None, None, 0.0, None, 0.433, None, None, -9.92, None, -9.7, None, None, 27.92, None, -9.9, 1021.0, 0.0, 0.0, 72.0,2022-12-04 20:00:00, 993.0,49
72.98, None, None, None, 6.362, 57.66, -14.0, -10.3, -14.0, 993.0, None, None, None, 0.0, None, 0.433, None, None, -10.13, None, -9.7, None, None, 25.4, None, -10.1, 1021.0, 0.0, 0.0, 73.0,2022-12-04 21:00:00, 993.0,49
75.07, None, None, None, 5.222, 63.47, -14.0, -10.5, -14.0, 992.0, None, None, None, 0.0, None, 0.35, None, None, -10.44, None, -9.7, None, None, 23.57, None, -10.4, 1019.9, 0.0, 0.0, 75.0,2022-12-04 22:00:00, 992.0,49
75.95, None, None, None, 5.004, 66.7, -14.0, -10.6, -14.0, 993.0, None, None, None, 0.0, None, 0.407, None, None, -10.53, None, -9.7, None, None, 21.71, None, -10.5, 1020.9, -0.1, 0.0, 76.0,2022-12-04 23:00:00, 993.0,49
75.09, None, None, None, 5.328, 57.49, -14.0, -10.6, -14.0, 993.0, None, None, None, 0.0, None, 0.451, None, None, -10.44, None, -9.7, None, None, 21.36, None, -10.4, 1020.9, -0.2, 0.0, 75.0,2022-12-05 00:00:00, 993.0,49
75.69, None, None, None, 5.326, 58.28, -14.0, -10.6, -14.0, 992.0, None, None, None, 0.0, None, 0.372, None, None, -10.57, None, -9.7, None, None, 23.77, None, -10.6, 1019.9, 0.2, 0.0, 76.0,2022-12-05 01:00:00, 992.0,49
77.6, None, None, None, 4.331, 64.86, -14.0, -11.0, -14.0, 992.0, None, None, None, 0.0, None, 0.345, None, None, -10.93, None, -9.7, None, None, 24.51, None, -10.9, 1019.8, -0.2, 0.0, 78.0,2022-12-05 02:00:00, 992.0,49
78.35, None, None, None, 4.157, 64.86, -14.0, -11.0, -14.0, 992.0, None, None, None, 0.0, None, 0.44, None, None, -10.92, None, -9.7, None, None, 22.79, None, -10.9, 1019.8, 0.0, 0.0, 78.0,2022-12-05 03:00:00, 992.0,49
79.24, None, None, None, 3.422, 73.58, -14.0, -11.1, -14.0, 992.0, None, None, None, 0.0, None, 0.478, None, None, -11.11, None, -9.7, None, None, 30.09, None, -11.1, 1019.9, 0.0, 0.0, 79.0,2022-12-05 04:00:00, 992.0,49
81.6, None, None, None, 2.416, 66.05, -14.0, -11.7, -14.0, 991.0, None, None, None, 0.0, None, 0.327, None, None, -11.67, None, -9.7, None, None, 45.2, None, -11.7, 1018.9, 0.0, 0.0, 82.0,2022-12-05 05:00:00, 991.0,49
81.7, None, None, None, 3.201, 64.21, -14.0, -11.9, -14.0, 991.0, None, None, None, 0.0, None, 0.424, None, None, -11.53, None, -9.7, None, None, 33.94, None, -11.5, 1018.9, -0.1, 0.0, 82.0,2022-12-05 06:00:00, 991.0,49
82.7, None, None, None, 1.759, 73.1, -14.0, -12.0, -14.0, 991.0, None, None, None, 0.0, None, 0.426, None, None, -11.91, None, -11.5, None, None, 53.8, None, -11.9, 1018.9, -0.3, 0.0, 83.0,2022-12-05 07:00:00, 991.0,49
83.2, None, None, None, 0.802, 89.4, -14.0, -12.2, -14.0, 991.0, None, None, None, 0.0, None, -0.008, None, None, -12.34, None, -11.5, None, None, 67.87, None, -12.3, 1018.9, 0.0, 0.0, 83.0,2022-12-05 08:00:00, 991.0,49
86.1, None, None, None, 0.998, 103.6, None, None, -14.0, 991.0, None, None, None, None, None, 0.3, None, None, -12.44, None, None, None, None, 43.4, None, None, None, None, None, None,2022-12-05 09:00:00, None,49
81.4, None, None, None, 1.125, 85.9, -13.0, -12.7, -13.0, 991.0, None, None, None, 0.0, None, 0.264, None, None, -11.14, None, -11.2, None, None, 49.11, None, -11.1, 1018.9, -0.3, 0.0, 81.0,2022-12-05 10:00:00, 991.0,49
70.55, None, None, None, 2.857, 53.88, -13.0, -12.7, -13.0, 991.0, None, None, None, 0.0, None, 0.296, None, None, -8.84, None, -8.9, None, None, 49.3, None, -8.8, 1018.8, 1.0, 0.0, 71.0,2022-12-05 11:00:00, 991.0,49
67.54, None, None, None, 2.099, 341.2, -13.0, -12.7, -13.0, 991.0, None, None, None, 0.0, None, 0.497, None, None, -8.67, None, -8.4, None, None, 68.46, None, -8.7, 1018.8, 0.9, 0.0, 68.0,2022-12-05 12:00:00, 991.0,49
67.86, None, None, None, 1.58, 1.904, -12.0, -12.7, -12.0, 990.0, None, None, None, 0.0, None, 0.323, None, None, -8.08, None, -8.0, None, None, 71.14, None, -8.1, 1017.8, 0.3, 0.0, 68.0,2022-12-05 13:00:00, 990.0,49
66.32, None, None, None, 1.659, 58.14, -12.0, -12.7, -12.0, 990.0, None, None, None, 0.0, None, 0.407, None, None, -7.768, None, -7.8, None, None, 59.35, None, -7.8, 1017.8, -0.4, 0.0, 66.0,2022-12-05 14:00:00, 990.0,49
74.74, None, None, None, 1.195, 113.1, -11.0, -12.7, -11.0, 989.0, None, None, None, 0.0, None, 0.326, None, None, -7.843, None, -7.5, None, None, 47.58, None, -7.8, 1016.7, -0.4, 0.0, 75.0,2022-12-05 15:00:00, 989.0,49
80.5, None, None, None, 0.382, 170.7, -11.0, -12.7, -11.0, 989.0, None, None, None, 0.0, None, 0.347, None, None, -8.98, None, -7.5, None, None, 41.3, None, -9.0, 1016.8, 0.1, 0.0, 81.0,2022-12-05 16:00:00, 989.0,49
86.4, None, None, None, 0.04, 168.1, -12.0, -12.7, -12.0, 989.0, None, None, None, 0.0, None, 0.266, None, None, -10.66, None, -7.5, None, None, 36.9, None, -10.7, 1016.9, -0.4, 0.0, 86.0,2022-12-05 17:00:00, 989.0,49
89.3, None, None, None, 0.128, 111.2, -13.0, -12.7, -13.0, 989.0, None, None, None, 0.0, None, 0.389, None, None, -11.93, None, -7.5, None, None, 32.23, None, -11.9, 1016.9, -0.3, 0.0, 89.0,2022-12-05 18:00:00, 989.0,49
89.9, None, None, None, 0.197, 132.3, -14.0, -12.9, -14.0, 989.0, None, None, None, 0.0, None, 0.372, None, None, -12.91, None, -11.9, None, None, 37.72, None, -12.9, 1016.9, -0.4, 0.0, 90.0,2022-12-05 19:00:00, 989.0,49
90.1, None, None, None, 0.14, 100.9, -15.0, -13.5, -15.0, 989.0, None, None, None, 0.0, None, 0.418, None, None, -13.46, None, -11.9, None, None, 19.25, None, -13.5, 1017.0, -0.3, 0.0, 90.0,2022-12-05 20:00:00, 989.0,49
90.9, None, None, None, 0.237, 110.7, -14.0, -13.8, -14.0, 989.0, None, None, None, 0.0, None, 0.472, None, None, -12.82, None, -11.9, None, None, 57.52, None, -12.8, 1017.0, 0.1, 0.0, 91.0,2022-12-05 21:00:00, 989.0,49
90.5, None, None, None, 0.507, 74.35, -12.0, -13.8, -12.0, 989.0, None, None, None, 0.0, None, 0.494, None, None, -10.58, None, -10.6, None, None, 71.02, None, -10.6, 1016.8, 0.0, 0.0, 91.0,2022-12-05 22:00:00, 989.0,49
85.6, None, None, None, 0.628, 73.67, -12.0, -13.8, -12.0, 989.0, None, None, None, 0.0, None, 0.495, None, None, -9.81, None, -9.8, None, None, 61.98, None, -9.8, 1016.7, 0.6, 0.0, 86.0,2022-12-05 23:00:00, 989.0,49
82.4, None, None, None, 0.373, 30.7, -12.0, -13.8, -12.0, 989.0, None, None, None, 0.0, None, 0.461, None, None, -9.5, None, -9.3, None, None, 56.06, None, -9.5, 1016.7, 0.1, 0.0, 82.0,2022-12-06 00:00:00, 989.0,49
87.1, None, None, None, 0.627, 32.56, -11.0, -13.8, -11.0, 989.0, None, None, None, 0.0, None, 0.461, None, None, -9.37, None, -9.3, None, None, 50.5, None, -9.4, 1016.7, 0.3, 0.0, 87.0,2022-12-06 01:00:00, 989.0,49
89.9, None, None, None, 0.517, 28.38, -10.0, -13.8, -10.0, 988.0, None, None, None, 0.0, None, 0.375, None, None, -9.23, None, -9.2, None, None, 62.43, None, -9.2, 1015.7, 0.0, 0.0, 90.0,2022-12-06 02:00:00, 988.0,49
91.4, None, None, None, 0.615, 7.538, -10.0, -13.8, -10.0, 989.0, None, None, None, 0.0, None, 0.385, None, None, -9.24, None, -9.1, None, None, 51.31, None, -9.2, 1016.7, -0.1, 0.0, 91.0,2022-12-06 03:00:00, 989.0,49
92.3, None, None, None, 0.531, 348.3, -10.0, -13.8, -10.0, 989.0, None, None, None, 0.0, None, 0.478, None, None, -9.05, None, -9.1, None, None, 61.25, None, -9.1, 1016.7, 0.0, 0.0, 92.0,2022-12-06 04:00:00, 989.0,49
92.8, None, None, None, 0.488, 355.1, -10.0, -13.8, -10.0, 988.0, None, None, None, 1.0, None, 0.508, None, None, -8.77, None, -8.8, None, None, 53.15, None, -8.8, 1015.7, -0.1, 0.0, 93.0,2022-12-06 05:00:00, 988.0,49
92.7, None, None, None, 0.556, 344.4, -10.0, -13.8, -10.0, 988.0, None, None, None, 0.0, None, 0.418, None, None, -8.67, None, -8.7, None, None, 60.55, None, -8.7, 1015.8, 0.0, 0.0, 93.0,2022-12-06 06:00:00, 988.0,49
92.6, None, None, None, 0.506, 314.9, -9.0, -8.7, -9.0, 988.0, None, None, None, 1.0, None, 0.504, None, None, -8.48, None, -8.4, None, None, 61.28, None, -8.5, 1015.8, 0.3, 0.0, 93.0,2022-12-06 07:00:00, 988.0,49
92.8, None, None, None, 0.24, 330.7, -9.0, -8.7, -9.0, 988.0, None, None, None, 0.0, None, 0.473, None, None, -8.39, None, -8.4, None, None, 63.71, None, -8.4, 1015.8, -0.3, 0.0, 93.0,2022-12-06 08:00:00, 988.0,49
92.8, None, None, None, 0.408, 353.2, -9.0, -8.7, -9.0, 988.0, None, None, None, 1.0, None, 0.514, None, None, -7.854, None, -7.9, None, None, 64.75, None, -7.9, 1015.8, 0.2, 0.0, 93.0,2022-12-06 09:00:00, 988.0,49
92.7, None, None, None, 0.33, 275.2, -9.0, -8.7, -9.0, 988.0, None, None, None, 0.0, None, 0.467, None, None, -7.708, None, -7.7, None, None, 62.07, None, -7.7, 1015.7, 0.0, 0.0, 93.0,2022-12-06 10:00:00, 988.0,49
92.7, None, None, None, 0.258, 2.945, -8.0, -8.7, -8.0, 988.0, None, None, None, 1.0, None, 0.564, None, None, -6.684, None, -6.7, None, None, 64.98, None, -6.7, 1015.6, 0.4, 0.0, 93.0,2022-12-06 11:00:00, 988.0,49
92.8, None, None, None, 0.77, 340.7, -7.0, -8.7, -7.0, 988.0, None, None, None, 1.0, None, 0.66, None, None, -6.252, None, -6.3, None, None, 42.24, None, -6.3, 1015.6, 0.0, 0.0, 93.0,2022-12-06 12:00:00, 988.0,49
91.7, None, None, None, 0.414, 280.3, -6.0, -8.7, -6.0, 988.0, None, None, None, 1.0, None, 0.654, None, None, -5.084, None, -5.1, None, None, 52.14, None, -5.1, 1015.6, 0.3, 0.0, 92.0,2022-12-06 13:00:00, 988.0,49
92.7, None, None, None, 0.326, 282.8, -6.0, -8.7, -6.0, 987.0, None, None, None, 1.0, None, 0.67, None, None, -4.842, None, -4.9, None, None, 32.37, None, -4.8, 1014.5, 0.0, 0.0, 93.0,2022-12-06 14:00:00, 987.0,49
92.8, None, None, None, 0.238, 276.9, -5.0, -8.7, -5.0, 987.0, None, None, None, 0.0, None, 0.486, None, None, -3.943, None, -3.7, None, None, 56.92, None, -3.9, 1014.5, 0.4, 0.0, 93.0,2022-12-06 15:00:00, 987.0,49
94.5, None, None, None, 0.782, 100.4, -4.0, -8.7, -4.0, 987.0, None, None, None, 1.0, None, 0.594, None, None, -3.214, None, -3.0, None, None, 51.79, None, -3.2, 1014.5, -0.1, 0.0, 95.0,2022-12-06 16:00:00, 987.0,49
96.5, None, None, None, 0.432, 128.6, -3.0, -8.7, -3.0, 987.0, None, None, None, 1.0, None, 0.848, None, None, -2.34, None, -2.4, None, None, 46.97, None, -2.3, 1014.5, 0.1, 1.0, 97.0,2022-12-06 17:00:00, 987.0,49
96.6, None, None, None, 0.56, 125.8, -3.0, -8.7, -3.0, 987.0, None, None, None, 1.0, None, 0.654, None, None, -2.805, None, -2.3, None, None, 34.62, None, -2.8, 1014.5, 0.3, 0.0, 97.0,2022-12-06 18:00:00, 987.0,49
97.7, None, None, None, 0.891, 164.9, -1.0, -2.9, -1.0, 987.0, None, None, None, 0.0, None, 0.454, None, None, -0.584, None, -0.4, None, None, 61.17, None, -0.6, 1014.4, 0.0, 0.0, 98.0,2022-12-06 19:00:00, 987.0,49
97.5, None, None, None, 2.939, 166.0, 0.0, -2.9, 0.0, 986.0, None, None, None, 0.0, None, 0.459, None, None, 0.423, None, 0.6, None, None, 35.49, None, 0.4, 1013.3, 0.1, 0.0, 98.0,2022-12-06 20:00:00, 986.0,49
97.6, None, None, None, 3.799, 184.1, 0.0, -2.9, 0.0, 986.0, None, None, None, 1.0, None, 0.59, None, None, 0.764, None, 0.8, None, None, 39.53, None, 0.8, 1013.3, 0.2, 0.0, 98.0,2022-12-06 21:00:00, 986.0,49
96.6, None, None, None, 2.638, 202.0, 0.0, -2.9, 0.0, 986.0, None, None, None, 1.0, None, 0.535, None, None, 0.808, None, 0.9, None, None, 49.38, None, 0.8, 1013.3, 0.0, 0.0, 97.0,2022-12-06 22:00:00, 986.0,49
97.0, None, None, None, 2.031, 172.6, 0.0, -2.9, 0.0, 986.0, None, None, None, 0.0, None, 0.455, None, None, 0.423, None, 0.9, None, None, 25.46, None, 0.4, 1013.3, -0.1, 0.0, 97.0,2022-12-06 23:00:00, 986.0,49
97.3, None, None, None, 1.079, 152.4, 1.0, -2.9, 1.0, 986.0, None, None, None, 1.0, None, 0.903, None, None, 0.923, None, 0.9, None, None, 43.91, None, 0.9, 1013.3, 0.4, 1.0, 97.0,2022-12-07 00:00:00, 986.0,49
97.4, None, None, None, 1.24, 144.6, 0.0, -2.9, 0.0, 986.0, None, None, None, 1.0, None, 0.808, None, None, 0.87, None, 1.0, None, None, 42.31, None, 0.9, 1013.2, 0.0, 0.0, 97.0,2022-12-07 01:00:00, 986.0,49
97.7, None, None, None, 1.911, 145.1, 0.0, -2.9, 0.0, 985.0, None, None, None, 1.0, None, 0.989, None, None, 0.738, None, 1.0, None, None, 32.12, None, 0.7, 1012.2, 0.0, 0.0, 98.0,2022-12-07 02:00:00, 985.0,49
98.2, None, None, None, 3.906, 162.6, 1.0, -2.9, 1.0, 985.0, None, None, None, 1.0, None, 0.911, None, None, 1.04, None, 1.0, None, None, 32.08, None, 1.0, 1012.2, 0.1, 0.0, 98.0,2022-12-07 03:00:00, 985.0,49
98.7, None, None, None, 3.836, 165.3, 0.0, -2.9, 0.0, 985.0, None, None, None, 1.0, None, 1.162, None, None, 0.522, None, 1.0, None, None, 28.41, None, 0.5, 1012.1, 0.2, 1.0, 99.0,2022-12-07 04:00:00, 985.0,49
99.1, None, None, None, 4.184, 166.5, 0.0, -2.9, 0.0, 984.0, None, None, None, 1.0, None, 1.13, None, None, 0.594, None, 1.0, None, None, 21.75, None, 0.6, 1011.1, 0.0, 0.0, 99.0,2022-12-07 05:00:00, 984.0,49
99.3, None, None, None, 3.412, 160.2, 1.0, -2.9, 1.0, 983.0, None, None, None, 1.0, None, 1.145, None, None, 0.907, None, 1.0, None, None, 25.64, None, 0.9, 1010.1, 0.5, 0.0, 99.0,2022-12-07 06:00:00, 983.0,49
99.4, None, None, None, 2.933, 142.4, 1.0, 0.8, 1.0, 983.0, None, None, None, 1.0, None, 1.165, None, None, 0.993, None, 1.0, None, None, 29.21, None, 1.0, 1010.0, 0.3, 0.0, 99.0,2022-12-07 07:00:00, 983.0,49
99.5, None, None, None, 3.37, 155.8, 1.0, 0.7, 1.0, 982.0, None, None, None, 1.0, None, 1.119, None, None, 0.908, None, 1.0, None, None, 29.25, None, 0.9, 1009.0, 0.1, 0.0, 100.0,2022-12-07 08:00:00, 982.0,49
99.6, None, None, None, 3.224, 162.9, 1.0, 0.7, 1.0, 982.0, None, None, None, 1.0, None, 1.205, None, None, 1.055, None, 1.0, None, None, 24.88, None, 1.1, 1008.9, 0.5, 0.0, 100.0,2022-12-07 09:00:00, 982.0,49
99.6, None, None, None, 2.176, 164.9, 1.0, 0.7, 1.0, 982.0, None, None, None, 1.0, None, 1.23, None, None, 1.156, None, 1.2, None, None, 43.24, None, 1.2, 1008.9, 0.0, 0.0, 100.0,2022-12-07 10:00:00, 982.0,49
99.6, None, None, None, 3.131, 144.2, None, None, 1.0, 982.0, None, None, None, None, None, 1.153, None, None, 1.264, None, None, None, None, 30.0, None, None, None, None, None, None,2022-12-07 11:00:00, None,49
99.5, None, None, None, 3.79, 162.5, 1.0, 0.7, 1.0, 981.0, None, None, None, 1.0, None, 1.017, None, None, 1.37, None, 1.5, None, None, 26.41, None, 1.4, 1007.9, 0.4, 0.0, 100.0,2022-12-07 12:00:00, 981.0,49
99.5, None, None, None, 3.707, 179.6, 1.0, 0.7, 1.0, 980.0, None, None, None, 1.0, None, 1.002, None, None, 1.462, None, 1.5, None, None, 21.88, None, 1.5, 1006.9, 0.4, 0.0, 100.0,2022-12-07 13:00:00, 980.0,49
99.6, None, None, None, 1.878, 167.6, 1.0, 0.7, 1.0, 979.0, None, None, None, 1.0, None, 0.977, None, None, 1.27, None, 1.5, None, None, 35.91, None, 1.3, 1005.9, 0.3, 0.0, 100.0,2022-12-07 14:00:00, 979.0,49
99.6, None, None, None, 2.902, 164.3, 1.0, 0.7, 1.0, 978.0, None, None, None, 1.0, None, 0.96, None, None, 1.184, None, 1.5, None, None, 33.31, None, 1.2, 1004.8, 0.0, 0.0, 100.0,2022-12-07 15:00:00, 978.0,49
99.6, None, None, None, 4.845, 177.9, 1.0, 0.7, 1.0, 977.0, None, None, None, 1.0, None, 0.794, None, None, 0.848, None, 1.5, None, None, 23.57, None, 0.8, 1003.8, 0.1, 0.0, 100.0,2022-12-07 16:00:00, 977.0,49
99.5, None, None, None, 2.743, 173.3, 1.0, 0.7, 1.0, 977.0, None, None, None, 1.0, None, 0.899, None, None, 0.913, None, 1.5, None, None, 48.73, None, 0.9, 1003.8, 0.0, 0.0, 100.0,2022-12-07 17:00:00, 977.0,49
99.7, None, None, None, 0.854, 29.28, 1.0, 0.5, 1.0, 976.0, None, None, None, 1.0, None, 0.874, None, None, 0.532, None, 1.5, None, None, 67.17, None, 0.5, 1002.8, -0.4, 0.0, 100.0,2022-12-07 18:00:00, 976.0,49
99.8, None, None, None, 0.616, 354.1, 1.0, 0.5, 1.0, 975.0, None, None, None, 1.0, None, 0.878, None, None, 0.737, None, 0.7, None, None, 68.29, None, 0.7, 1001.7, 0.3, 0.0, 100.0,2022-12-07 19:00:00, 975.0,49
99.9, None, None, None, 0.137, 185.5, 0.0, 0.4, 0.0, 974.0, None, None, None, 1.0, None, 0.842, None, None, 0.448, None, 0.7, None, None, 53.27, None, 0.4, 1000.7, 0.0, 0.0, 100.0,2022-12-07 20:00:00, 974.0,49
100.0, None, None, None, 0.488, 40.08, 0.0, 0.4, 0.0, 974.0, None, None, None, 1.0, None, 0.853, None, None, 0.457, None, 0.7, None, None, 42.81, None, 0.5, 1000.7, -0.3, 0.0, 100.0,2022-12-07 21:00:00, 974.0,49
100.1, None, None, None, 0.958, 16.03, 0.0, 0.4, 0.0, 973.0, None, None, None, 1.0, None, 0.834, None, None, 0.358, None, 0.7, None, None, 54.3, None, 0.4, 999.7, 0.0, 0.0, 100.0,2022-12-07 22:00:00, 973.0,49
100.2, None, None, None, 0.87, 352.2, 0.0, 0.3, 0.0, 971.0, None, None, None, 1.0, None, 0.852, None, None, 0.332, None, 0.7, None, None, 74.19, None, 0.3, 997.6, 0.0, 0.0, 100.0,2022-12-07 23:00:00, 971.0,49
100.2, None, None, None, 0.438, 120.5, 0.0, 0.3, 0.0, 971.0, None, None, None, 1.0, None, 0.833, None, None, 0.398, None, 0.7, None, None, 47.68, None, 0.4, 997.6, 0.0, 0.0, 100.0,2022-12-08 00:00:00, 971.0,49
100.3, None, None, None, 0.195, 165.6, 0.0, 0.3, 0.0, 970.0, None, None, None, 1.0, None, 0.838, None, None, 0.324, None, 0.7, None, None, 58.34, None, 0.3, 996.6, 0.0, 0.0, 100.0,2022-12-08 01:00:00, 970.0,49
100.3, None, None, None, 0.441, 236.1, 0.0, 0.3, 0.0, 970.0, None, None, None, 1.0, None, 0.845, None, None, 0.358, None, 0.7, None, None, 68.5, None, 0.4, 996.6, 0.0, 0.0, 100.0,2022-12-08 02:00:00, 970.0,49
100.4, None, None, None, 1.197, 170.8, 0.0, 0.3, 0.0, 970.0, None, None, None, 1.0, None, 0.713, None, None, 0.426, None, 0.7, None, None, 51.4, None, 0.4, 996.6, 1.0, 0.0, 100.0,2022-12-08 03:00:00, 970.0,49
100.4, None, None, None, 1.243, 73.16, 0.0, 0.3, 0.0, 970.0, None, None, None, 0.0, None, 0.434, None, None, 0.472, None, 0.7, None, None, 79.04, None, 0.5, 996.6, 0.0, 0.0, 100.0,2022-12-08 04:00:00, 970.0,49
100.5, None, None, None, 0.828, 236.1, 0.0, 0.3, 0.0, 968.0, None, None, None, 1.0, None, 0.593, None, None, 0.279, None, 0.7, None, None, 79.97, None, 0.3, 994.6, 0.0, 0.0, 101.0,2022-12-08 05:00:00, 968.0,49
100.5, None, None, None, 1.122, 10.12, 0.0, 0.2, 0.0, 968.0, None, None, None, 0.0, None, 0.396, None, None, 0.246, None, 0.7, None, None, 70.14, None, 0.2, 994.6, 0.0, 0.0, 101.0,2022-12-08 06:00:00, 968.0,49
100.5, None, None, None, 2.684, 203.7, 0.0, 0.2, 0.0, 969.0, None, None, None, 2.0, None, 2.004, None, None, 0.45, None, 0.5, None, None, 42.94, None, 0.5, 995.6, 0.7, 2.0, 101.0,2022-12-08 07:00:00, 969.0,49
100.4, None, None, None, 3.627, 210.8, 1.0, 0.2, 1.0, 970.0, None, None, None, 2.0, None, 2.404, None, None, 0.652, None, 0.6, None, None, 47.91, None, 0.7, 996.6, 0.4, 1.0, 100.0,2022-12-08 08:00:00, 970.0,49
100.0, None, None, None, 8.27, 193.7, 1.0, 0.2, 1.0, 971.0, None, None, None, 3.0, None, 3.207, None, None, 1.399, None, 1.4, None, None, 42.8, None, 1.4, 997.6, 0.2, 1.0, 100.0,2022-12-08 09:00:00, 971.0,49
96.4, None, None, None, 7.399, 188.6, 1.0, 0.2, 1.0, 973.0, None, None, None, 3.0, None, 3.149, None, None, 1.282, None, 1.5, None, None, 36.25, None, 1.3, 999.7, 0.3, 0.0, 96.0,2022-12-08 10:00:00, 973.0,49
95.4, None, None, None, 6.288, 189.5, 1.0, 0.2, 1.0, 974.0, None, None, None, 3.0, None, 3.159, None, None, 1.461, None, 1.5, None, None, 38.11, None, 1.5, 1000.7, -0.1, 0.0, 95.0,2022-12-08 11:00:00, 974.0,49
96.2, None, None, None, 6.395, 196.9, 1.0, 0.2, 1.0, 974.0, None, None, None, 3.0, None, 3.17, None, None, 1.353, None, 1.5, None, None, 41.81, None, 1.4, 1000.7, -0.1, 0.0, 96.0,2022-12-08 12:00:00, 974.0,49
92.8, None, None, None, 5.597, 201.7, 0.0, 0.2, 0.0, 974.0, None, None, None, 3.0, None, 3.123, None, None, 1.382, None, 1.6, None, None, 46.71, None, 1.4, 1000.7, 0.0, 0.0, 93.0,2022-12-08 13:00:00, 974.0,49
93.0, None, None, None, 6.713, 198.7, 0.0, 0.2, 0.0, 974.0, None, None, None, 3.0, None, 2.908, None, None, 0.784, None, 1.6, None, None, 49.81, None, 0.8, 1000.7, 0.0, 0.0, 93.0,2022-12-08 14:00:00, 974.0,49
97.4, None, None, None, 7.522, 183.8, 0.0, 0.2, 0.0, 975.0, None, None, None, 3.0, None, 2.705, None, None, 0.641, None, 1.6, None, None, 33.46, None, 0.6, 1001.8, 0.1, 0.0, 97.0,2022-12-08 15:00:00, 975.0,49
96.5, None, None, None, 4.484, 194.2, 0.0, 0.2, 0.0, 975.0, None, None, None, 3.0, None, 2.57, None, None, 0.247, None, 1.6, None, None, 48.43, None, 0.2, 1001.8, 0.2, 0.0, 97.0,2022-12-08 16:00:00, 975.0,49
96.2, None, None, None, 3.644, 189.1, -1.0, -0.3, -1.0, 976.0, None, None, None, 3.0, None, 2.551, None, None, -0.34, None, 1.6, None, None, 43.21, None, -0.3, 1002.8, -0.2, 0.0, 96.0,2022-12-08 17:00:00, 976.0,49
91.6, None, None, None, 3.182, 193.3, -1.0, -0.3, -1.0, 976.0, None, None, None, 2.0, None, 2.459, None, None, -0.169, None, 1.6, None, None, 45.81, None, -0.2, 1002.8, -0.1, 0.0, 92.0,2022-12-08 18:00:00, 976.0,49
95.8, None, None, None, 3.703, 186.8, -1.0, -0.4, -1.0, 976.0, None, None, None, 3.0, None, 2.548, None, None, -0.337, None, -0.2, None, None, 43.23, None, -0.3, 1002.8, 0.0, 0.0, 96.0,2022-12-08 19:00:00, 976.0,49
96.0, None, None, None, 2.435, 180.8, -1.0, -0.7, -1.0, 976.0, None, None, None, 2.0, None, 2.312, None, None, -0.578, None, -0.2, None, None, 42.67, None, -0.6, 1002.8, 0.1, 0.0, 96.0,2022-12-08 20:00:00, 976.0,49
97.4, None, None, None, 4.474, 186.6, -1.0, -0.7, -1.0, 975.0, None, None, None, 2.0, None, 2.292, None, None, -0.225, None, -0.2, None, None, 37.19, None, -0.2, 1001.8, 0.0, 0.0, 97.0,2022-12-08 21:00:00, 975.0,49
98.6, None, None, None, 5.741, 179.1, -1.0, -0.7, -1.0, 975.0, None, None, None, 2.0, None, 1.516, None, None, -0.448, None, -0.2, None, None, 21.59, None, -0.4, 1001.8, 0.5, -1.0, 99.0,2022-12-08 22:00:00, 975.0,49
98.9, None, None, None, 4.208, 168.7, 0.0, -0.7, 0.0, 975.0, None, None, None, 2.0, None, 2.284, None, None, -0.319, None, -0.2, None, None, 28.78, None, -0.3, 1001.8, -0.2, 1.0, 99.0,2022-12-08 23:00:00, 975.0,49
99.1, None, None, None, 4.842, 176.0, 0.0, -0.7, 0.0, 975.0, None, None, None, 3.0, None, 2.727, None, None, -0.311, None, -0.2, None, None, 22.21, None, -0.3, 1001.8, 0.1, 1.0, 99.0,2022-12-09 00:00:00, 975.0,49
99.2, None, None, None, 4.07, 186.5, 0.0, -0.7, 0.0, 975.0, None, None, None, 3.0, None, 2.744, None, None, -0.176, None, -0.2, None, None, 35.14, None, -0.2, 1001.8, 0.0, 0.0, 99.0,2022-12-09 01:00:00, 975.0,49
99.2, None, None, None, 5.258, 179.7, 0.0, -0.7, 0.0, 975.0, None, None, None, 3.0, None, 3.056, None, None, 0.057, None, 0.1, None, None, 27.78, None, 0.1, 1001.8, 0.4, 1.0, 99.0,2022-12-09 02:00:00, 975.0,49
99.4, None, None, None, 5.101, 177.9, 0.0, -0.7, 0.0, 975.0, None, None, None, 3.0, None, 2.902, None, None, -0.121, None, 0.1, None, None, 27.76, None, -0.1, 1001.8, 0.2, 0.0, 99.0,2022-12-09 03:00:00, 975.0,49
99.4, None, None, None, 5.505, 183.9, 0.0, -0.7, 0.0, 975.0, None, None, None, 6.0, None, 6.008, None, None, -0.116, None, 0.1, None, None, 27.78, None, -0.1, 1001.8, 0.5, 4.0, 99.0,2022-12-09 04:00:00, 975.0,49
99.5, None, None, None, 4.864, 178.8, 0.0, -0.7, 0.0, 975.0, None, None, None, 5.0, None, 4.786, None, None, -0.038, None, 0.1, None, None, 18.56, None, 0.0, 1001.8, 0.4, -1.0, 100.0,2022-12-09 05:00:00, 975.0,49
99.6, None, None, None, 4.501, 180.0, 0.0, -0.7, 0.0, 975.0, None, None, None, 7.0, None, 7.477, None, None, -0.092, None, 0.1, None, None, 24.27, None, -0.1, 1001.8, 0.2, 3.0, 100.0,2022-12-09 06:00:00, 975.0,49
99.7, None, None, None, 3.887, 183.6, 0.0, -0.4, 0.0, 975.0, None, None, None, 7.0, None, 7.053, None, None, -0.357, None, 0.0, None, None, 33.26, None, -0.4, 1001.8, 0.9, 0.0, 100.0,2022-12-09 07:00:00, 975.0,49
99.7, None, None, None, 1.469, 160.7, 0.0, -0.6, 0.0, 975.0, None, None, None, 8.0, None, 7.935, None, None, -0.404, None, 0.0, None, None, 45.56, None, -0.4, 1001.8, 0.4, 1.0, 100.0,2022-12-09 08:00:00, 975.0,49
99.7, None, None, None, 1.133, 169.3, 0.0, -0.6, 0.0, 975.0, None, None, None, 10.0, None, 10.46, None, None, -0.335, None, 0.0, None, None, 40.81, None, -0.3, 1001.8, 0.2, 3.0, 100.0,2022-12-09 09:00:00, 975.0,49
99.8, None, None, None, 0.199, 111.6, 0.0, -0.6, 0.0, 975.0, None, None, None, 10.0, None, 10.43, None, None, -0.372, None, 0.0, None, None, 52.74, None, -0.4, 1001.8, 0.2, 0.0, 100.0,2022-12-09 10:00:00, 975.0,49
99.7, None, None, None, 0.017, 82.6, 0.0, -0.6, 0.0, 975.0, None, None, None, 11.0, None, 10.56, None, None, 0.03, None, 0.0, None, None, 34.28, None, 0.0, 1001.8, 0.0, 0.0, 100.0,2022-12-09 11:00:00, 975.0,49
99.6, None, None, None, 0.0, 196.4, 0.0, -0.6, 0.0, 975.0, None, None, None, 11.0, None, 10.69, None, None, 0.178, None, 0.4, None, None, 40.95, None, 0.2, 1001.8, 1.0, 0.0, 100.0,2022-12-09 12:00:00, 975.0,49
99.4, None, None, None, 0.0, 97.9, 0.0, -0.6, 0.0, 974.0, None, None, None, 14.0, None, 14.34, None, None, 0.409, None, 0.4, None, None, 75.15, None, 0.4, 1000.8, 0.7, 4.0, 99.0,2022-12-09 13:00:00, 974.0,49
99.3, None, None, None, 0.0, 4.574, 0.0, -0.6, 0.0, 974.0, None, None, None, 14.0, None, 14.44, None, None, 0.317, None, 0.4, None, None, 36.05, None, 0.3, 1000.8, 0.3, 0.0, 99.0,2022-12-09 14:00:00, 974.0,49
99.2, None, None, None, 0.22, 24.48, 0.0, -0.6, 0.0, 974.0, None, None, None, 14.0, None, None, None, None, 0.174, None, 0.4, None, None, 39.5, None, 0.2, 1000.8, 0.3, 2.0, 99.0,2022-12-09 15:00:00, 974.0,49
99.3, None, None, None, 0.098, 15.85, 0.0, -0.6, 0.0, 973.0, None, None, None, 11.0, None, 11.2, None, None, -0.196, None, 0.4, None, None, 46.96, None, -0.2, 999.8, 0.0, -3.0, 99.0,2022-12-09 16:00:00, 973.0,49
99.5, None, None, None, 0.0, 10.29, -1.0, -0.6, -1.0, 973.0, None, None, None, 11.0, None, 10.66, None, None, -0.552, None, 0.4, None, None, 45.8, None, -0.6, 999.8, 0.0, -1.0, 100.0,2022-12-09 17:00:00, 973.0,49
99.7, None, None, None, 0.0, 8.26, -1.0, -1.1, -1.0, 973.0, None, None, None, 11.0, None, 11.1, None, None, -1.08, None, 0.4, None, None, 42.88, None, -1.1, 999.8, -0.3, 1.0, 100.0,2022-12-09 18:00:00, 973.0,49
99.7, None, None, None, 0.0, 18.86, -1.0, -1.3, -1.0, 972.0, None, None, None, 11.0, None, 11.41, None, None, -1.319, None, -1.1, None, None, 38.33, None, -1.3, 998.8, 0.0, 1.0, 100.0,2022-12-09 19:00:00, 972.0,49
99.5, None, None, None, 0.0, 16.04, -2.0, -1.7, -2.0, 971.0, None, None, None, 11.0, None, 11.17, None, None, -1.758, None, -1.1, None, None, 41.94, None, -1.8, 997.7, 0.0, 0.0, 100.0,2022-12-09 20:00:00, 971.0,49
99.4, None, None, None, 0.0, 358.8, -2.0, -2.3, -2.0, 971.0, None, None, None, 11.0, None, 11.04, None, None, -2.193, None, -1.1, None, None, 42.05, None, -2.2, 997.8, 0.0, 0.0, 99.0,2022-12-09 21:00:00, 971.0,49
99.3, None, None, None, 0.0, 359.1, -3.0, -2.8, -3.0, 970.0, None, None, None, 11.0, None, 10.88, None, None, -2.853, None, -1.1, None, None, 42.34, None, -2.9, 996.8, -0.1, 0.0, 99.0,2022-12-09 22:00:00, 970.0,49
99.2, None, None, None, 0.0, 356.3, -4.0, -3.5, -4.0, 970.0, None, None, None, 11.0, None, 10.78, None, None, -3.567, None, -1.1, None, None, 40.07, None, -3.6, 996.8, -0.1, 0.0, 99.0,2022-12-09 23:00:00, 970.0,49
