pcpn_amt_pst24hrs,CURRENT_AIR_TEMPERATURE1,max_air_temp_snc_last_reset,rel_hum,max_wnd_spd_10m_pst1hr,avg_wnd_spd_10m_pst10mts,dwpt_temp,air_temp,min_air_temp_snc_last_reset,pcpn_amt_pst1hr,avg_wnd_dir_10m_pst10mts,snwfl_amt_pst1hr,time,snw_dpth,stn_pres,week_of_year
17.6, -0.71, -0.7, -6999.0, 0.0, 0.0, -6999.0, -0.7, -1.4, 0.9, 0.0, -6999.0,2020-12-16 00:00:00, -6999.0, -6999.0,51
17.4, -0.626, -0.6, -6999.0, 0.0, 0.0, -6999.0, -0.6, -1.4, 0.2, 0.0, -6999.0,2020-12-16 01:00:00, -6999.0, -6999.0,51
17.4, -0.485, -0.4, -6999.0, 0.0, 0.0, -6999.0, -0.5, -1.4, 0.3, 0.0, -6999.0,2020-12-16 02:00:00, -6999.0, -6999.0,51
17.3, -0.475, -0.4, -6999.0, 0.0, 0.0, -6999.0, -0.5, -1.4, 0.2, 0.0, -6999.0,2020-12-16 03:00:00, -6999.0, -6999.0,51
17.4, -0.513, -0.4, -6999.0, 0.0, 0.0, -6999.0, -0.5, -1.4, 0.3, 0.0, -6999.0,2020-12-16 04:00:00, -6999.0, -6999.0,51
17.1, -0.485, -0.4, -6999.0, 0.0, 0.0, -6999.0, -0.5, -1.4, 0.0, 0.0, -6999.0,2020-12-16 05:00:00, -6999.0, -6999.0,51
16.4, -0.391, -0.4, -6999.0, 0.0, 0.0, -6999.0, -0.4, -1.4, 0.0, 0.0, -6999.0,2020-12-16 06:00:00, -6999.0, -6999.0,51
15.8, -0.476, -0.4, -6999.0, 0.0, 0.0, -6999.0, -0.5, -0.5, 0.0, 0.0, -6999.0,2020-12-16 07:00:00, -6999.0, -6999.0,51
15.0, -0.297, -0.3, -6999.0, 0.0, 0.0, -6999.0, -0.3, -0.5, 0.2, 0.0, -6999.0,2020-12-16 08:00:00, -6999.0, -6999.0,51
13.5, -0.193, -0.2, -6999.0, 0.0, 0.0, -6999.0, -0.2, -0.5, 0.0, 0.0, -6999.0,2020-12-16 09:00:00, -6999.0, -6999.0,51
11.6, 0.08, 0.1, -6999.0, 0.0, 0.0, -6999.0, 0.1, -0.5, 0.0, 0.0, -6999.0,2020-12-16 10:00:00, -6999.0, -6999.0,51
10.1, 0.07, 0.1, -6999.0, 0.0, 0.0, -6999.0, 0.1, -0.5, 0.0, 0.0, -6999.0,2020-12-16 11:00:00, -6999.0, -6999.0,51
9.7, 0.126, 0.2, -6999.0, 0.0, 0.0, -6999.0, 0.1, -0.5, 0.0, 0.0, -6999.0,2020-12-16 12:00:00, -6999.0, -6999.0,51
9.6, 0.173, 0.2, -6999.0, 0.0, 0.0, -6999.0, 0.2, -0.5, 0.3, 0.0, -6999.0,2020-12-16 13:00:00, -6999.0, -6999.0,51
9.0, 0.145, 0.2, -6999.0, 0.0, 0.0, -6999.0, 0.1, -0.5, 0.0, 0.0, -6999.0,2020-12-16 14:00:00, -6999.0, -6999.0,51
8.8, 0.088, 0.2, -6999.0, 0.0, 0.0, -6999.0, 0.1, -0.5, 0.3, 0.0, -6999.0,2020-12-16 15:00:00, -6999.0, -6999.0,51
8.6, -0.006, 0.2, -6999.0, 0.0, 0.0, -6999.0, 0.0, -0.5, 0.3, 0.0, -6999.0,2020-12-16 16:00:00, -6999.0, -6999.0,51
8.2, 0.004, 0.3, -6999.0, 0.0, 0.0, -6999.0, 0.0, -0.5, 0.2, 0.0, -6999.0,2020-12-16 17:00:00, -6999.0, -6999.0,51
7.8, 0.042, 0.3, -6999.0, 0.0, 0.0, -6999.0, 0.0, -0.5, 0.4, 0.0, -6999.0,2020-12-16 18:00:00, -6999.0, -6999.0,51
7.4, 0.004, 0.1, -6999.0, 0.0, 0.0, -6999.0, 0.0, -0.1, 0.4, 0.0, -6999.0,2020-12-16 19:00:00, -6999.0, -6999.0,51
7.0, -0.053, 0.1, -6999.0, 0.0, 0.0, -6999.0, -0.1, -0.1, 0.4, 0.0, -6999.0,2020-12-16 20:00:00, -6999.0, -6999.0,51
6.7, -0.053, 0.1, -6999.0, 0.0, 0.0, -6999.0, -0.1, -0.1, 0.4, 0.0, -6999.0,2020-12-16 21:00:00, -6999.0, -6999.0,51
6.4, -0.034, 0.1, -6999.0, 0.0, 0.0, -6999.0, 0.0, -0.1, 0.7, 0.0, -6999.0,2020-12-16 22:00:00, -6999.0, -6999.0,51
6.4, -0.043, 0.1, -6999.0, 0.0, 0.0, -6999.0, 0.0, -0.1, 0.9, 0.0, -6999.0,2020-12-16 23:00:00, -6999.0, -6999.0,51
6.7, 0.004, 0.1, -6999.0, 0.0, 0.0, -6999.0, 0.0, -0.1, 1.2, 0.0, -6999.0,2020-12-17 00:00:00, -6999.0, -6999.0,51
8.4, -0.043, 0.1, -6999.0, 0.0, 0.0, -6999.0, 0.0, -0.1, 1.9, 0.0, -6999.0,2020-12-17 01:00:00, -6999.0, -6999.0,51
10.2, -0.034, 0.1, -6999.0, 0.0, 0.0, -6999.0, 0.0, -0.1, 2.1, 0.0, -6999.0,2020-12-17 02:00:00, -6999.0, -6999.0,51
12.8, -0.043, 0.1, -6999.0, 0.0, 0.0, -6999.0, 0.0, -0.1, 2.8, 0.0, -6999.0,2020-12-17 03:00:00, -6999.0, -6999.0,51
14.5, -0.043, 0.1, -6999.0, 0.0, 0.0, -6999.0, 0.0, -0.1, 2.0, 0.0, -6999.0,2020-12-17 04:00:00, -6999.0, -6999.0,51
16.1, -0.043, 0.1, -6999.0, 0.0, 0.0, -6999.0, 0.0, -0.1, 1.6, 0.0, -6999.0,2020-12-17 05:00:00, -6999.0, -6999.0,51
17.1, -0.062, 0.1, -6999.0, 0.0, 0.0, -6999.0, -0.1, -0.1, 1.0, 0.0, -6999.0,2020-12-17 06:00:00, -6999.0, -6999.0,51
18.6, -0.043, 0.0, -6999.0, 0.0, 0.0, -6999.0, 0.0, -0.1, 1.5, 0.0, -6999.0,2020-12-17 07:00:00, -6999.0, -6999.0,51
19.2, -0.034, 0.0, -6999.0, 0.0, 0.0, -6999.0, 0.0, -0.1, 0.8, 0.0, -6999.0,2020-12-17 08:00:00, -6999.0, -6999.0,51
20.0, -0.024, 0.1, -6999.0, 0.0, 0.0, -6999.0, 0.0, -0.1, 0.8, 0.0, -6999.0,2020-12-17 09:00:00, -6999.0, -6999.0,51
21.0, 0.004, 0.1, -6999.0, 0.0, 0.0, -6999.0, 0.0, -0.1, 1.0, 0.0, -6999.0,2020-12-17 10:00:00, -6999.0, -6999.0,51
21.7, 0.154, 0.2, -6999.0, 0.0, 0.0, -6999.0, 0.2, -0.1, 0.7, 0.0, -6999.0,2020-12-17 11:00:00, -6999.0, -6999.0,51
21.9, 0.332, 0.3, -6999.0, 0.0, 0.0, -6999.0, 0.3, -0.1, 0.2, 0.0, -6999.0,2020-12-17 12:00:00, -6999.0, -6999.0,51
21.6, 0.379, 0.5, -6999.0, 0.0, 0.0, -6999.0, 0.4, -0.1, 0.1, 0.0, -6999.0,2020-12-17 13:00:00, -6999.0, -6999.0,51
21.6, 0.322, 0.6, -6999.0, 0.0, 0.0, -6999.0, 0.3, -0.1, 0.0, 0.0, -6999.0,2020-12-17 14:00:00, -6999.0, -6999.0,51
21.3, 0.426, 0.9, -6999.0, 0.0, 0.0, -6999.0, 0.4, -0.1, 0.0, 0.0, -6999.0,2020-12-17 15:00:00, -6999.0, -6999.0,51
21.0, 0.483, 0.9, -6999.0, 0.0, 0.0, -6999.0, 0.5, -0.1, 0.0, 0.0, -6999.0,2020-12-17 16:00:00, -6999.0, -6999.0,51
20.8, 0.334, 0.9, -6999.0, 0.0, 0.0, -6999.0, 0.3, -0.1, 0.0, 0.0, -6999.0,2020-12-17 17:00:00, -6999.0, -6999.0,51
20.4, 0.39, 0.9, -6999.0, 0.0, 0.0, -6999.0, 0.4, -0.1, 0.0, 0.0, -6999.0,2020-12-17 18:00:00, -6999.0, -6999.0,51
20.0, 0.832, 0.8, -6999.0, 0.0, 0.0, -6999.0, 0.8, 0.4, 0.1, 0.0, -6999.0,2020-12-17 19:00:00, -6999.0, -6999.0,51
19.6, 0.568, 1.0, -6999.0, 0.0, 0.0, -6999.0, 0.6, 0.4, 0.0, 0.0, -6999.0,2020-12-17 20:00:00, -6999.0, -6999.0,51
19.2, 0.484, 1.0, -6999.0, 0.0, 0.0, -6999.0, 0.5, 0.4, 0.0, 0.0, -6999.0,2020-12-17 21:00:00, -6999.0, -6999.0,51
18.5, 0.53, 1.0, -6999.0, 0.0, 0.0, -6999.0, 0.5, 0.4, 0.0, 0.0, -6999.0,2020-12-17 22:00:00, -6999.0, -6999.0,51
17.6, 0.559, 1.0, -6999.0, 0.0, 0.0, -6999.0, 0.6, 0.4, 0.0, 0.0, -6999.0,2020-12-17 23:00:00, -6999.0, -6999.0,51
16.4, 0.503, 1.0, -6999.0, 0.0, 0.0, -6999.0, 0.5, 0.4, 0.0, 0.0, -6999.0,2020-12-18 00:00:00, -6999.0, -6999.0,51
14.5, 0.455, 1.0, -6999.0, 0.0, 0.0, -6999.0, 0.5, 0.4, 0.1, 0.0, -6999.0,2020-12-18 01:00:00, -6999.0, -6999.0,51
12.4, 0.606, 1.0, -6999.0, 0.0, 0.0, -6999.0, 0.6, 0.4, 0.0, 0.0, -6999.0,2020-12-18 02:00:00, -6999.0, -6999.0,51
9.8, 0.54, 1.0, -6999.0, 0.0, 0.0, -6999.0, 0.5, 0.4, 0.2, 0.0, -6999.0,2020-12-18 03:00:00, -6999.0, -6999.0,51
8.4, 0.201, 1.0, -6999.0, 0.0, 0.0, -6999.0, 0.2, 0.2, 0.6, 0.0, -6999.0,2020-12-18 04:00:00, -6999.0, -6999.0,51
7.2, 0.201, 1.0, -6999.0, 0.0, 0.0, -6999.0, 0.2, 0.1, 0.4, 0.0, -6999.0,2020-12-18 05:00:00, -6999.0, -6999.0,51
6.5, 0.164, 1.0, -6999.0, 0.0, 0.0, -6999.0, 0.2, 0.1, 0.3, 0.0, -6999.0,2020-12-18 06:00:00, -6999.0, -6999.0,51
5.2, 0.267, 0.3, -6999.0, 0.0, 0.0, -6999.0, 0.3, 0.1, 0.2, 0.0, -6999.0,2020-12-18 07:00:00, -6999.0, -6999.0,51
4.4, 0.333, 0.4, -6999.0, 0.0, 0.0, -6999.0, 0.3, 0.1, 0.1, 0.0, -6999.0,2020-12-18 08:00:00, -6999.0, -6999.0,51
3.9, 0.314, 0.4, -6999.0, 0.0, 0.0, -6999.0, 0.3, 0.1, 0.3, 0.0, -6999.0,2020-12-18 09:00:00, -6999.0, -6999.0,51
3.2, 0.465, 0.5, -6999.0, 0.0, 0.0, -6999.0, 0.5, 0.1, 0.3, 0.0, -6999.0,2020-12-18 10:00:00, -6999.0, -6999.0,51
2.8, 0.567, 0.6, -6999.0, 0.0, 0.0, -6999.0, 0.6, 0.1, 0.3, 0.0, -6999.0,2020-12-18 11:00:00, -6999.0, -6999.0,51
3.2, 0.775, 0.8, -6999.0, 0.0, 0.0, -6999.0, 0.8, 0.1, 0.6, 0.0, -6999.0,2020-12-18 12:00:00, -6999.0, -6999.0,51
5.0, 0.502, 0.8, -6999.0, 0.0, 0.0, -6999.0, 0.5, 0.1, 1.8, 0.0, -6999.0,2020-12-18 13:00:00, -6999.0, -6999.0,51
6.6, 0.578, 0.8, -6999.0, 0.0, 0.0, -6999.0, 0.6, 0.1, 1.6, 0.0, -6999.0,2020-12-18 14:00:00, -6999.0, -6999.0,51
9.8, 0.154, 0.8, -6999.0, 0.0, 0.0, -6999.0, 0.2, 0.1, 3.2, 0.0, -6999.0,2020-12-18 15:00:00, -6999.0, -6999.0,51
12.1, -0.034, 0.8, -6999.0, 0.0, 0.0, -6999.0, 0.0, 0.0, 2.3, 0.0, -6999.0,2020-12-18 16:00:00, -6999.0, -6999.0,51
12.8, 0.051, 0.8, -6999.0, 0.0, 0.0, -6999.0, 0.1, -0.1, 0.7, 0.0, -6999.0,2020-12-18 17:00:00, -6999.0, -6999.0,51
13.2, 0.098, 0.8, -6999.0, 0.0, 0.0, -6999.0, 0.1, -0.1, 0.4, 0.0, -6999.0,2020-12-18 18:00:00, -6999.0, -6999.0,51
14.1, 0.183, 0.5, -6999.0, 0.0, 0.0, -6999.0, 0.2, 0.1, 0.9, 0.0, -6999.0,2020-12-18 19:00:00, -6999.0, -6999.0,51
16.1, 0.371, 0.5, -6999.0, 0.0, 0.0, -6999.0, 0.4, 0.0, 2.0, 0.0, -6999.0,2020-12-18 20:00:00, -6999.0, -6999.0,51
18.7, 0.352, 0.5, -6999.0, 0.0, 0.0, -6999.0, 0.4, 0.0, 2.6, 0.0, -6999.0,2020-12-18 21:00:00, -6999.0, -6999.0,51
21.3, 0.597, 0.8, -6999.0, 0.0, 0.0, -6999.0, 0.6, 0.0, 2.6, 0.0, -6999.0,2020-12-18 22:00:00, -6999.0, -6999.0,51
24.1, 0.615, 0.8, -6999.0, 0.0, 0.0, -6999.0, 0.6, 0.0, 2.8, 0.0, -6999.0,2020-12-18 23:00:00, -6999.0, -6999.0,51
27.1, 0.681, 0.8, -6999.0, 0.0, 0.0, -6999.0, 0.7, 0.0, 3.0, 0.0, -6999.0,2020-12-19 00:00:00, -6999.0, -6999.0,51
29.6, 0.992, 1.0, -6999.0, 0.0, 0.0, -6999.0, 1.0, 0.0, 2.5, 0.0, -6999.0,2020-12-19 01:00:00, -6999.0, -6999.0,51
30.2, 0.784, 2.1, -6999.0, 0.0, 0.0, -6999.0, 0.8, 0.0, 0.6, 0.0, -6999.0,2020-12-19 02:00:00, -6999.0, -6999.0,51
30.0, 1.189, 2.1, -6999.0, 0.0, 0.0, -6999.0, 1.2, 0.0, 0.0, 0.0, -6999.0,2020-12-19 03:00:00, -6999.0, -6999.0,51
29.4, 0.718, 2.1, -6999.0, 0.0, 0.0, -6999.0, 0.7, 0.0, 0.0, 0.0, -6999.0,2020-12-19 04:00:00, -6999.0, -6999.0,51
29.0, 0.54, 2.1, -6999.0, 0.0, 0.0, -6999.0, 0.5, 0.0, 0.0, 0.0, -6999.0,2020-12-19 05:00:00, -6999.0, -6999.0,51
28.9, 0.55, 2.1, -6999.0, 0.0, 0.0, -6999.0, 0.6, 0.0, 0.2, 0.0, -6999.0,2020-12-19 06:00:00, -6999.0, -6999.0,51
28.7, 0.315, 0.7, -6999.0, 0.0, 0.0, -6999.0, 0.3, 0.2, 0.1, 0.0, -6999.0,2020-12-19 07:00:00, -6999.0, -6999.0,51
28.7, 0.352, 0.7, -6999.0, 0.0, 0.0, -6999.0, 0.4, 0.2, 0.0, 0.0, -6999.0,2020-12-19 08:00:00, -6999.0, -6999.0,51
28.4, 0.287, 0.7, -6999.0, 0.0, 0.0, -6999.0, 0.3, 0.2, 0.0, 0.0, -6999.0,2020-12-19 09:00:00, -6999.0, -6999.0,51
28.1, 0.475, 0.7, -6999.0, 0.0, 0.0, -6999.0, 0.5, 0.2, 0.0, 0.0, -6999.0,2020-12-19 10:00:00, -6999.0, -6999.0,51
27.8, 0.822, 0.8, -6999.0, 0.0, 0.0, -6999.0, 0.8, 0.2, 0.0, 0.0, -6999.0,2020-12-19 11:00:00, -6999.0, -6999.0,51
27.2, 1.179, 1.2, -6999.0, 0.0, 0.0, -6999.0, 1.2, 0.2, 0.0, 0.0, -6999.0,2020-12-19 12:00:00, -6999.0, -6999.0,51
25.4, 1.188, 1.5, -6999.0, 0.0, 0.0, -6999.0, 1.2, 0.2, 0.0, 0.0, -6999.0,2020-12-19 13:00:00, -6999.0, -6999.0,51
23.8, 1.188, 1.5, -6999.0, 0.0, 0.0, -6999.0, 1.2, 0.2, 0.0, 0.0, -6999.0,2020-12-19 14:00:00, -6999.0, -6999.0,51
20.6, 0.839, 1.5, -6999.0, 0.0, 0.0, -6999.0, 0.8, 0.2, 0.0, 0.0, -6999.0,2020-12-19 15:00:00, -6999.0, -6999.0,51
18.3, 0.52, 1.5, -6999.0, 0.0, 0.0, -6999.0, 0.5, 0.2, 0.1, 0.0, -6999.0,2020-12-19 16:00:00, -6999.0, -6999.0,51
19.0, 0.126, 1.5, -6999.0, 0.0, 0.0, -6999.0, 0.1, 0.1, 1.4, 0.0, -6999.0,2020-12-19 17:00:00, -6999.0, -6999.0,51
20.9, 0.051, 1.5, -6999.0, 0.0, 0.0, -6999.0, 0.1, 0.0, 2.3, 0.0, -6999.0,2020-12-19 18:00:00, -6999.0, -6999.0,51
22.8, 0.004, 0.1, -6999.0, 0.0, 0.0, -6999.0, 0.0, 0.0, 2.8, 0.0, -6999.0,2020-12-19 19:00:00, -6999.0, -6999.0,51
25.6, 0.004, 0.1, -6999.0, 0.0, 0.0, -6999.0, 0.0, 0.0, 4.8, 0.0, -6999.0,2020-12-19 20:00:00, -6999.0, -6999.0,51
26.6, -0.024, 0.1, -6999.0, 0.0, 0.0, -6999.0, 0.0, -0.1, 3.6, 0.0, -6999.0,2020-12-19 21:00:00, -6999.0, -6999.0,51
28.6, -0.033, 0.1, -6999.0, 0.0, 0.0, -6999.0, 0.0, -0.1, 4.6, 0.0, -6999.0,2020-12-19 22:00:00, -6999.0, -6999.0,51
27.9, -0.043, 0.1, -6999.0, 0.0, 0.0, -6999.0, 0.0, -0.1, 2.1, 0.0, -6999.0,2020-12-19 23:00:00, -6999.0, -6999.0,51
26.5, -0.043, 0.1, -6999.0, 0.0, 0.0, -6999.0, 0.0, -0.1, 1.6, 0.0, -6999.0,2020-12-20 00:00:00, -6999.0, -6999.0,51
26.6, -0.052, 0.1, -6999.0, 0.0, 0.0, -6999.0, -0.1, -0.1, 2.6, 0.0, -6999.0,2020-12-20 01:00:00, -6999.0, -6999.0,51
27.8, -0.043, 0.1, -6999.0, 0.0, 0.0, -6999.0, 0.0, -0.1, 1.8, 0.0, -6999.0,2020-12-20 02:00:00, -6999.0, -6999.0,51
28.5, -0.052, 0.1, -6999.0, 0.0, 0.0, -6999.0, -0.1, -0.1, 0.7, 0.0, -6999.0,2020-12-20 03:00:00, -6999.0, -6999.0,51
30.8, 0.183, 0.3, -6999.0, 0.0, 0.0, -6999.0, 0.2, -0.1, 2.3, 0.0, -6999.0,2020-12-20 04:00:00, -6999.0, -6999.0,51
34.0, -0.005, 0.3, -6999.0, 0.0, 0.0, -6999.0, 0.0, -0.1, 3.2, 0.0, -6999.0,2020-12-20 05:00:00, -6999.0, -6999.0,51
33.8, 0.127, 0.7, -6999.0, 0.0, 0.0, -6999.0, 0.1, -0.1, 0.0, 0.0, -6999.0,2020-12-20 06:00:00, -6999.0, -6999.0,51
33.8, 0.051, 0.5, -6999.0, 0.0, 0.0, -6999.0, 0.1, 0.0, 0.0, 0.0, -6999.0,2020-12-20 07:00:00, -6999.0, -6999.0,51
33.8, 0.315, 0.5, -6999.0, 0.0, 0.0, -6999.0, 0.3, 0.0, 0.0, 0.0, -6999.0,2020-12-20 08:00:00, -6999.0, -6999.0,51
33.8, 0.164, 0.5, -6999.0, 0.0, 0.0, -6999.0, 0.2, 0.0, 0.0, 0.0, -6999.0,2020-12-20 09:00:00, -6999.0, -6999.0,51
33.8, 0.07, 0.5, -6999.0, 0.0, 0.0, -6999.0, 0.1, 0.0, 0.0, 0.0, -6999.0,2020-12-20 10:00:00, -6999.0, -6999.0,51
36.6, 0.343, 0.6, -6999.0, 0.0, 0.0, -6999.0, 0.3, 0.0, 2.8, 0.0, -6999.0,2020-12-20 11:00:00, -6999.0, -6999.0,51
37.0, 0.577, 0.8, -6999.0, 0.0, 0.0, -6999.0, 0.6, 0.0, 0.4, 0.0, -6999.0,2020-12-20 12:00:00, -6999.0, -6999.0,51
37.4, 1.113, 1.1, -6999.0, 0.0, 0.0, -6999.0, 1.1, 0.0, 0.4, 0.0, -6999.0,2020-12-20 13:00:00, -6999.0, -6999.0,51
37.4, 0.821, 1.2, -6999.0, 0.0, 0.0, -6999.0, 0.8, 0.0, 0.1, 0.0, -6999.0,2020-12-20 14:00:00, -6999.0, -6999.0,51
37.4, 1.273, 1.4, -6999.0, 0.0, 0.0, -6999.0, 1.3, 0.0, 0.0, 0.0, -6999.0,2020-12-20 15:00:00, -6999.0, -6999.0,51
37.4, 0.831, 1.8, -6999.0, 0.0, 0.0, -6999.0, 0.8, 0.0, 0.0, 0.0, -6999.0,2020-12-20 16:00:00, -6999.0, -6999.0,51
36.2, 0.992, 1.8, -6999.0, 0.0, 0.0, -6999.0, 1.0, 0.0, 0.2, 0.0, -6999.0,2020-12-20 17:00:00, -6999.0, -6999.0,51
34.2, 0.634, 1.8, -6999.0, 0.0, 0.0, -6999.0, 0.6, 0.0, 0.3, 0.0, -6999.0,2020-12-20 18:00:00, -6999.0, -6999.0,51
31.4, 0.935, 1.0, -6999.0, 0.0, 0.0, -6999.0, 0.9, 0.5, 0.1, 0.0, -6999.0,2020-12-20 19:00:00, -6999.0, -6999.0,51
26.6, 1.264, 1.7, -6999.0, 0.0, 0.0, -6999.0, 1.3, 0.5, 0.0, 0.0, -6999.0,2020-12-20 20:00:00, -6999.0, -6999.0,51
23.0, 0.512, 1.7, -6999.0, 0.0, 0.0, -6999.0, 0.5, 0.5, 0.0, 0.0, -6999.0,2020-12-20 21:00:00, -6999.0, -6999.0,51
18.6, 0.596, 1.7, -6999.0, 0.0, 0.0, -6999.0, 0.6, 0.4, 0.2, 0.0, -6999.0,2020-12-20 22:00:00, -6999.0, -6999.0,51
16.5, 0.324, 1.7, -6999.0, 0.0, 0.0, -6999.0, 0.3, 0.3, 0.0, 0.0, -6999.0,2020-12-20 23:00:00, -6999.0, -6999.0,51
14.9, 0.032, 1.7, -6999.0, 0.0, 0.0, -6999.0, 0.0, 0.0, 0.1, 0.0, -6999.0,2020-12-21 00:00:00, -6999.0, -6999.0,51
12.3, -0.1, 1.7, -6999.0, 0.0, 0.0, -6999.0, -0.1, -0.1, 0.0, 0.0, -6999.0,2020-12-21 01:00:00, -6999.0, -6999.0,51
10.5, -0.212, 1.7, -6999.0, 0.0, 0.0, -6999.0, -0.2, -0.3, 0.1, 0.0, -6999.0,2020-12-21 02:00:00, -6999.0, -6999.0,51
9.8, -0.4, 1.7, -6999.0, 0.0, 0.0, -6999.0, -0.4, -0.4, 0.1, 0.0, -6999.0,2020-12-21 03:00:00, -6999.0, -6999.0,51
7.5, -0.701, 1.7, -6999.0, 0.0, 0.0, -6999.0, -0.7, -0.8, 0.0, 0.0, -6999.0,2020-12-21 04:00:00, -6999.0, -6999.0,51
4.3, -0.89, 1.7, -6999.0, 0.0, 0.0, -6999.0, -0.9, -1.0, 0.0, 0.0, -6999.0,2020-12-21 05:00:00, -6999.0, -6999.0,51
4.3, -0.955, 1.7, -6999.0, 0.0, 0.0, -6999.0, -1.0, -1.1, 0.0, 0.0, -6999.0,2020-12-21 06:00:00, -6999.0, -6999.0,51
4.3, -1.153, -1.0, -6999.0, 0.0, 0.0, -6999.0, -1.2, -1.2, 0.1, 0.0, -6999.0,2020-12-21 07:00:00, -6999.0, -6999.0,51
4.3, -1.492, -1.0, -6999.0, 0.0, 0.0, -6999.0, -1.5, -1.5, 0.1, 0.0, -6999.0,2020-12-21 08:00:00, -6999.0, -6999.0,51
4.3, -1.652, -1.0, -6999.0, 0.0, 0.0, -6999.0, -1.7, -1.7, 0.0, 0.0, -6999.0,2020-12-21 09:00:00, -6999.0, -6999.0,51
4.3, -1.454, -1.0, -6999.0, 0.0, 0.0, -6999.0, -1.5, -1.7, 0.0, 0.0, -6999.0,2020-12-21 10:00:00, -6999.0, -6999.0,51
1.5, -1.19, -1.0, -6999.0, 0.0, 0.0, -6999.0, -1.2, -1.7, 0.0, 0.0, -6999.0,2020-12-21 11:00:00, -6999.0, -6999.0,51
1.1, -0.946, -0.8, -6999.0, 0.0, 0.0, -6999.0, -0.9, -1.7, 0.0, 0.0, -6999.0,2020-12-21 12:00:00, -6999.0, -6999.0,51
0.9, -1.078, -0.8, -6999.0, 0.0, 0.0, -6999.0, -1.1, -1.7, 0.2, 0.0, -6999.0,2020-12-21 13:00:00, -6999.0, -6999.0,51
0.9, -0.946, -0.8, -6999.0, 0.0, 0.0, -6999.0, -0.9, -1.7, 0.1, 0.0, -6999.0,2020-12-21 14:00:00, -6999.0, -6999.0,51
1.2, -1.294, -0.8, -6999.0, 0.0, 0.0, -6999.0, -1.3, -1.7, 0.3, 0.0, -6999.0,2020-12-21 15:00:00, -6999.0, -6999.0,51
1.7, -1.031, -0.8, -6999.0, 0.0, 0.0, -6999.0, -1.0, -1.7, 0.5, 0.0, -6999.0,2020-12-21 16:00:00, -6999.0, -6999.0,51
1.7, -0.607, -0.5, -6999.0, 0.0, 0.0, -6999.0, -0.6, -1.7, 0.2, 0.0, -6999.0,2020-12-21 17:00:00, -6999.0, -6999.0,51
1.4, -1.021, -0.5, -6999.0, 0.0, 0.0, -6999.0, -1.0, -1.7, 0.0, 0.0, -6999.0,2020-12-21 18:00:00, -6999.0, -6999.0,51
1.6, -1.002, -0.9, -6999.0, 0.0, 0.0, -6999.0, -1.0, -1.1, 0.2, 0.0, -6999.0,2020-12-21 19:00:00, -6999.0, -6999.0,51
1.6, -1.106, -0.9, -6999.0, 0.0, 0.0, -6999.0, -1.1, -1.1, 0.0, 0.0, -6999.0,2020-12-21 20:00:00, -6999.0, -6999.0,51
1.8, -1.134, -0.9, -6999.0, 0.0, 0.0, -6999.0, -1.1, -1.2, 0.2, 0.0, -6999.0,2020-12-21 21:00:00, -6999.0, -6999.0,51
1.6, -1.087, -0.9, -6999.0, 0.0, 0.0, -6999.0, -1.1, -1.2, 0.0, 0.0, -6999.0,2020-12-21 22:00:00, -6999.0, -6999.0,51
1.6, -1.144, -0.9, -6999.0, 0.0, 0.0, -6999.0, -1.1, -1.2, 0.0, 0.0, -6999.0,2020-12-21 23:00:00, -6999.0, -6999.0,51
1.8, -1.247, -0.9, -6999.0, 0.0, 0.0, -6999.0, -1.2, -1.3, 0.2, 0.0, -6999.0,2020-12-22 00:00:00, -6999.0, -6999.0,51
1.8, -1.313, -0.9, -6999.0, 0.0, 0.0, -6999.0, -1.3, -1.5, 0.0, 0.0, -6999.0,2020-12-22 01:00:00, -6999.0, -6999.0,51
1.8, -1.605, -0.9, -6999.0, 0.0, 0.0, -6999.0, -1.6, -1.7, 0.0, 0.0, -6999.0,2020-12-22 02:00:00, -6999.0, -6999.0,51
1.8, -1.926, -0.9, -6999.0, 0.0, 0.0, -6999.0, -1.9, -1.9, 0.0, 0.0, -6999.0,2020-12-22 03:00:00, -6999.0, -6999.0,51
1.8, -1.963, -0.9, -6999.0, 0.0, 0.0, -6999.0, -2.0, -2.1, 0.0, 0.0, -6999.0,2020-12-22 04:00:00, -6999.0, -6999.0,51
1.8, -2.076, -0.9, -6999.0, 0.0, 0.0, -6999.0, -2.1, -2.1, 0.0, 0.0, -6999.0,2020-12-22 05:00:00, -6999.0, -6999.0,51
1.8, -2.359, -0.9, -6999.0, 0.0, 0.0, -6999.0, -2.4, -2.4, 0.1, 0.0, -6999.0,2020-12-22 06:00:00, -6999.0, -6999.0,51
1.8, -2.785, -2.3, -6999.0, 0.0, 0.0, -6999.0, -2.8, -2.8, 0.0, 0.0, -6999.0,2020-12-22 07:00:00, -6999.0, -6999.0,51
1.8, -2.784, -2.3, -6999.0, 0.0, 0.0, -6999.0, -2.8, -3.0, 0.0, 0.0, -6999.0,2020-12-22 08:00:00, -6999.0, -6999.0,51
1.8, -2.567, -2.3, -6999.0, 0.0, 0.0, -6999.0, -2.6, -3.0, 0.1, 0.0, -6999.0,2020-12-22 09:00:00, -6999.0, -6999.0,51
1.8, -2.803, -2.3, -6999.0, 0.0, 0.0, -6999.0, -2.8, -3.0, 0.0, 0.0, -6999.0,2020-12-22 10:00:00, -6999.0, -6999.0,51
1.8, -3.021, -2.3, -6999.0, 0.0, 0.0, -6999.0, -3.0, -3.1, 0.0, 0.0, -6999.0,2020-12-22 11:00:00, -6999.0, -6999.0,51
1.8, -2.955, -2.3, -6999.0, 0.0, 0.0, -6999.0, -3.0, -3.1, 0.0, 0.0, -6999.0,2020-12-22 12:00:00, -6999.0, -6999.0,51
1.6, -2.642, -2.3, -6999.0, 0.0, 0.0, -6999.0, -2.6, -3.1, 0.0, 0.0, -6999.0,2020-12-22 13:00:00, -6999.0, -6999.0,51
1.6, -2.973, -2.3, -6999.0, 0.0, 0.0, -6999.0, -3.0, -3.1, 0.0, 0.0, -6999.0,2020-12-22 14:00:00, -6999.0, -6999.0,51
1.3, -3.865, -2.3, -6999.0, 0.0, 0.0, -6999.0, -3.9, -3.9, 0.0, 0.0, -6999.0,2020-12-22 15:00:00, -6999.0, -6999.0,51
1.0, -4.627, -2.3, -6999.0, 0.0, 0.0, -6999.0, -4.6, -4.6, 0.2, 0.0, -6999.0,2020-12-22 16:00:00, -6999.0, -6999.0,51
0.8, -5.191, -2.3, -6999.0, 0.0, 0.0, -6999.0, -5.2, -5.3, 0.1, 0.0, -6999.0,2020-12-22 17:00:00, -6999.0, -6999.0,51
1.0, -5.316, -2.3, -6999.0, 0.0, 0.0, -6999.0, -5.3, -5.3, 0.2, 0.0, -6999.0,2020-12-22 18:00:00, -6999.0, -6999.0,51
0.8, -6.154, -5.3, -6999.0, 0.0, 0.0, -6999.0, -6.2, -6.3, 0.0, 0.0, -6999.0,2020-12-22 19:00:00, -6999.0, -6999.0,51
1.1, -6.658, -5.3, -6999.0, 0.0, 0.0, -6999.0, -6.7, -6.7, 0.3, 0.0, -6999.0,2020-12-22 20:00:00, -6999.0, -6999.0,51
0.9, None, -5.3, -6999.0, 0.0, 0.0, -6999.0, -7.1, -7.2, 0.0, 0.0, -6999.0,2020-12-22 21:00:00, -6999.0, -6999.0,51
1.1, -6.976, -5.3, -6999.0, 0.0, 0.0, -6999.0, -7.0, -7.4, 0.2, 0.0, -6999.0,2020-12-22 22:00:00, -6999.0, -6999.0,51
1.1, -6.219, -5.3, -6999.0, 0.0, 0.0, -6999.0, -6.2, -7.4, 0.0, 0.0, -6999.0,2020-12-22 23:00:00, -6999.0, -6999.0,51
