pcpn_amt_pst24hrs,SWE,cum_pcpn_amt,ONE_DAY_SNOW,air_temp_1,snw_dpth,MAX_TEMP,ONE_DAY_PRECIPITATION,pcpn_amt_pst1hr,snw_dpth_wtr_equiv,MIN_TEMP,time,SNOW_ON_THE_GROUND,week_of_year
25.0, None,897.0, None, 4.7, 23.0, None, None, 1.0,-16.0, None,2021-10-22 00:00:00, None,43
25.0, None,898.0, None, 4.6, 22.0, None, None, 1.0,-16.0, None,2021-10-22 01:00:00, None,43
23.0, None,897.0, None, 4.6, 20.0, None, None, None,-16.0, None,2021-10-22 02:00:00, None,43
25.0, None,900.0, None, 4.7, 20.0, None, None, 3.0,-16.0, None,2021-10-22 03:00:00, None,43
27.0, None,901.0, None, 4.8, 20.0, None, None, 1.0,-16.0, None,2021-10-22 04:00:00, None,43
25.0, None,900.0, None, 4.5, 20.0, None, None, None,-16.0, None,2021-10-22 05:00:00, None,43
31.0, None,905.0, None, 4.4, 20.0, None, None, 5.0,-16.0, None,2021-10-22 06:00:00, None,43
31.0, None,905.0, None, 4.1, 20.0, None, None, 0.0,-16.0, None,2021-10-22 07:00:00, None,43
31.0, None,906.0, None, 3.9, 20.0, None, None, 1.0,-16.0, None,2021-10-22 08:00:00, None,43
31.0, None,906.0, None, 3.8, 20.0, None, None, 0.0,-16.0, None,2021-10-22 09:00:00, None,43
31.0, None,906.0, None, 3.8, 20.0, None, None, 0.0,-16.0, None,2021-10-22 10:00:00, None,43
30.0, None,906.0, None, 3.9, 20.0, None, None, 0.0,-16.0, None,2021-10-22 11:00:00, None,43
30.0, None,906.0, None, 4.2, 20.0, None, None, 0.0,-16.0, None,2021-10-22 12:00:00, None,43
30.0, None,906.0, None, 4.1, 20.0, None, None, 0.0,-16.0, None,2021-10-22 13:00:00, None,43
30.0, None,906.0, None, 4.5, 20.0, None, None, 0.0,-16.0, None,2021-10-22 14:00:00, None,43
28.0, None,906.0, None, 5.1, 19.0, None, None, 0.0,-16.0, None,2021-10-22 15:00:00, None,43
26.0, None,906.0, None, 4.2, -14.0, None, None, 0.0,-16.0, None,2021-10-22 16:00:00, None,43
21.0, None,906.0, None, 3.5, 23.0, None, None, 0.0,-16.0, None,2021-10-22 17:00:00, None,43
16.0, None,906.0, None, 2.9, 21.0, None, None, 0.0,-16.0, None,2021-10-22 18:00:00, None,43
16.0, None,906.0, None, 2.5, 23.0, None, None, 0.0,-16.0, None,2021-10-22 19:00:00, None,43
14.0, None,906.0, None, 2.2, 24.0, None, None, 0.0,-16.0, None,2021-10-22 20:00:00, None,43
12.0, None,906.0, None, 2.0, 25.0, None, None, 0.0,-16.0, None,2021-10-22 21:00:00, None,43
10.0, None,906.0, None, 2.0, 25.0, None, None, 0.0,-16.0, None,2021-10-22 22:00:00, None,43
11.0, None,907.0, None, 2.0, 25.0, None, None, 1.0,-17.0, None,2021-10-22 23:00:00, None,43
9.0, None,906.0, None, 2.1, 25.0, None, None, None,-16.0, None,2021-10-23 00:00:00, None,43
8.0, None,906.0, None, 1.9, 22.0, None, None, 0.0,-16.0, None,2021-10-23 01:00:00, None,43
9.0, None,906.0, None, 1.8, 21.0, None, None, 0.0,-16.0, None,2021-10-23 02:00:00, None,43
7.0, None,907.0, None, 1.7, 20.0, None, None, 1.0,-16.0, None,2021-10-23 03:00:00, None,43
7.0, None,908.0, None, 1.7, 22.0, None, None, 1.0,-16.0, None,2021-10-23 04:00:00, None,43
9.0, None,909.0, None, 2.1, 22.0, None, None, 1.0,-16.0, None,2021-10-23 05:00:00, None,43
5.0, None,910.0, None, 2.2, 22.0, None, None, 1.0,-17.0, None,2021-10-23 06:00:00, None,43
8.0, None,913.0, None, 1.9, 22.0, None, None, 3.0,-16.0, None,2021-10-23 07:00:00, None,43
8.0, None,914.0, None, 2.4, 21.0, None, None, 1.0,-16.0, None,2021-10-23 08:00:00, None,43
10.0, None,916.0, None, 2.8, 22.0, None, None, 2.0,-16.0, None,2021-10-23 09:00:00, None,43
11.0, None,917.0, None, 3.1, 21.0, None, None, 1.0,-16.0, None,2021-10-23 10:00:00, None,43
14.0, None,920.0, None, 3.6, 23.0, None, None, 3.0,-17.0, None,2021-10-23 11:00:00, None,43
16.0, None,922.0, None, 3.8, 24.0, None, None, 2.0,-17.0, None,2021-10-23 12:00:00, None,43
17.0, None,923.0, None, 4.1, 22.0, None, None, 1.0,-16.0, None,2021-10-23 13:00:00, None,43
18.0, None,924.0, None, 4.4, 22.0, None, None, 1.0,-16.0, None,2021-10-23 14:00:00, None,43
18.0, None,924.0, None, 4.7, 22.0, None, None, 0.0,-16.0, None,2021-10-23 15:00:00, None,43
19.0, None,925.0, None, 4.7, 24.0, None, None, 1.0,-16.0, None,2021-10-23 16:00:00, None,43
20.0, None,926.0, None, 4.1, 21.0, None, None, 1.0,-16.0, None,2021-10-23 17:00:00, None,43
23.0, None,929.0, None, 4.0, 21.0, None, None, 3.0,-17.0, None,2021-10-23 18:00:00, None,43
23.0, None,929.0, None, 3.5, 21.0, None, None, 0.0,-17.0, None,2021-10-23 19:00:00, None,43
26.0, None,932.0, None, 3.6, 21.0, None, None, 3.0,-17.0, None,2021-10-23 20:00:00, None,43
27.0, None,933.0, None, 3.4, 25.0, None, None, 1.0,-17.0, None,2021-10-23 21:00:00, None,43
27.0, None,933.0, None, 2.9, 26.0, None, None, 0.0,-17.0, None,2021-10-23 22:00:00, None,43
26.0, None,933.0, None, 2.8, 25.0, None, None, 0.0,-17.0, None,2021-10-23 23:00:00, None,43
27.0, None,933.0, None, 3.0, 25.0, None, None, 0.0,-17.0, None,2021-10-24 00:00:00, None,43
28.0, None,934.0, None, 2.9, 25.0, None, None, 1.0,-17.0, None,2021-10-24 01:00:00, None,43
28.0, None,934.0, None, 3.4, 21.0, None, None, 0.0,-17.0, None,2021-10-24 02:00:00, None,43
27.0, None,934.0, None, 3.6, 20.0, None, None, 0.0,-17.0, None,2021-10-24 03:00:00, None,43
27.0, None,935.0, None, 3.5, 21.0, None, None, 1.0,-16.0, None,2021-10-24 04:00:00, None,43
26.0, None,935.0, None, 3.5, 20.0, None, None, 0.0,-16.0, None,2021-10-24 05:00:00, None,43
25.0, None,935.0, None, 3.2, 24.0, None, None, 0.0,-16.0, None,2021-10-24 06:00:00, None,43
22.0, None,935.0, None, 3.4, 24.0, None, None, 0.0,-16.0, None,2021-10-24 07:00:00, None,43
22.0, None,936.0, None, 3.6, 24.0, None, None, 1.0,-17.0, None,2021-10-24 08:00:00, None,43
21.0, None,937.0, None, 3.4, 21.0, None, None, 1.0,-17.0, None,2021-10-24 09:00:00, None,43
24.0, None,941.0, None, 3.1, 22.0, None, None, 4.0,-16.0, None,2021-10-24 10:00:00, None,43
26.0, None,946.0, None, 4.2, 19.0, None, None, 5.0,-17.0, None,2021-10-24 11:00:00, None,43
26.0, None,948.0, None, 4.2, 21.0, None, None, 2.0,-16.0, None,2021-10-24 12:00:00, None,43
24.0, None,947.0, None, 0.5, 21.0, None, None, None,-17.0, None,2021-10-24 13:00:00, None,43
29.0, None,953.0, None, 0.0, 24.0, None, None, 6.0,-16.0, None,2021-10-24 14:00:00, None,43
35.0, None,959.0, None, 1.9, 26.0, None, None, 6.0,-16.0, None,2021-10-24 15:00:00, None,43
35.0, None,960.0, None, 2.1, 25.0, None, None, 1.0,-16.0, None,2021-10-24 16:00:00, None,43
34.0, None,960.0, None, 2.4, 21.0, None, None, 0.0,-16.0, None,2021-10-24 17:00:00, None,43
31.0, None,960.0, None, 2.3, 19.0, None, None, 0.0,-16.0, None,2021-10-24 18:00:00, None,43
32.0, None,961.0, None, 2.5, 24.0, None, None, 1.0,-16.0, None,2021-10-24 19:00:00, None,43
30.0, None,962.0, None, 2.5, 20.0, None, None, 1.0,-17.0, None,2021-10-24 20:00:00, None,43
31.0, None,964.0, None, 2.7, 19.0, None, None, 2.0,-17.0, None,2021-10-24 21:00:00, None,43
32.0, None,965.0, None, 2.6, 23.0, None, None, 1.0,-17.0, None,2021-10-24 22:00:00, None,43
34.0, None,967.0, None, 2.7, 20.0, None, None, 2.0,-17.0, None,2021-10-24 23:00:00, None,43
35.0, None,968.0, None, 2.7, 21.0, None, None, 1.0,-17.0, None,2021-10-25 00:00:00, None,43
36.0, None,970.0, None, 2.6, 20.0, None, None, 2.0,-17.0, None,2021-10-25 01:00:00, None,43
37.0, None,971.0, None, 2.3, 21.0, None, None, 1.0,-17.0, None,2021-10-25 02:00:00, None,43
40.0, None,974.0, None, 1.8, 23.0, None, None, 3.0,-17.0, None,2021-10-25 03:00:00, None,43
41.0, None,976.0, None, 2.0, 24.0, None, None, 2.0,-17.0, None,2021-10-25 04:00:00, None,43
44.0, None,979.0, None, 1.8, 23.0, None, None, 3.0,-17.0, None,2021-10-25 05:00:00, None,43
47.0, None,982.0, None, 1.8, 25.0, None, None, 3.0,-17.0, None,2021-10-25 06:00:00, None,43
49.0, None,984.0, None, 2.3, 23.0, None, None, 2.0,-17.0, None,2021-10-25 07:00:00, None,43
51.0, None,987.0, None, 2.4, 24.0, None, None, 3.0,-17.0, None,2021-10-25 08:00:00, None,43
53.0, None,990.0, None, 2.2, 24.0, None, None, 3.0,-17.0, None,2021-10-25 09:00:00, None,43
51.0, None,992.0, None, 2.1, 23.0, None, None, 2.0,-17.0, None,2021-10-25 10:00:00, None,43
48.0, None,994.0, None, 2.1, 24.0, None, None, 2.0,-17.0, None,2021-10-25 11:00:00, None,43
50.0, None,998.0, None, 2.4, 21.0, None, None, 4.0,-17.0, None,2021-10-25 12:00:00, None,43
54.0, None,1001.0, None, 3.2, 17.0, None, None, 3.0,-17.0, None,2021-10-25 13:00:00, None,43
52.0, None,1005.0, None, 4.1, 23.0, None, None, 4.0,-17.0, None,2021-10-25 14:00:00, None,43
48.0, None,1007.0, None, 4.2, 21.0, None, None, 2.0,-17.0, None,2021-10-25 15:00:00, None,43
50.0, None,1010.0, None, 3.9, 22.0, None, None, 3.0,-17.0, None,2021-10-25 16:00:00, None,43
55.0, None,1015.0, None, 4.1, 20.0, None, None, 5.0,-17.0, None,2021-10-25 17:00:00, None,43
58.0, None,1018.0, None, 3.6, -16.0, None, None, 3.0,-17.0, None,2021-10-25 18:00:00, None,43
63.0, None,1024.0, None, 3.5, 20.0, None, None, 6.0,-18.0, None,2021-10-25 19:00:00, None,43
62.0, None,1026.0, None, 2.7, 19.0, None, None, 3.0,-17.0, None,2021-10-25 21:00:00, None,43
64.0, None,1029.0, None, 2.3, 20.0, None, None, 3.0,-17.0, None,2021-10-25 22:00:00, None,43
64.0, None,1031.0, None, 2.2, 20.0, None, None, 2.0,-17.0, None,2021-10-25 23:00:00, None,43
60.0, None,1028.0, None, 1.9, -14.0, None, None, None,-17.0, None,2021-10-26 00:00:00, None,43
62.0, None,1032.0, None, 1.7, 21.0, None, None, 4.0,-17.0, None,2021-10-26 01:00:00, None,43
62.0, None,1033.0, None, 1.3, 23.0, None, None, 1.0,-17.0, None,2021-10-26 02:00:00, None,43
59.0, None,1033.0, None, 1.1, -18.0, None, None, 0.0,-17.0, None,2021-10-26 03:00:00, None,43
59.0, None,1035.0, None, 1.5, 17.0, None, None, 2.0,-17.0, None,2021-10-26 04:00:00, None,43
57.0, None,1036.0, None, 1.7, 23.0, None, None, 1.0,-17.0, None,2021-10-26 05:00:00, None,43
55.0, None,1037.0, None, 1.3, 18.0, None, None, 1.0,-17.0, None,2021-10-26 06:00:00, None,43
55.0, None,1039.0, None, 2.0, 19.0, None, None, 2.0,-17.0, None,2021-10-26 07:00:00, None,43
54.0, None,1041.0, None, 2.0, 18.0, None, None, 2.0,-17.0, None,2021-10-26 08:00:00, None,43
52.0, None,1042.0, None, 2.1, 22.0, None, None, 1.0,-17.0, None,2021-10-26 09:00:00, None,43
52.0, None,1044.0, None, 2.5, 22.0, None, None, 2.0,-17.0, None,2021-10-26 10:00:00, None,43
50.0, None,1044.0, None, 3.0, 21.0, None, None, 0.0,-18.0, None,2021-10-26 11:00:00, None,43
48.0, None,1046.0, None, 3.2, 18.0, None, None, 2.0,-17.0, None,2021-10-26 12:00:00, None,43
47.0, None,1048.0, None, 3.2, -14.0, None, None, 2.0,-17.0, None,2021-10-26 13:00:00, None,43
44.0, None,1049.0, None, 3.7, 18.0, None, None, 1.0,-17.0, None,2021-10-26 14:00:00, None,43
44.0, None,1051.0, None, 3.6, -17.0, None, None, 2.0,-18.0, None,2021-10-26 15:00:00, None,43
44.0, None,1054.0, None, 2.3, 20.0, None, None, 3.0,-17.0, None,2021-10-26 16:00:00, None,43
40.0, None,1055.0, None, 2.3, 19.0, None, None, 1.0,-18.0, None,2021-10-26 17:00:00, None,43
39.0, None,1057.0, None, 2.5, 19.0, None, None, 2.0,-17.0, None,2021-10-26 18:00:00, None,43
35.0, None,1059.0, None, 1.4, 21.0, None, None, 2.0,-18.0, None,2021-10-26 19:00:00, None,43
40.0, None,1063.0, None, 1.4, 20.0, None, None, 4.0,-17.0, None,2021-10-26 20:00:00, None,43
36.0, None,1062.0, None, 0.7, 22.0, None, None, None,-18.0, None,2021-10-26 21:00:00, None,43
33.0, None,1062.0, None, 1.2, 23.0, None, None, 0.0,-18.0, None,2021-10-26 22:00:00, None,43
31.0, None,1062.0, None, 1.3, 22.0, None, None, 0.0,-18.0, None,2021-10-26 23:00:00, None,43
37.0, None,1065.0, None, 1.5, 23.0, None, None, 3.0,-18.0, None,2021-10-27 00:00:00, None,43
34.0, None,1066.0, None, 1.1, 23.0, None, None, 1.0,-18.0, None,2021-10-27 01:00:00, None,43
35.0, None,1068.0, None, 1.4, 21.0, None, None, 2.0,-18.0, None,2021-10-27 02:00:00, None,43
37.0, None,1070.0, None, 1.2, 22.0, None, None, 2.0,-18.0, None,2021-10-27 03:00:00, None,43
35.0, None,1070.0, None, 1.4, 21.0, None, None, 0.0,-18.0, None,2021-10-27 04:00:00, None,43
34.0, None,1070.0, None, 1.4, 22.0, None, None, 0.0,-18.0, None,2021-10-27 05:00:00, None,43
35.0, None,1072.0, None, 1.6, 21.0, None, None, 2.0,-18.0, None,2021-10-27 06:00:00, None,43
33.0, None,1072.0, None, 1.1, -15.0, None, None, 0.0,-18.0, None,2021-10-27 07:00:00, None,43
34.0, None,1075.0, None, 1.6, 23.0, None, None, 3.0,-18.0, None,2021-10-27 08:00:00, None,43
34.0, None,1076.0, None, 0.8, 25.0, None, None, 1.0,-18.0, None,2021-10-27 09:00:00, None,43
35.0, None,1079.0, None, 1.2, 25.0, None, None, 3.0,-18.0, None,2021-10-27 10:00:00, None,43
37.0, None,1081.0, None, 1.6, 22.0, None, None, 2.0,-18.0, None,2021-10-27 11:00:00, None,43
37.0, None,1083.0, None, 2.2, 22.0, None, None, 2.0,-18.0, None,2021-10-27 12:00:00, None,43
36.0, None,1084.0, None, 2.3, 24.0, None, None, 1.0,-18.0, None,2021-10-27 13:00:00, None,43
36.0, None,1085.0, None, 2.2, 20.0, None, None, 1.0,-18.0, None,2021-10-27 14:00:00, None,43
36.0, None,1087.0, None, 1.9, 22.0, None, None, 2.0,-18.0, None,2021-10-27 15:00:00, None,43
33.0, None,1087.0, None, 2.1, 20.0, None, None, 0.0,-18.0, None,2021-10-27 16:00:00, None,43
32.0, None,1087.0, None, 2.1, 24.0, None, None, 0.0,-18.0, None,2021-10-27 17:00:00, None,43
31.0, None,1088.0, None, 1.9, 19.0, None, None, 1.0,-18.0, None,2021-10-27 18:00:00, None,43
30.0, None,1089.0, None, 1.8, -15.0, None, None, 1.0,-18.0, None,2021-10-27 19:00:00, None,43
25.0, None,1088.0, None, 1.8, 25.0, None, None, None,-18.0, None,2021-10-27 20:00:00, None,43
26.0, None,1088.0, None, 1.6, 22.0, None, None, 0.0,-18.0, None,2021-10-27 21:00:00, None,43
27.0, None,1089.0, None, 1.3, 24.0, None, None, 1.0,-18.0, None,2021-10-27 22:00:00, None,43
28.0, None,1090.0, None, 0.7, 25.0, None, None, 1.0,-18.0, None,2021-10-27 23:00:00, None,43
26.0, None,1091.0, None, 0.6, 22.0, None, None, 1.0,-18.0, None,2021-10-28 00:00:00, None,43
26.0, None,1092.0, None, 0.6, 22.0, None, None, 1.0,-18.0, None,2021-10-28 01:00:00, None,43
26.0, None,1094.0, None, 0.6, 27.0, None, None, 2.0,-18.0, None,2021-10-28 02:00:00, None,43
26.0, None,1096.0, None, 0.3, 24.0, None, None, 2.0,-18.0, None,2021-10-28 03:00:00, None,43
28.0, None,1098.0, None, 0.3, 30.0, None, None, 2.0,-18.0, None,2021-10-28 04:00:00, None,43
31.0, None,1101.0, None, 0.5, -9.0, None, None, 3.0,-18.0, None,2021-10-28 05:00:00, None,43
34.0, None,1106.0, None, 0.8, -10.0, None, None, 5.0,-18.0, None,2021-10-28 06:00:00, None,43
37.0, None,1109.0, None, 1.2, -10.0, None, None, 3.0,-18.0, None,2021-10-28 07:00:00, None,43
36.0, None,1111.0, None, 1.4, -13.0, None, None, 2.0,-18.0, None,2021-10-28 08:00:00, None,43
38.0, None,1114.0, None, 2.1, 20.0, None, None, 3.0,-18.0, None,2021-10-28 09:00:00, None,43
36.0, None,1115.0, None, 4.2, 28.0, None, None, 1.0,-18.0, None,2021-10-28 10:00:00, None,43
35.0, None,1116.0, None, 4.8, 16.0, None, None, 1.0,-18.0, None,2021-10-28 11:00:00, None,43
36.0, None,1119.0, None, 5.3, 17.0, None, None, 3.0,-18.0, None,2021-10-28 12:00:00, None,43
36.0, None,1120.0, None, 5.6, 17.0, None, None, 1.0,-18.0, None,2021-10-28 13:00:00, None,43
35.0, None,1120.0, None, 5.2, 16.0, None, None, 0.0,-18.0, None,2021-10-28 14:00:00, None,43
35.0, None,1122.0, None, 5.4, 21.0, None, None, 2.0,-18.0, None,2021-10-28 15:00:00, None,43
37.0, None,1124.0, None, 4.6, 16.0, None, None, 2.0,-18.0, None,2021-10-28 16:00:00, None,43
38.0, None,1125.0, None, 4.0, -16.0, None, None, 1.0,-18.0, None,2021-10-28 17:00:00, None,43
37.0, None,1125.0, None, 3.5, 16.0, None, None, 0.0,-18.0, None,2021-10-28 18:00:00, None,43
36.0, None,1125.0, None, 2.4, 17.0, None, None, 0.0,-18.0, None,2021-10-28 19:00:00, None,43
38.0, None,1126.0, None, 2.3, 20.0, None, None, 1.0,-18.0, None,2021-10-28 20:00:00, None,43
38.0, None,1126.0, None, 2.0, 21.0, None, None, 0.0,-18.0, None,2021-10-28 21:00:00, None,43
36.0, None,1125.0, None, 1.9, 25.0, None, None, None,-18.0, None,2021-10-28 22:00:00, None,43
36.0, None,1126.0, None, 1.8, 25.0, None, None, 1.0,-18.0, None,2021-10-28 23:00:00, None,43
