RELATIVE_HUMIDITY1,STANDARD_SNOW,MINIMUM_AIR_TEMPERATURE,max_wnd_spd_10m_pst1hr,MEASURED_WIND_SPEED1,MEASURED_WIND_DIRECTION1,dwpt_temp,min_air_temp_snc_last_reset,DEW_POINT,ATMOSPHERIC_PRESSURE,avg_wnd_dir_10m_pst10mts,ACTUAL_WIND_DIRECTION,MAXIMUM_AIR_TEMPERATURE,snw_dpth,MAXIMUM_MEASURED_WIND_SPEED1,HEIGHT_OF_SNOW,pcpn_amt_pst24hrs,CURRENT_AIR_TEMPERATURE2,CURRENT_AIR_TEMPERATURE1,PRECIPITATION_NEW,max_air_temp_snc_last_reset,PRECIP_DETECTOR_RATIO,ACTUAL_WIND_SPEED,WIND_DIRECTION_STD_DEVIATION1,avg_wnd_spd_10m_pst10mts,air_temp,mslp,pcpn_amt_pst1hr,snwfl_amt_pst1hr,rel_hum,time,stn_pres,week_of_year
86.9, None, None, None, 2.075, 314.0, None, None,6.0, 902.0, None, None, None, None, None, None, None, None,8.14, None, None, None, None, 11.69, None, None, None, None, None, None,2019-06-11 00:00:00, None,24
88.9, None, None, None, 1.057, 314.6, None, None,6.0, 902.0, None, None, None, None, None, None, None, None,7.816, None, None, None, None, 9.63, None, None, None, None, None, None,2019-06-11 01:00:00, None,24
90.2, None, None, None, 1.286, 316.8, None, None,6.0, 902.0, None, None, None, None, None, None, None, None,7.236, None, None, None, None, 18.63, None, None, None, None, None, None,2019-06-11 02:00:00, None,24
90.0, None, None, None, 0.765, 315.7, None, None,6.0, 902.0, None, None, None, None, None, None, None, None,7.39, None, None, None, None, 15.92, None, None, None, None, None, None,2019-06-11 03:00:00, None,24
87.1, None, None, None, 0.72, 346.7, None, None,6.0, 903.0, None, None, None, None, None, None, None, None,8.42, None, None, None, None, 39.42, None, None, None, None, None, None,2019-06-11 04:00:00, None,24
87.2, None, None, None, 0.835, 323.4, None, None,6.0, 903.0, None, None, None, None, None, None, None, None,8.22, None, None, None, None, 20.7, None, None, None, None, None, None,2019-06-11 05:00:00, None,24
80.3, None, None, None, 1.44, 297.4, None, None,7.0, 903.0, None, None, None, None, None, None, None, None,10.05, None, None, None, None, 28.15, None, None, None, None, None, None,2019-06-11 06:00:00, None,24
77.41, None, None, None, 1.935, 279.3, None, None,7.0, 903.0, None, None, None, None, None, None, None, None,10.67, None, None, None, None, 21.37, None, None, None, None, None, None,2019-06-11 07:00:00, None,24
71.3, None, None, None, 3.174, 289.8, None, None,7.0, 903.0, None, None, None, None, None, None, None, None,11.86, None, None, None, None, 15.35, None, None, None, None, None, None,2019-06-11 08:00:00, None,24
68.73, None, None, None, 3.719, 290.0, None, None,7.0, 904.0, None, None, None, None, None, None, None, None,12.54, None, None, None, None, 16.27, None, None, None, None, None, None,2019-06-11 09:00:00, None,24
70.03, None, None, None, 1.829, 281.8, None, None,8.0, 904.0, None, None, None, None, None, None, None, None,13.47, None, None, None, None, 20.5, None, None, None, None, None, None,2019-06-11 10:00:00, None,24
53.76, None, None, None, 1.719, 261.1, None, None,9.0, 904.0, None, None, None, None, None, None, None, None,18.23, None, None, None, None, 34.78, None, None, None, None, None, None,2019-06-11 11:00:00, None,24
47.74, None, None, None, 1.862, 273.2, None, None,8.0, 904.0, None, None, None, None, None, None, None, None,19.41, None, None, None, None, 34.4, None, None, None, None, None, None,2019-06-11 12:00:00, None,24
51.09, None, None, None, 2.106, 273.0, None, None,8.0, 904.0, None, None, None, None, None, None, None, None,18.38, None, None, None, None, 34.32, None, None, None, None, None, None,2019-06-11 13:00:00, None,24
51.81, None, None, None, 1.769, 279.4, None, None,8.0, 904.0, None, None, None, None, None, None, None, None,18.37, None, None, None, None, 21.67, None, None, None, None, None, None,2019-06-11 14:00:00, None,24
47.29, None, None, None, 1.703, 270.3, None, None,10.0, 903.0, None, None, None, None, None, None, None, None,20.67, None, None, None, None, 50.05, None, None, None, None, None, None,2019-06-11 15:00:00, None,24
45.54, None, None, None, 1.883, 276.3, None, None,8.0, 903.0, None, None, None, None, None, None, None, None,19.51, None, None, None, None, 30.36, None, None, None, None, None, None,2019-06-11 16:00:00, None,24
52.23, None, None, None, 1.274, 280.7, None, None,9.0, 903.0, None, None, None, None, None, None, None, None,19.94, None, None, None, None, 35.3, None, None, None, None, None, None,2019-06-11 17:00:00, None,24
49.39, None, None, None, 1.439, 278.0, None, None,8.0, 903.0, None, None, None, None, None, None, None, None,19.79, None, None, None, None, 52.7, None, None, None, None, None, None,2019-06-11 18:00:00, None,24
59.25, None, None, None, 1.179, 270.1, None, None,11.0, 902.0, None, None, None, None, None, None, None, None,19.62, None, None, None, None, 47.15, None, None, None, None, None, None,2019-06-11 19:00:00, None,24
68.85, None, None, None, 1.485, 315.5, None, None,12.0, 902.0, None, None, None, None, None, None, None, None,17.6, None, None, None, None, 34.77, None, None, None, None, None, None,2019-06-11 20:00:00, None,24
76.84, None, None, None, 2.07, 320.2, None, None,10.0, 902.0, None, None, None, None, None, None, None, None,13.66, None, None, None, None, 12.03, None, None, None, None, None, None,2019-06-11 21:00:00, None,24
80.7, None, None, None, 2.474, 316.7, None, None,9.0, 902.0, None, None, None, None, None, None, None, None,11.79, None, None, None, None, 10.7, None, None, None, None, None, None,2019-06-11 22:00:00, None,24
81.3, None, None, None, 2.278, 312.7, None, None,8.0, 902.0, None, None, None, None, None, None, None, None,10.8, None, None, None, None, 11.59, None, None, None, None, None, None,2019-06-11 23:00:00, None,24
81.9, None, None, None, 2.233, 308.8, None, None,7.0, 902.0, None, None, None, None, None, None, None, None,10.27, None, None, None, None, 15.34, None, None, None, None, None, None,2019-06-12 00:00:00, None,24
84.8, None, None, None, 1.72, 310.6, None, None,7.0, 902.0, None, None, None, None, None, None, None, None,9.43, None, None, None, None, 15.47, None, None, None, None, None, None,2019-06-12 01:00:00, None,24
85.7, None, None, None, 1.829, 308.1, None, None,7.0, 901.0, None, None, None, None, None, None, None, None,8.93, None, None, None, None, 16.92, None, None, None, None, None, None,2019-06-12 02:00:00, None,24
87.4, None, None, None, 2.021, 306.9, None, None,7.0, 901.0, None, None, None, None, None, None, None, None,8.5, None, None, None, None, 12.56, None, None, None, None, None, None,2019-06-12 03:00:00, None,24
88.5, None, None, None, 1.857, 294.3, None, None,7.0, 901.0, None, None, None, None, None, None, None, None,8.33, None, None, None, None, 12.18, None, None, None, None, None, None,2019-06-12 04:00:00, None,24
91.1, None, None, None, 1.684, 294.3, None, None,7.0, 900.0, None, None, None, None, None, None, None, None,8.19, None, None, None, None, 10.24, None, None, None, None, None, None,2019-06-12 05:00:00, None,24
90.5, None, None, None, 1.711, 293.2, None, None,6.0, 900.0, None, None, None, None, None, None, None, None,7.766, None, None, None, None, 11.22, None, None, None, None, None, None,2019-06-12 06:00:00, None,24
90.1, None, None, None, 1.497, 298.1, None, None,6.0, 900.0, None, None, None, None, None, None, None, None,7.982, None, None, None, None, 6.745, None, None, None, None, None, None,2019-06-12 07:00:00, None,24
89.5, None, None, None, 0.224, 303.2, None, None,7.0, 900.0, None, None, None, None, None, None, None, None,8.92, None, None, None, None, 5.112, None, None, None, None, None, None,2019-06-12 08:00:00, None,24
79.49, None, None, None, 0.822, 304.8, None, None,9.0, 899.0, None, None, None, None, None, None, None, None,12.7, None, None, None, None, 9.26, None, None, None, None, None, None,2019-06-12 09:00:00, None,24
62.63, None, None, None, 1.004, 272.2, None, None,10.0, 899.0, None, None, None, None, None, None, None, None,16.57, None, None, None, None, 31.55, None, None, None, None, None, None,2019-06-12 10:00:00, None,24
58.65, None, None, None, 2.658, 221.8, None, None,9.0, 899.0, None, None, None, None, None, None, None, None,17.18, None, None, None, None, 33.29, None, None, None, None, None, None,2019-06-12 11:00:00, None,24
37.02, None, None, None, 1.101, 105.1, None, None,9.0, 898.0, None, None, None, None, None, None, None, None,22.84, None, None, None, None, 68.12, None, None, None, None, None, None,2019-06-12 12:00:00, None,24
43.75, None, None, None, 2.769, 238.4, None, None,9.0, 897.0, None, None, None, None, None, None, None, None,22.89, None, None, None, None, 46.38, None, None, None, None, None, None,2019-06-12 13:00:00, None,24
34.4, None, None, None, 4.366, 231.5, None, None,9.0, 896.0, None, None, None, None, None, None, None, None,25.56, None, None, None, None, 23.16, None, None, None, None, None, None,2019-06-12 14:00:00, None,24
32.65, None, None, None, 1.876, 250.5, None, None,8.0, 895.0, None, None, None, None, None, None, None, None,25.29, None, None, None, None, 26.16, None, None, None, None, None, None,2019-06-12 15:00:00, None,24
29.77, None, None, None, 0.794, 271.9, None, None,6.0, 895.0, None, None, None, None, None, None, None, None,25.19, None, None, None, None, 14.93, None, None, None, None, None, None,2019-06-12 16:00:00, None,24
29.79, None, None, None, 1.743, 275.8, None, None,6.0, 894.0, None, None, None, None, None, None, None, None,24.78, None, None, None, None, 24.09, None, None, None, None, None, None,2019-06-12 17:00:00, None,24
28.11, None, None, None, 1.764, 283.4, None, None,5.0, 893.0, None, None, None, None, None, None, None, None,25.19, None, None, None, None, 14.87, None, None, None, None, None, None,2019-06-12 18:00:00, None,24
33.23, None, None, None, 1.694, 290.0, None, None,8.0, 892.0, None, None, None, None, None, None, None, None,24.87, None, None, None, None, 16.26, None, None, None, None, None, None,2019-06-12 19:00:00, None,24
63.04, None, None, None, 3.587, 321.1, None, None,10.0, 892.0, None, None, None, None, None, None, None, None,17.01, None, None, None, None, 8.92, None, None, None, None, None, None,2019-06-12 20:00:00, None,24
67.46, None, None, None, 3.198, 314.6, None, None,9.0, 891.0, None, None, None, None, None, None, None, None,15.52, None, None, None, None, 16.49, None, None, None, None, None, None,2019-06-12 21:00:00, None,24
75.46, None, None, None, 1.431, 324.5, None, None,9.0, 891.0, None, None, None, None, None, None, None, None,13.47, None, None, None, None, 11.38, None, None, None, None, None, None,2019-06-12 22:00:00, None,24
76.08, None, None, None, 0.317, 337.5, None, None,8.0, 891.0, None, None, None, None, None, None, None, None,12.5, None, None, None, None, 12.98, None, None, None, None, None, None,2019-06-12 23:00:00, None,24
73.13, None, None, None, 1.699, 313.1, None, None,8.0, 891.0, None, None, None, None, None, None, None, None,12.71, None, None, None, None, 16.95, None, None, None, None, None, None,2019-06-13 00:00:00, None,24
75.41, None, None, None, 2.292, 304.7, None, None,8.0, 891.0, None, None, None, None, None, None, None, None,12.1, None, None, None, None, 13.63, None, None, None, None, None, None,2019-06-13 01:00:00, None,24
80.7, None, None, None, 1.869, 306.7, None, None,8.0, 891.0, None, None, None, None, None, None, None, None,11.05, None, None, None, None, 13.36, None, None, None, None, None, None,2019-06-13 02:00:00, None,24
81.2, None, None, None, 1.402, 313.6, None, None,8.0, 891.0, None, None, None, None, None, None, None, None,10.83, None, None, None, None, 14.09, None, None, None, None, None, None,2019-06-13 03:00:00, None,24
81.3, None, None, None, 1.957, 295.5, None, None,8.0, 891.0, None, None, None, None, None, None, None, None,10.96, None, None, None, None, 12.9, None, None, None, None, None, None,2019-06-13 04:00:00, None,24
83.1, None, None, None, 1.524, 288.7, None, None,8.0, 891.0, None, None, None, None, None, None, None, None,10.6, None, None, None, None, 6.801, None, None, None, None, None, None,2019-06-13 05:00:00, None,24
85.0, None, None, None, 1.561, 299.9, None, None,8.0, 890.0, None, None, None, None, None, None, None, None,10.09, None, None, None, None, 13.33, None, None, None, None, None, None,2019-06-13 06:00:00, None,24
88.6, None, None, None, 0.999, 316.0, None, None,8.0, 890.0, None, None, None, None, None, None, None, None,9.75, None, None, None, None, 9.61, None, None, None, None, None, None,2019-06-13 07:00:00, None,24
85.2, None, None, None, 1.603, 316.5, None, None,9.0, 890.0, None, None, None, None, None, None, None, None,11.01, None, None, None, None, 11.3, None, None, None, None, None, None,2019-06-13 08:00:00, None,24
80.2, None, None, None, 2.191, 317.2, None, None,10.0, 890.0, None, None, None, None, None, None, None, None,13.27, None, None, None, None, 7.196, None, None, None, None, None, None,2019-06-13 09:00:00, None,24
57.74, None, None, None, 0.573, 0.403, None, None,10.0, 890.0, None, None, None, None, None, None, None, None,18.48, None, None, None, None, 29.57, None, None, None, None, None, None,2019-06-13 10:00:00, None,24
32.29, None, None, None, 0.569, 52.52, None, None,7.0, 889.0, None, None, None, None, None, None, None, None,24.66, None, None, None, None, 34.11, None, None, None, None, None, None,2019-06-13 11:00:00, None,24
45.86, None, None, None, 1.845, 254.6, None, None,10.0, 889.0, None, None, None, None, None, None, None, None,22.56, None, None, None, None, 48.76, None, None, None, None, None, None,2019-06-13 12:00:00, None,24
38.26, None, None, None, 2.748, 265.7, None, None,9.0, 888.0, None, None, None, None, None, None, None, None,24.42, None, None, None, None, 36.81, None, None, None, None, None, None,2019-06-13 13:00:00, None,24
35.44, None, None, None, 1.936, 275.2, None, None,8.0, 888.0, None, None, None, None, None, None, None, None,25.65, None, None, None, None, 34.69, None, None, None, None, None, None,2019-06-13 14:00:00, None,24
27.28, None, None, None, 1.999, 267.2, None, None,7.0, 887.0, None, None, None, None, None, None, None, None,27.8, None, None, None, None, 28.56, None, None, None, None, None, None,2019-06-13 15:00:00, None,24
26.79, None, None, None, 2.254, 273.0, None, None,8.0, 887.0, None, None, None, None, None, None, None, None,27.54, None, None, None, None, 27.97, None, None, None, None, None, None,2019-06-13 16:00:00, None,24
27.18, None, None, None, 2.896, 280.3, None, None,5.0, 886.0, None, None, None, None, None, None, None, None,25.55, None, None, None, None, 35.68, None, None, None, None, None, None,2019-06-13 17:00:00, None,24
30.58, None, None, None, 2.961, 287.4, None, None,6.0, 886.0, None, None, None, None, None, None, None, None,24.8, None, None, None, None, 36.71, None, None, None, None, None, None,2019-06-13 18:00:00, None,24
37.56, None, None, None, 1.749, 289.1, None, None,8.0, 885.0, None, None, None, None, None, None, None, None,23.75, None, None, None, None, 31.92, None, None, None, None, None, None,2019-06-13 19:00:00, None,24
52.13, None, None, None, 3.107, 308.2, None, None,11.0, 886.0, None, None, None, None, None, None, None, None,21.16, None, None, None, None, 21.17, None, None, None, None, None, None,2019-06-13 20:00:00, None,24
67.5, None, None, None, 1.697, 318.3, None, None,12.0, 886.0, None, None, None, None, None, None, None, None,17.61, None, None, None, None, 12.34, None, None, None, None, None, None,2019-06-13 21:00:00, None,24
71.97, None, None, None, 1.826, 319.5, None, None,10.0, 886.0, None, None, None, None, None, None, None, None,15.53, None, None, None, None, 13.74, None, None, None, None, None, None,2019-06-13 22:00:00, None,24
75.23, None, None, None, 2.567, 315.0, None, None,9.0, 886.0, None, None, None, None, None, None, None, None,13.71, None, None, None, None, 11.15, None, None, None, None, None, None,2019-06-13 23:00:00, None,24
74.77, None, None, None, 2.118, 321.0, None, None,8.0, 887.0, None, None, None, None, None, None, None, None,12.08, None, None, None, None, 28.61, None, None, None, None, None, None,2019-06-14 00:00:00, None,24
73.59, None, None, None, 1.713, 320.0, None, None,7.0, 887.0, None, None, None, None, None, None, None, None,11.53, None, None, None, None, 25.18, None, None, None, None, None, None,2019-06-14 01:00:00, None,24
68.19, None, None, None, 2.288, 318.3, None, None,6.0, 887.0, None, None, None, None, None, None, None, None,12.35, None, None, None, None, 34.25, None, None, None, None, None, None,2019-06-14 02:00:00, None,24
56.81, None, None, None, 3.201, 315.6, None, None,6.0, 888.0, None, None, None, None, None, None, None, None,14.61, None, None, None, None, 29.99, None, None, None, None, None, None,2019-06-14 03:00:00, None,24
67.4, None, None, None, 2.829, 307.2, None, None,7.0, 888.0, None, None, None, None, None, None, None, None,12.49, None, None, None, None, 13.2, None, None, None, None, None, None,2019-06-14 04:00:00, None,24
80.4, None, None, None, 2.026, 320.4, None, None,7.0, 888.0, None, None, None, None, None, None, None, None,9.83, None, None, None, None, 11.54, None, None, None, None, None, None,2019-06-14 05:00:00, None,24
81.0, None, None, None, 2.352, 313.1, None, None,7.0, 888.0, None, None, None, None, None, None, None, None,9.67, None, None, None, None, 9.38, None, None, None, None, None, None,2019-06-14 06:00:00, None,24
76.94, None, None, None, 1.843, 303.3, None, None,7.0, 889.0, None, None, None, None, None, None, None, None,11.11, None, None, None, None, 17.57, None, None, None, None, None, None,2019-06-14 07:00:00, None,24
67.07, None, None, None, 2.874, 297.2, None, None,7.0, 889.0, None, None, None, None, None, None, None, None,13.46, None, None, None, None, 21.24, None, None, None, None, None, None,2019-06-14 08:00:00, None,24
63.55, None, None, None, 2.494, 297.0, None, None,10.0, 890.0, None, None, None, None, None, None, None, None,16.51, None, None, None, None, 24.32, None, None, None, None, None, None,2019-06-14 09:00:00, None,24
52.8, None, None, None, 2.507, 274.9, None, None,10.0, 890.0, None, None, None, None, None, None, None, None,19.39, None, None, None, None, 30.29, None, None, None, None, None, None,2019-06-14 10:00:00, None,24
39.36, None, None, None, 2.743, 287.0, None, None,7.0, 890.0, None, None, None, None, None, None, None, None,21.91, None, None, None, None, 25.67, None, None, None, None, None, None,2019-06-14 11:00:00, None,24
33.86, None, None, None, 2.748, 277.9, None, None,5.0, 890.0, None, None, None, None, None, None, None, None,22.54, None, None, None, None, 47.02, None, None, None, None, None, None,2019-06-14 12:00:00, None,24
29.77, None, None, None, 2.531, 277.5, None, None,4.0, 890.0, None, None, None, None, None, None, None, None,22.93, None, None, None, None, 31.24, None, None, None, None, None, None,2019-06-14 13:00:00, None,24
35.36, None, None, None, 2.757, 287.0, None, None,4.0, 890.0, None, None, None, None, None, None, None, None,20.59, None, None, None, None, 36.3, None, None, None, None, None, None,2019-06-14 14:00:00, None,24
26.11, None, None, None, 3.411, 259.3, None, None,5.0, 890.0, None, None, None, None, None, None, None, None,24.12, None, None, None, None, 51.6, None, None, None, None, None, None,2019-06-14 15:00:00, None,24
25.55, None, None, None, 2.625, 264.6, None, None,2.0, 891.0, None, None, None, None, None, None, None, None,22.2, None, None, None, None, 57.91, None, None, None, None, None, None,2019-06-14 16:00:00, None,24
25.8, None, None, None, 3.85, 232.9, None, None,2.0, 890.0, None, None, None, None, None, None, None, None,22.34, None, None, None, None, 46.74, None, None, None, None, None, None,2019-06-14 17:00:00, None,24
25.5, None, None, None, 2.727, 281.9, None, None,2.0, 890.0, None, None, None, None, None, None, None, None,22.7, None, None, None, None, 40.74, None, None, None, None, None, None,2019-06-14 18:00:00, None,24
25.78, None, None, None, 2.745, 302.8, None, None,1.0, 890.0, None, None, None, None, None, None, None, None,22.45, None, None, None, None, 32.32, None, None, None, None, None, None,2019-06-14 19:00:00, None,24
31.87, None, None, None, 3.552, 296.3, None, None,2.0, 890.0, None, None, None, None, None, None, None, None,19.82, None, None, None, None, 28.23, None, None, None, None, None, None,2019-06-14 20:00:00, None,24
64.01, None, None, None, 2.587, 323.5, None, None,8.0, 891.0, None, None, None, None, None, None, None, None,14.89, None, None, None, None, 17.94, None, None, None, None, None, None,2019-06-14 21:00:00, None,24
67.37, None, None, None, 2.491, 320.9, None, None,7.0, 891.0, None, None, None, None, None, None, None, None,13.27, None, None, None, None, 19.91, None, None, None, None, None, None,2019-06-14 22:00:00, None,24
71.48, None, None, None, 2.871, 314.3, None, None,7.0, 891.0, None, None, None, None, None, None, None, None,11.75, None, None, None, None, 13.8, None, None, None, None, None, None,2019-06-14 23:00:00, None,24
70.53, None, None, None, 2.458, 307.7, None, None,6.0, 892.0, None, None, None, None, None, None, None, None,11.29, None, None, None, None, 11.28, None, None, None, None, None, None,2019-06-15 00:00:00, None,24
71.52, None, None, None, 2.507, 299.3, None, None,6.0, 892.0, None, None, None, None, None, None, None, None,10.84, None, None, None, None, 11.44, None, None, None, None, None, None,2019-06-15 01:00:00, None,24
75.02, None, None, None, 2.248, 297.1, None, None,6.0, 892.0, None, None, None, None, None, None, None, None,10.22, None, None, None, None, 12.35, None, None, None, None, None, None,2019-06-15 02:00:00, None,24
76.04, None, None, None, 2.12, 301.8, None, None,6.0, 892.0, None, None, None, None, None, None, None, None,9.79, None, None, None, None, 9.29, None, None, None, None, None, None,2019-06-15 03:00:00, None,24
77.58, None, None, None, 2.081, 300.1, None, None,6.0, 893.0, None, None, None, None, None, None, None, None,9.75, None, None, None, None, 11.29, None, None, None, None, None, None,2019-06-15 04:00:00, None,24
78.27, None, None, None, 2.13, 298.7, None, None,6.0, 893.0, None, None, None, None, None, None, None, None,9.6, None, None, None, None, 9.64, None, None, None, None, None, None,2019-06-15 05:00:00, None,24
81.0, None, None, None, 2.014, 302.4, None, None,6.0, 893.0, None, None, None, None, None, None, None, None,9.22, None, None, None, None, 8.86, None, None, None, None, None, None,2019-06-15 06:00:00, None,24
82.8, None, None, None, 2.162, 298.6, None, None,7.0, 893.0, None, None, None, None, None, None, None, None,9.54, None, None, None, None, 8.16, None, None, None, None, None, None,2019-06-15 07:00:00, None,24
79.54, None, None, None, 2.301, 307.1, None, None,7.0, 893.0, None, None, None, None, None, None, None, None,10.67, None, None, None, None, 8.14, None, None, None, None, None, None,2019-06-15 08:00:00, None,24
56.52, None, None, None, 2.286, 309.2, None, None,7.0, 893.0, None, None, None, None, None, None, None, None,16.0, None, None, None, None, 17.12, None, None, None, None, None, None,2019-06-15 09:00:00, None,24
44.9, None, None, None, 1.971, 278.3, None, None,7.0, 894.0, None, None, None, None, None, None, None, None,19.32, None, None, None, None, 32.93, None, None, None, None, None, None,2019-06-15 10:00:00, None,24
38.65, None, None, None, 1.92, 277.0, None, None,7.0, 893.0, None, None, None, None, None, None, None, None,21.89, None, None, None, None, 30.19, None, None, None, None, None, None,2019-06-15 11:00:00, None,24
29.65, None, None, None, 1.592, 274.8, None, None,6.0, 893.0, None, None, None, None, None, None, None, None,24.48, None, None, None, None, 24.75, None, None, None, None, None, None,2019-06-15 12:00:00, None,24
28.62, None, None, None, 3.069, 256.2, None, None,6.0, 893.0, None, None, None, None, None, None, None, None,25.12, None, None, None, None, 38.53, None, None, None, None, None, None,2019-06-15 13:00:00, None,24
23.89, None, None, None, 2.576, 262.9, None, None,4.0, 893.0, None, None, None, None, None, None, None, None,24.97, None, None, None, None, 39.25, None, None, None, None, None, None,2019-06-15 14:00:00, None,24
24.89, None, None, None, 2.307, 267.6, None, None,3.0, 893.0, None, None, None, None, None, None, None, None,23.92, None, None, None, None, 36.71, None, None, None, None, None, None,2019-06-15 15:00:00, None,24
18.87, None, None, None, 2.21, 256.8, None, None,1.0, 892.0, None, None, None, None, None, None, None, None,25.42, None, None, None, None, 48.28, None, None, None, None, None, None,2019-06-15 16:00:00, None,24
23.35, None, None, None, 2.562, 273.2, None, None,1.0, 892.0, None, None, None, None, None, None, None, None,23.65, None, None, None, None, 33.63, None, None, None, None, None, None,2019-06-15 17:00:00, None,24
20.22, None, None, None, 2.118, 285.8, None, None,0.0, 891.0, None, None, None, None, None, None, None, None,24.35, None, None, None, None, 32.39, None, None, None, None, None, None,2019-06-15 18:00:00, None,24
19.98, None, None, None, 2.404, 286.0, None, None,0.0, 892.0, None, None, None, None, None, None, None, None,24.87, None, None, None, None, 26.8, None, None, None, None, None, None,2019-06-15 19:00:00, None,24
55.18, None, None, None, 3.459, 318.3, None, None,8.0, 891.0, None, None, None, None, None, None, None, None,16.72, None, None, None, None, 20.56, None, None, None, None, None, None,2019-06-15 20:00:00, None,24
68.73, None, None, None, 2.614, 314.6, None, None,5.0, 893.0, None, None, None, None, None, None, None, None,10.84, None, None, None, None, 12.59, None, None, None, None, None, None,2019-06-16 01:00:00, None,24
71.28, None, None, None, 2.466, 313.1, None, None,5.0, 893.0, None, None, None, None, None, None, None, None,10.23, None, None, None, None, 11.98, None, None, None, None, None, None,2019-06-16 02:00:00, None,24
72.11, None, None, None, 2.378, 313.0, None, None,5.0, 893.0, None, None, None, None, None, None, None, None,9.84, None, None, None, None, 12.39, None, None, None, None, None, None,2019-06-16 03:00:00, None,24
72.78, None, None, None, 2.345, 312.5, None, None,5.0, 893.0, None, None, None, None, None, None, None, None,9.42, None, None, None, None, 15.17, None, None, None, None, None, None,2019-06-16 04:00:00, None,24
74.83, None, None, None, 2.366, 303.4, None, None,5.0, 893.0, None, None, None, None, None, None, None, None,9.07, None, None, None, None, 11.6, None, None, None, None, None, None,2019-06-16 05:00:00, None,24
76.2, None, None, None, 2.203, 301.6, None, None,5.0, 893.0, None, None, None, None, None, None, None, None,8.88, None, None, None, None, 10.98, None, None, None, None, None, None,2019-06-16 06:00:00, None,24
77.54, None, None, None, 2.18, 299.2, None, None,5.0, 894.0, None, None, None, None, None, None, None, None,9.13, None, None, None, None, 10.03, None, None, None, None, None, None,2019-06-16 07:00:00, None,24
76.03, None, None, None, 2.802, 307.9, None, None,6.0, 893.0, None, None, None, None, None, None, None, None,10.09, None, None, None, None, 9.66, None, None, None, None, None, None,2019-06-16 08:00:00, None,24
68.63, None, None, None, 2.575, 312.3, None, None,8.0, 893.0, None, None, None, None, None, None, None, None,13.09, None, None, None, None, 5.205, None, None, None, None, None, None,2019-06-16 09:00:00, None,24
38.52, None, None, None, 1.426, 293.4, None, None,6.0, 894.0, None, None, None, None, None, None, None, None,21.21, None, None, None, None, 44.8, None, None, None, None, None, None,2019-06-16 10:00:00, None,24
33.98, None, None, None, 2.406, 255.2, None, None,5.0, 893.0, None, None, None, None, None, None, None, None,22.81, None, None, None, None, 43.93, None, None, None, None, None, None,2019-06-16 11:00:00, None,24
29.92, None, None, None, 1.288, 282.0, None, None,4.0, 893.0, None, None, None, None, None, None, None, None,24.3, None, None, None, None, 28.52, None, None, None, None, None, None,2019-06-16 12:00:00, None,24
23.2, None, None, None, 1.977, 268.9, None, None,2.0, 893.0, None, None, None, None, None, None, None, None,26.33, None, None, None, None, 29.46, None, None, None, None, None, None,2019-06-16 13:00:00, None,24
24.68, None, None, None, 2.395, 253.9, None, None,5.0, 893.0, None, None, None, None, None, None, None, None,26.21, None, None, None, None, 32.36, None, None, None, None, None, None,2019-06-16 14:00:00, None,24
20.25, None, None, None, 2.65, 244.8, None, None,-1.0, 892.0, None, None, None, None, None, None, None, None,26.85, None, None, None, None, 33.05, None, None, None, None, None, None,2019-06-16 15:00:00, None,24
20.26, None, None, None, 2.487, 257.2, None, None,3.0, 892.0, None, None, None, None, None, None, None, None,26.8, None, None, None, None, 52.03, None, None, None, None, None, None,2019-06-16 16:00:00, None,24
22.53, None, None, None, 1.613, 265.0, None, None,3.0, 891.0, None, None, None, None, None, None, None, None,25.29, None, None, None, None, 35.99, None, None, None, None, None, None,2019-06-16 17:00:00, None,24
33.15, None, None, None, 2.563, 235.0, None, None,7.0, 891.0, None, None, None, None, None, None, None, None,24.26, None, None, None, None, 56.8, None, None, None, None, None, None,2019-06-16 18:00:00, None,24
55.73, None, None, None, 2.354, 318.0, None, None,11.0, 891.0, None, None, None, None, None, None, None, None,20.45, None, None, None, None, 24.74, None, None, None, None, None, None,2019-06-16 19:00:00, None,24
56.88, None, None, None, 2.865, 310.9, None, None,10.0, 890.0, None, None, None, None, None, None, None, None,18.86, None, None, None, None, 5.482, None, None, None, None, None, None,2019-06-16 20:00:00, None,24
60.8, None, None, None, 3.028, 314.7, None, None,9.0, 891.0, None, None, None, None, None, None, None, None,16.44, None, None, None, None, 12.71, None, None, None, None, None, None,2019-06-16 21:00:00, None,24
65.64, None, None, None, 2.818, 316.4, None, None,8.0, 891.0, None, None, None, None, None, None, None, None,14.08, None, None, None, None, 16.33, None, None, None, None, None, None,2019-06-16 22:00:00, None,24
63.66, None, None, None, 2.898, 311.8, None, None,6.0, 892.0, None, None, None, None, None, None, None, None,13.31, None, None, None, None, 14.99, None, None, None, None, None, None,2019-06-16 23:00:00, None,24
68.91, None, None, None, 2.521, 315.3, None, None,7.0, 892.0, None, None, None, None, None, None, None, None,12.22, None, None, None, None, 13.37, None, None, None, None, None, None,2019-06-17 00:00:00, None,24
69.36, None, None, None, 1.703, 318.5, None, None,7.0, 892.0, None, None, None, None, None, None, None, None,12.1, None, None, None, None, 14.44, None, None, None, None, None, None,2019-06-17 01:00:00, None,24
73.37, None, None, None, 1.041, 339.0, None, None,7.0, 892.0, None, None, None, None, None, None, None, None,11.93, None, None, None, None, 22.66, None, None, None, None, None, None,2019-06-17 02:00:00, None,24
73.51, None, None, None, 0.006, 359.2, None, None,8.0, 892.0, None, None, None, None, None, None, None, None,12.15, None, None, None, None, 2.591, None, None, None, None, None, None,2019-06-17 03:00:00, None,24
78.39, None, None, None, 0.105, 11.78, None, None,8.0, 892.0, None, None, None, None, None, None, None, None,11.88, None, None, None, None, 17.67, None, None, None, None, None, None,2019-06-17 04:00:00, None,24
77.95, None, None, None, 0.183, 50.6, None, None,8.0, 893.0, None, None, None, None, None, None, None, None,11.97, None, None, None, None, 0.844, None, None, None, None, None, None,2019-06-17 05:00:00, None,24
79.54, None, None, None, 0.387, 61.5, None, None,8.0, 893.0, None, None, None, None, None, None, None, None,11.73, None, None, None, None, 8.66, None, None, None, None, None, None,2019-06-17 06:00:00, None,24
79.79, None, None, None, 0.061, 68.62, None, None,9.0, 893.0, None, None, None, None, None, None, None, None,12.29, None, None, None, None, 0.382, None, None, None, None, None, None,2019-06-17 07:00:00, None,24
73.53, None, None, None, 0.286, 12.72, None, None,11.0, 894.0, None, None, None, None, None, None, None, None,15.92, None, None, None, None, 55.11, None, None, None, None, None, None,2019-06-17 09:00:00, None,24
63.1, None, None, None, 0.26, 69.13, None, None,10.0, 894.0, None, None, None, None, None, None, None, None,17.32, None, None, None, None, 51.69, None, None, None, None, None, None,2019-06-17 10:00:00, None,24
60.32, None, None, None, 0.077, 40.04, None, None,10.0, 895.0, None, None, None, None, None, None, None, None,17.45, None, None, None, None, 11.01, None, None, None, None, None, None,2019-06-17 11:00:00, None,24
61.09, None, None, None, 0.098, 33.26, None, None,10.0, 895.0, None, None, None, None, None, None, None, None,17.91, None, None, None, None, 18.95, None, None, None, None, None, None,2019-06-17 12:00:00, None,24
47.55, None, None, None, 1.16, 39.85, None, None,10.0, 895.0, None, None, None, None, None, None, None, None,22.43, None, None, None, None, 23.26, None, None, None, None, None, None,2019-06-17 13:00:00, None,24
32.55, None, None, None, 1.153, 40.82, None, None,8.0, 894.0, None, None, None, None, None, None, None, None,24.93, None, None, None, None, 31.14, None, None, None, None, None, None,2019-06-17 14:00:00, None,24
37.36, None, None, None, 1.347, 28.33, None, None,7.0, 894.0, None, None, None, None, None, None, None, None,23.58, None, None, None, None, 48.38, None, None, None, None, None, None,2019-06-17 15:00:00, None,24
42.46, None, None, None, 0.733, 37.18, None, None,7.0, 893.0, None, None, None, None, None, None, None, None,21.79, None, None, None, None, 17.04, None, None, None, None, None, None,2019-06-17 16:00:00, None,24
39.24, None, None, None, 1.439, 359.2, None, None,9.0, 893.0, None, None, None, None, None, None, None, None,22.93, None, None, None, None, 66.94, None, None, None, None, None, None,2019-06-17 17:00:00, None,24
40.72, None, None, None, 1.989, 305.9, None, None,9.0, 893.0, None, None, None, None, None, None, None, None,22.86, None, None, None, None, 62.83, None, None, None, None, None, None,2019-06-17 18:00:00, None,24
41.82, None, None, None, 2.294, 13.53, None, None,10.0, 893.0, None, None, None, None, None, None, None, None,23.08, None, None, None, None, 64.33, None, None, None, None, None, None,2019-06-17 19:00:00, None,24
62.81, None, None, None, 1.55, 30.69, None, None,11.0, 893.0, None, None, None, None, None, None, None, None,17.77, None, None, None, None, 21.73, None, None, None, None, None, None,2019-06-17 20:00:00, None,24
72.03, None, None, None, 0.783, 336.3, None, None,11.0, 893.0, None, None, None, None, None, None, None, None,15.88, None, None, None, None, 12.33, None, None, None, None, None, None,2019-06-17 21:00:00, None,24
76.66, None, None, None, 0.006, 346.0, None, None,10.0, 893.0, None, None, None, None, None, None, None, None,14.22, None, None, None, None, 0.548, None, None, None, None, None, None,2019-06-17 22:00:00, None,24
76.35, None, None, None, 0.814, 330.3, None, None,9.0, 893.0, None, None, None, None, None, None, None, None,13.44, None, None, None, None, 19.11, None, None, None, None, None, None,2019-06-17 23:00:00, None,24
