pcpn_amt_pst24hrs,cum_pcpn_amt,ONE_DAY_SNOW,air_temp_2,air_temp_1,snw_dpth,MAX_TEMP,ONE_DAY_PRECIPITATION,pcpn_amt_pst1hr,snw_dpth_wtr_equiv,MIN_TEMP,time,SNOW_ON_THE_GROUND,week_of_year
0.0, 394.0, None, 6.9, 6.6, -4.0, None, None, 0.0, 3.0, None,2020-09-23 00:00:00, None,39
1.0, 394.0, None, 7.0, 6.9, 6.0, None, None, 0.0, 3.0, None,2020-09-23 01:00:00, None,39
0.0, 394.0, None, 6.9, 6.8, -1.0, None, None, 0.0, 3.0, None,2020-09-23 02:00:00, None,39
None, 393.0, None, 6.5, 6.3, 0.0, None, None, None, 3.0, None,2020-09-23 03:00:00, None,39
0.0, 394.0, None, 6.6, 6.5, 490.0, None, None, 1.0, 3.0, None,2020-09-23 04:00:00, None,39
0.0, 394.0, None, 6.5, 6.4, 490.0, None, None, 0.0, 3.0, None,2020-09-23 05:00:00, None,39
None, 393.0, None, 6.4, 6.4, 3.0, None, None, None, 3.0, None,2020-09-23 06:00:00, None,39
0.0, 394.0, None, 6.2, 6.2, -1.0, None, None, 1.0, 3.0, None,2020-09-23 07:00:00, None,39
0.0, 394.0, None, 6.4, 6.4, 490.0, None, None, 0.0, 3.0, None,2020-09-23 08:00:00, None,39
0.0, 394.0, None, 6.4, 6.4, 0.0, None, None, 0.0, 3.0, None,2020-09-23 09:00:00, None,39
0.0, 394.0, None, 6.7, 6.8, -1.0, None, None, 0.0, 3.0, None,2020-09-23 10:00:00, None,39
0.0, 394.0, None, 7.4, 7.7, 1.0, None, None, 0.0, 4.0, None,2020-09-23 11:00:00, None,39
0.0, 394.0, None, 7.3, 7.6, 2.0, None, None, 0.0, 4.0, None,2020-09-23 12:00:00, None,39
None, 393.0, None, 7.1, 7.3, 4.0, None, None, None, 4.0, None,2020-09-23 13:00:00, None,39
None, 393.0, None, 4.8, 4.9, 3.0, None, None, 0.0, 4.0, None,2020-09-23 14:00:00, None,39
1.0, 395.0, None, 3.9, 4.1, 490.0, None, None, 2.0, 4.0, None,2020-09-23 15:00:00, None,39
5.0, 398.0, None, 4.0, 4.1, 3.0, None, None, 3.0, 3.0, None,2020-09-23 16:00:00, None,39
9.0, 402.0, None, 4.2, 4.2, -3.0, None, None, 4.0, 3.0, None,2020-09-23 17:00:00, None,39
10.0, 404.0, None, 4.6, 4.6, -4.0, None, None, 2.0, 3.0, None,2020-09-23 18:00:00, None,39
13.0, 406.0, None, 5.0, 4.9, -6.0, None, None, 2.0, 3.0, None,2020-09-23 19:00:00, None,39
18.0, 411.0, None, 4.9, 4.9, -8.0, None, None, 5.0, 3.0, None,2020-09-23 20:00:00, None,39
21.0, 415.0, None, 4.8, 4.8, 490.0, None, None, 4.0, 3.0, None,2020-09-23 21:00:00, None,39
25.0, 419.0, None, 4.6, 4.6, 490.0, None, None, 4.0, 3.0, None,2020-09-23 22:00:00, None,39
29.0, 423.0, None, 4.5, 4.5, 490.0, None, None, 4.0, 3.0, None,2020-09-23 23:00:00, None,39
33.0, 427.0, None, 4.6, 4.5, 490.0, None, None, 4.0, 3.0, None,2020-09-24 00:00:00, None,39
34.0, 428.0, None, 4.6, 4.6, 490.0, None, None, 1.0, 3.0, None,2020-09-24 01:00:00, None,39
35.0, 429.0, None, 4.4, 4.3, 490.0, None, None, 1.0, 3.0, None,2020-09-24 02:00:00, None,39
43.0, 436.0, None, 4.1, 4.1, -3.0, None, None, 7.0, 3.0, None,2020-09-24 03:00:00, None,39
45.0, 439.0, None, 3.5, 3.5, 490.0, None, None, 3.0, 2.0, None,2020-09-24 04:00:00, None,39
46.0, 440.0, None, 3.1, 3.1, 490.0, None, None, 1.0, 2.0, None,2020-09-24 05:00:00, None,39
50.0, 443.0, None, 2.6, 2.6, 490.0, None, None, 3.0, 2.0, None,2020-09-24 06:00:00, None,39
51.0, 445.0, None, 2.4, 2.4, -3.0, None, None, 2.0, 2.0, None,2020-09-24 07:00:00, None,39
52.0, 446.0, None, 2.1, 2.1, -3.0, None, None, 1.0, 2.0, None,2020-09-24 08:00:00, None,39
53.0, 447.0, None, 1.8, 2.0, -5.0, None, None, 1.0, 1.0, None,2020-09-24 09:00:00, None,39
54.0, 448.0, None, 2.2, 2.5, -3.0, None, None, 1.0, 1.0, None,2020-09-24 10:00:00, None,39
55.0, 449.0, None, 2.3, 2.4, -1.0, None, None, 1.0, 1.0, None,2020-09-24 11:00:00, None,39
55.0, 449.0, None, 1.6, 1.6, -2.0, None, None, 0.0, 2.0, None,2020-09-24 12:00:00, None,39
57.0, 450.0, None, 1.7, 1.8, -3.0, None, None, 1.0, 1.0, None,2020-09-24 13:00:00, None,39
58.0, 451.0, None, 2.0, 2.1, -4.0, None, None, 1.0, 1.0, None,2020-09-24 14:00:00, None,39
56.0, 451.0, None, 2.3, 2.3, -3.0, None, None, 0.0, 1.0, None,2020-09-24 15:00:00, None,39
55.0, 453.0, None, 1.7, 1.7, -3.0, None, None, 2.0, 1.0, None,2020-09-24 16:00:00, None,39
52.0, 454.0, None, 1.6, 1.6, -3.0, None, None, 1.0, 1.0, None,2020-09-24 17:00:00, None,39
53.0, 457.0, None, 1.3, 1.6, -4.0, None, None, 3.0, 1.0, None,2020-09-24 18:00:00, None,39
52.0, 458.0, None, 1.4, 1.6, -3.0, None, None, 1.0, 1.0, None,2020-09-24 19:00:00, None,39
44.0, 455.0, None, 1.6, 1.7, -3.0, None, None, None, 1.0, None,2020-09-24 20:00:00, None,39
41.0, 456.0, None, 1.6, 1.8, -3.0, None, None, 1.0, 1.0, None,2020-09-24 21:00:00, None,39
36.0, 455.0, None, 1.6, 1.8, -4.0, None, None, None, 1.0, None,2020-09-24 22:00:00, None,39
33.0, 456.0, None, 2.0, 2.2, -3.0, None, None, 1.0, 1.0, None,2020-09-24 23:00:00, None,39
29.0, 456.0, None, 1.9, 2.0, -3.0, None, None, 0.0, 1.0, None,2020-09-25 00:00:00, None,39
28.0, 456.0, None, 1.8, 1.9, -3.0, None, None, 0.0, 1.0, None,2020-09-25 01:00:00, None,39
27.0, 456.0, None, 1.5, 1.6, -3.0, None, None, 0.0, 1.0, None,2020-09-25 02:00:00, None,39
21.0, 457.0, None, 1.4, 1.5, -3.0, None, None, 1.0, 0.0, None,2020-09-25 03:00:00, None,39
18.0, 457.0, None, 1.3, 1.5, -3.0, None, None, 0.0, 0.0, None,2020-09-25 04:00:00, None,39
18.0, 458.0, None, 1.1, 1.2, -3.0, None, None, 1.0, 0.0, None,2020-09-25 05:00:00, None,39
15.0, 458.0, None, 0.9, 0.9, -2.0, None, None, 0.0, 0.0, None,2020-09-25 06:00:00, None,39
12.0, 457.0, None, 0.6, 0.7, -2.0, None, None, None, 0.0, None,2020-09-25 07:00:00, None,39
11.0, 457.0, None, 0.5, 0.7, -2.0, None, None, 0.0, 0.0, None,2020-09-25 08:00:00, None,39
10.0, 457.0, None, 0.7, 0.9, -1.0, None, None, 0.0, 0.0, None,2020-09-25 09:00:00, None,39
10.0, 458.0, None, 0.1, 0.2, -2.0, None, None, 1.0, 1.0, None,2020-09-25 10:00:00, None,39
11.0, 460.0, None, -0.2, 0.0, 5.0, None, None, 2.0, 3.0, None,2020-09-25 11:00:00, None,39
13.0, 462.0, None, -0.1, 0.1, 1.0, None, None, 2.0, 6.0, None,2020-09-25 12:00:00, None,39
14.0, 464.0, None, -0.1, 0.1, -7.0, None, None, 2.0, 8.0, None,2020-09-25 13:00:00, None,39
14.0, 465.0, None, 0.0, 0.1, 490.0, None, None, 1.0, 11.0, None,2020-09-25 14:00:00, None,39
16.0, 467.0, None, 0.0, 0.1, 490.0, None, None, 2.0, 13.0, None,2020-09-25 15:00:00, None,39
16.0, 469.0, None, 0.0, 0.2, 1.0, None, None, 2.0, 16.0, None,2020-09-25 16:00:00, None,39
17.0, 471.0, None, 0.0, 0.1, 4.0, None, None, 2.0, 18.0, None,2020-09-25 17:00:00, None,39
16.0, 473.0, None, 0.0, 0.1, 4.0, None, None, 2.0, 21.0, None,2020-09-25 18:00:00, None,39
17.0, 475.0, None, 0.0, 0.2, 8.0, None, None, 2.0, 23.0, None,2020-09-25 19:00:00, None,39
21.0, 476.0, None, 0.0, 0.1, 490.0, None, None, 1.0, 26.0, None,2020-09-25 20:00:00, None,39
20.0, 476.0, None, 0.0, 0.1, 490.0, None, None, 0.0, 26.0, None,2020-09-25 21:00:00, None,39
20.0, 475.0, None, -0.1, 0.1, 4.0, None, None, None, 26.0, None,2020-09-25 22:00:00, None,39
18.0, 474.0, None, -0.2, 0.0, 5.0, None, None, None, 26.0, None,2020-09-25 23:00:00, None,39
19.0, 475.0, None, -0.2, -0.1, 490.0, None, None, 1.0, 26.0, None,2020-09-26 00:00:00, None,39
16.0, 472.0, None, -0.7, -0.5, 10.0, None, None, None, 26.0, None,2020-09-26 01:00:00, None,39
15.0, 471.0, None, -0.9, -0.7, 8.0, None, None, None, 25.0, None,2020-09-26 02:00:00, None,39
15.0, 472.0, None, -0.9, -0.8, 8.0, None, None, 1.0, 25.0, None,2020-09-26 03:00:00, None,39
14.0, 471.0, None, -1.0, -0.9, 8.0, None, None, None, 25.0, None,2020-09-26 04:00:00, None,39
12.0, 470.0, None, -1.2, -0.9, -19.0, None, None, None, 25.0, None,2020-09-26 05:00:00, None,39
12.0, 470.0, None, -1.2, -1.2, 490.0, None, None, 0.0, 24.0, None,2020-09-26 06:00:00, None,39
14.0, 471.0, None, -1.3, -1.2, 490.0, None, None, 1.0, 24.0, None,2020-09-26 07:00:00, None,39
14.0, 471.0, None, -0.8, -0.7, 490.0, None, None, 0.0, 23.0, None,2020-09-26 08:00:00, None,39
14.0, 471.0, None, -0.5, -0.3, 7.0, None, None, 0.0, 23.0, None,2020-09-26 09:00:00, None,39
15.0, 473.0, None, 0.0, 0.3, 6.0, None, None, 2.0, 23.0, None,2020-09-26 10:00:00, None,39
13.0, 473.0, None, 0.2, 0.5, 4.0, None, None, 0.0, 23.0, None,2020-09-26 11:00:00, None,39
11.0, 473.0, None, 0.1, 0.3, 11.0, None, None, 0.0, 24.0, None,2020-09-26 12:00:00, None,39
11.0, 475.0, None, -0.1, 0.0, 490.0, None, None, 2.0, 25.0, None,2020-09-26 13:00:00, None,39
11.0, 476.0, None, 1.0, 1.5, 7.0, None, None, 1.0, 26.0, None,2020-09-26 14:00:00, None,39
9.0, 476.0, None, 2.4, 3.4, 6.0, None, None, 0.0, 27.0, None,2020-09-26 15:00:00, None,39
7.0, 476.0, None, 1.3, 2.0, 7.0, None, None, 0.0, 27.0, None,2020-09-26 16:00:00, None,39
5.0, 476.0, None, 0.1, 0.4, 1.0, None, None, 0.0, 27.0, None,2020-09-26 17:00:00, None,39
3.0, 476.0, None, -0.2, -0.1, 490.0, None, None, 0.0, 26.0, None,2020-09-26 18:00:00, None,39
0.0, 475.0, None, -0.5, -0.3, 490.0, None, None, None, 25.0, None,2020-09-26 19:00:00, None,39
0.0, 476.0, None, -0.5, -0.5, 5.0, None, None, 1.0, 24.0, None,2020-09-26 20:00:00, None,39
0.0, 476.0, None, -0.5, -0.4, 7.0, None, None, 0.0, 24.0, None,2020-09-26 21:00:00, None,39
1.0, 476.0, None, -0.6, -0.6, 0.0, None, None, 0.0, 23.0, None,2020-09-26 22:00:00, None,39
2.0, 476.0, None, -1.0, -1.2, 0.0, None, None, 0.0, 23.0, None,2020-09-26 23:00:00, None,39
1.0, 476.0, None, -0.7, -0.7, 2.0, None, None, 0.0, 22.0, None,2020-09-27 00:00:00, None,39
4.0, 476.0, None, -1.0, -1.1, 490.0, None, None, 0.0, 23.0, None,2020-09-27 01:00:00, None,39
5.0, 476.0, None, -1.2, -1.4, 490.0, None, None, 0.0, 22.0, None,2020-09-27 02:00:00, None,39
5.0, 477.0, None, -0.7, -0.7, 6.0, None, None, 1.0, 22.0, None,2020-09-27 03:00:00, None,39
5.0, 476.0, None, -1.3, -1.5, 6.0, None, None, None, 22.0, None,2020-09-27 04:00:00, None,39
6.0, 476.0, None, -1.6, -1.7, 7.0, None, None, 0.0, 22.0, None,2020-09-27 05:00:00, None,39
6.0, 476.0, None, -2.1, -2.4, 7.0, None, None, 0.0, 22.0, None,2020-09-27 06:00:00, None,39
5.0, 476.0, None, -2.4, -2.7, 490.0, None, None, 0.0, 21.0, None,2020-09-27 07:00:00, None,39
5.0, 476.0, None, -0.3, -1.9, 490.0, None, None, 0.0, 21.0, None,2020-09-27 08:00:00, None,39
6.0, 477.0, None, 2.8, 2.3, 4.0, None, None, 1.0, 22.0, None,2020-09-27 09:00:00, None,39
5.0, 478.0, None, 5.1, 5.2, 8.0, None, None, 1.0, 25.0, None,2020-09-27 10:00:00, None,39
4.0, 477.0, None, 3.0, 4.6, 4.0, None, None, None, 27.0, None,2020-09-27 11:00:00, None,39
5.0, 478.0, None, 5.7, 7.5, 3.0, None, None, 1.0, 27.0, None,2020-09-27 12:00:00, None,39
2.0, 477.0, None, 5.3, 6.0, 9.0, None, None, None, 28.0, None,2020-09-27 13:00:00, None,39
1.0, 477.0, None, 4.8, 5.4, 9.0, None, None, 0.0, 28.0, None,2020-09-27 14:00:00, None,39
1.0, 477.0, None, 4.4, 5.0, 6.0, None, None, 0.0, 28.0, None,2020-09-27 15:00:00, None,39
1.0, 477.0, None, 4.8, 5.2, 9.0, None, None, 0.0, 27.0, None,2020-09-27 16:00:00, None,39
0.0, 476.0, None, 3.9, 4.5, 4.0, None, None, None, 24.0, None,2020-09-27 17:00:00, None,39
0.0, 476.0, None, 2.6, 2.7, 4.0, None, None, 0.0, 22.0, None,2020-09-27 18:00:00, None,39
1.0, 476.0, None, 1.4, 1.4, 1.0, None, None, 0.0, 21.0, None,2020-09-27 19:00:00, None,39
0.0, 476.0, None, 1.6, 1.3, 5.0, None, None, 0.0, 19.0, None,2020-09-27 20:00:00, None,39
1.0, 477.0, None, 1.6, 1.6, 1.0, None, None, 1.0, 18.0, None,2020-09-27 21:00:00, None,39
1.0, 477.0, None, 2.1, 2.1, 1.0, None, None, 0.0, 18.0, None,2020-09-27 22:00:00, None,39
1.0, 477.0, None, 2.7, 2.6, -31.0, None, None, 0.0, 18.0, None,2020-09-27 23:00:00, None,39
1.0, 477.0, None, 2.1, 2.0, 490.0, None, None, 0.0, 18.0, None,2020-09-28 00:00:00, None,39
1.0, 477.0, None, 2.6, 2.2, 490.0, None, None, 0.0, 17.0, None,2020-09-28 01:00:00, None,39
1.0, 477.0, None, 2.3, 2.2, 2.0, None, None, 0.0, 17.0, None,2020-09-28 02:00:00, None,39
0.0, 477.0, None, 2.5, 2.1, 3.0, None, None, 0.0, 16.0, None,2020-09-28 03:00:00, None,39
1.0, 477.0, None, 1.8, 1.4, 2.0, None, None, 0.0, 16.0, None,2020-09-28 04:00:00, None,39
1.0, 477.0, None, 2.1, 1.8, 2.0, None, None, 0.0, 16.0, None,2020-09-28 05:00:00, None,39
1.0, 477.0, None, 2.3, 2.0, 1.0, None, None, 0.0, 16.0, None,2020-09-28 06:00:00, None,39
1.0, 477.0, None, 2.2, 1.9, 0.0, None, None, 0.0, 16.0, None,2020-09-28 07:00:00, None,39
1.0, 477.0, None, 3.1, 2.9, 490.0, None, None, 0.0, 16.0, None,2020-09-28 08:00:00, None,39
0.0, 477.0, None, 4.6, 5.0, 1.0, None, None, 0.0, 16.0, None,2020-09-28 09:00:00, None,39
0.0, 478.0, None, 5.9, 6.3, 2.0, None, None, 1.0, 19.0, None,2020-09-28 10:00:00, None,39
1.0, 478.0, None, 8.2, 9.0, 8.0, None, None, 0.0, 21.0, None,2020-09-28 11:00:00, None,39
None, 477.0, None, 8.5, 9.5, 7.0, None, None, None, 22.0, None,2020-09-28 12:00:00, None,39
0.0, 477.0, None, 8.9, 9.9, 6.0, None, None, 0.0, 21.0, None,2020-09-28 13:00:00, None,39
0.0, 477.0, None, 9.4, 10.3, 6.0, None, None, 0.0, 19.0, None,2020-09-28 14:00:00, None,39
0.0, 477.0, None, 9.7, 10.2, 6.0, None, None, 0.0, 13.0, None,2020-09-28 15:00:00, None,39
0.0, 477.0, None, 10.5, 11.1, 3.0, None, None, 0.0, 11.0, None,2020-09-28 16:00:00, None,39
1.0, 477.0, None, 9.4, 10.2, 2.0, None, None, 0.0, 8.0, None,2020-09-28 17:00:00, None,39
1.0, 477.0, None, 7.9, 7.2, 5.0, None, None, 0.0, 7.0, None,2020-09-28 18:00:00, None,39
1.0, 477.0, None, 7.4, 7.1, 5.0, None, None, 0.0, 6.0, None,2020-09-28 19:00:00, None,39
1.0, 477.0, None, 7.7, 7.3, -33.0, None, None, 0.0, 5.0, None,2020-09-28 20:00:00, None,39
0.0, 477.0, None, 7.3, 7.1, 5.0, None, None, 0.0, 4.0, None,2020-09-28 21:00:00, None,39
0.0, 477.0, None, 6.9, 6.8, -33.0, None, None, 0.0, 4.0, None,2020-09-28 22:00:00, None,39
0.0, 477.0, None, 6.8, 6.6, 490.0, None, None, 0.0, 4.0, None,2020-09-28 23:00:00, None,39
1.0, 478.0, None, 8.4, 7.9, 1.0, None, None, 1.0, 3.0, None,2020-09-29 00:00:00, None,39
0.0, 477.0, None, 6.5, 6.3, 5.0, None, None, None, 3.0, None,2020-09-29 01:00:00, None,39
0.0, 477.0, None, 6.1, 5.9, 7.0, None, None, 0.0, 3.0, None,2020-09-29 02:00:00, None,39
1.0, 478.0, None, 7.6, 7.2, 6.0, None, None, 1.0, 3.0, None,2020-09-29 03:00:00, None,39
1.0, 478.0, None, 8.7, 8.2, -35.0, None, None, 0.0, 3.0, None,2020-09-29 04:00:00, None,39
1.0, 478.0, None, 8.5, 8.6, 5.0, None, None, 0.0, 3.0, None,2020-09-29 05:00:00, None,39
0.0, 477.0, None, 6.9, 6.4, 5.0, None, None, None, 2.0, None,2020-09-29 06:00:00, None,39
1.0, 478.0, None, 6.8, 6.8, 5.0, None, None, 1.0, 2.0, None,2020-09-29 07:00:00, None,39
1.0, 478.0, None, 9.2, 8.5, 3.0, None, None, 0.0, 2.0, None,2020-09-29 08:00:00, None,39
1.0, 478.0, None, 11.0, 11.1, 5.0, None, None, 0.0, 5.0, None,2020-09-29 09:00:00, None,39
0.0, 478.0, None, 12.8, 13.3, 2.0, None, None, 0.0, 7.0, None,2020-09-29 10:00:00, None,39
0.0, 478.0, None, 14.1, 14.2, 2.0, None, None, 0.0, 9.0, None,2020-09-29 11:00:00, None,39
1.0, 478.0, None, 14.2, 15.1, 2.0, None, None, 0.0, 9.0, None,2020-09-29 12:00:00, None,39
1.0, 478.0, None, 14.4, 15.3, 1.0, None, None, 0.0, 9.0, None,2020-09-29 13:00:00, None,39
1.0, 478.0, None, 15.0, 15.2, 4.0, None, None, 0.0, 9.0, None,2020-09-29 14:00:00, None,39
0.0, 477.0, None, 15.6, 15.4, 3.0, None, None, None, 10.0, None,2020-09-29 15:00:00, None,39
0.0, 477.0, None, 14.9, 15.2, 3.0, None, None, 0.0, 10.0, None,2020-09-29 16:00:00, None,39
0.0, 477.0, None, 14.7, 15.5, -36.0, None, None, 0.0, 8.0, None,2020-09-29 17:00:00, None,39
0.0, 477.0, None, 12.5, 12.7, 3.0, None, None, 0.0, 7.0, None,2020-09-29 18:00:00, None,39
1.0, 478.0, None, 12.1, 12.0, 3.0, None, None, 1.0, 6.0, None,2020-09-29 19:00:00, None,39
0.0, 477.0, None, 11.0, 11.0, 4.0, None, None, None, 5.0, None,2020-09-29 20:00:00, None,39
0.0, 477.0, None, 10.4, 9.9, 3.0, None, None, 0.0, 4.0, None,2020-09-29 21:00:00, None,39
0.0, 477.0, None, 9.2, 9.1, 4.0, None, None, 0.0, 3.0, None,2020-09-29 22:00:00, None,39
1.0, 478.0, None, 9.7, 9.1, 4.0, None, None, 1.0, 2.0, None,2020-09-29 23:00:00, None,39
