wind_direction,rel_hum,avg_wnd_spd_10m_pst10mts,precipitation,dwpt_temp,wind_speed,air_temp,temperature,avg_wnd_dir_10m_pst10mts,rnfl_amt_pst1hr,rnfl_amt_pst24hrs,relative_humidity,time,snw_dpth,week_of_year,pcpn_amt_pst24hrs,SWE,cum_pcpn_amt,ONE_DAY_SNOW,air_temp_2,air_temp_1,MAX_TEMP,ONE_DAY_PRECIPITATION,pcpn_amt_pst1hr,snw_dpth_wtr_equiv,MIN_TEMP,SNOW_ON_THE_GROUND
132.0, None, None,0.0, None,3.0, None,-20.7, None, None, None,78.0,2022-01-01 00:00:00, None,1,,,,,,,,,,,,
22.0, None, None,0.0, None,3.5, None,-21.3, None, None, None,79.0,2022-01-01 01:00:00, None,1,,,,,,,,,,,,
171.0, None, None,0.0, None,3.0, None,-20.7, None, None, None,75.0,2022-01-01 02:00:00, None,1,,,,,,,,,,,,
94.0, 75.0, 3.0,0.0, -24.0,2.0, -20.7,-19.6, 171.0, 0.0, 0.0,77.0,2022-01-01 03:00:00, None,1,,,,,,,,,,,,
256.0, 77.0, 2.0,0.0, -22.6,2.6, -19.6,-18.6, 94.0, 0.0, 0.0,78.0,2022-01-01 04:00:00, None,1,,,,,,,,,,,,
342.0, 78.0, 2.6,0.0, -21.5,3.3, -18.6,-18.3, 256.0, 0.0, 0.0,77.0,2022-01-01 05:00:00, None,1,,,,,,,,,,,,
129.0, 77.0, 3.3,0.0, -21.3,5.4, -18.3,-18.6, 342.0, 0.0, 0.0,80.0,2022-01-01 06:00:00, None,1,,,,,,,,,,,,
112.0, 80.0, 5.4,0.0, -21.2,2.2, -18.6,-18.5, 129.0, 0.0, 0.0,79.0,2022-01-01 07:00:00, None,1,,,,,,,,,,,,
57.0, 79.0, 2.2,0.0, -21.2,3.4, -18.5,-17.8, 112.0, 0.0, 0.0,80.0,2022-01-01 08:00:00, None,1,,,,,,,,,,,,
289.0, None, None,0.0, None,3.7, None,-16.2, None, None, None,76.0,2022-01-01 09:00:00, None,1,,,,,,,,,,,,
213.0, 76.0, 3.7,0.0, -19.4,2.7, -16.2,-15.3, 289.0, 0.0, 0.0,73.0,2022-01-01 10:00:00, None,1,,,,,,,,,,,,
215.0, 73.0, 2.7,0.0, -19.0,3.6, -15.3,-15.0, 213.0, 0.0, 0.0,72.0,2022-01-01 11:00:00, None,1,,,,,,,,,,,,
183.0, 72.0, 3.6,0.0, -18.9,2.3, -15.0,-15.0, 215.0, 0.0, 0.0,75.0,2022-01-01 12:00:00, None,1,,,,,,,,,,,,
98.0, 75.0, 2.3,0.0, -18.4,4.1, -15.0,-14.8, 183.0, 0.0, 0.0,75.0,2022-01-01 13:00:00, None,1,,,,,,,,,,,,
85.0, 75.0, 4.1,0.0, -18.2,2.4, -14.8,-14.6, 98.0, 0.0, 0.0,78.0,2022-01-01 14:00:00, None,1,,,,,,,,,,,,
189.0, None, None,0.0, None,4.7, None,-14.1, None, None, None,78.0,2022-01-01 15:00:00, None,1,,,,,,,,,,,,
213.0, None, None,0.0, None,2.2, None,-14.6, None, None, None,81.0,2022-01-01 16:00:00, None,1,,,,,,,,,,,,
76.0, 81.0, 2.2,0.0, -17.1,4.0, -14.6,-14.7, 213.0, 0.0, 0.0,83.0,2022-01-01 17:00:00, None,1,,,,,,,,,,,,
62.0, 83.0, 4.0,0.0, -16.9,3.1, -14.7,-15.4, 76.0, 0.0, 0.0,84.0,2022-01-01 18:00:00, None,1,,,,,,,,,,,,
157.0, 84.0, 3.1,0.0, -17.5,2.6, -15.4,-14.3, 62.0, 0.0, 0.0,82.0,2022-01-01 19:00:00, None,1,,,,,,,,,,,,
32.0, 82.0, 2.6,0.0, -16.7,2.9, -14.3,-15.4, 157.0, 0.0, 0.0,83.0,2022-01-01 20:00:00, None,1,,,,,,,,,,,,
44.0, 83.0, 2.9,0.0, -17.6,6.6, -15.4,-16.0, 32.0, 0.0, 0.0,82.0,2022-01-01 21:00:00, None,1,,,,,,,,,,,,
153.0, 82.0, 6.6,0.0, -18.4,4.3, -16.0,-16.2, 44.0, 0.0, 0.0,83.0,2022-01-01 22:00:00, None,1,,,,,,,,,,,,
64.0, 83.0, 4.3,0.0, -18.4,3.2, -16.2,-16.6, 153.0, 0.0, 0.0,83.0,2022-01-01 23:00:00, None,1,,,,,,,,,,,,
195.0, 83.0, 3.2,0.0, -18.8,3.4, -16.6,-16.4, 64.0, 0.0, 0.0,83.0,2022-01-02 00:00:00, None,1,,,,,,,,,,,,
99.0, 83.0, 3.4,0.0, -18.6,4.9, -16.4,-16.8, 195.0, 0.0, 0.0,86.0,2022-01-02 01:00:00, None,1,,,,,,,,,,,,
114.0, 86.0, 4.9,0.0, -18.6,3.9, -16.8,-16.4, 99.0, 0.0, 0.0,81.0,2022-01-02 02:00:00, None,1,,,,,,,,,,,,
8.0, 81.0, 3.9,0.0, -18.9,2.4, -16.4,-15.8, 114.0, 0.0, 0.0,84.0,2022-01-02 03:00:00, None,1,,,,,,,,,,,,
162.0, 84.0, 2.4,0.0, -17.9,3.2, -15.8,-14.9, 8.0, 0.0, 0.0,84.0,2022-01-02 04:00:00, None,1,,,,,,,,,,,,
276.0, 84.0, 3.2,0.0, -17.0,3.1, -14.9,-15.5, 162.0, 0.0, 0.0,83.0,2022-01-02 05:00:00, None,1,,,,,,,,,,,,
119.0, 83.0, 3.1,0.0, -17.7,3.8, -15.5,-14.3, 276.0, 0.0, 0.0,86.0,2022-01-02 06:00:00, None,1,,,,,,,,,,,,
207.0, 86.0, 3.8,0.0, -16.1,3.6, -14.3,-14.1, 119.0, 0.0, 0.0,85.0,2022-01-02 07:00:00, None,1,,,,,,,,,,,,
358.0, 85.0, 3.6,0.0, -16.1,2.4, -14.1,-12.6, 207.0, 0.0, 0.0,84.0,2022-01-02 08:00:00, None,1,,,,,,,,,,,,
63.0, 84.0, 2.4,0.0, -14.7,3.4, -12.6,-12.5, 358.0, 0.0, 0.0,84.0,2022-01-02 09:00:00, None,1,,,,,,,,,,,,
343.0, 84.0, 3.4,0.0, -14.6,0.0, -12.5,-11.1, 63.0, 0.0, 0.0,78.0,2022-01-02 10:00:00, None,1,,,,,,,,,,,,
272.0, 78.0, 0.0,0.0, -14.2,3.5, -11.1,-11.0, 343.0, 0.0, 0.0,77.0,2022-01-02 11:00:00, None,1,,,,,,,,,,,,
183.0, 77.0, 3.5,0.0, -14.2,2.8, -11.0,-10.9, 272.0, 0.0, 0.0,79.0,2022-01-02 12:00:00, None,1,,,,,,,,,,,,
216.0, 79.0, 2.8,0.0, -13.8,2.8, -10.9,-10.6, 183.0, 0.0, 0.0,80.0,2022-01-02 13:00:00, None,1,,,,,,,,,,,,
248.0, 80.0, 2.8,0.0, -13.4,4.3, -10.6,-9.7, 216.0, 0.0, 0.0,73.0,2022-01-02 14:00:00, None,1,,,,,,,,,,,,
255.0, 73.0, 4.3,0.0, -13.6,3.5, -9.7,-10.3, 248.0, 0.0, 0.0,80.0,2022-01-02 15:00:00, None,1,,,,,,,,,,,,
141.0, 80.0, 3.5,0.0, -13.1,3.5, -10.3,-9.9, 255.0, 0.0, 0.0,79.0,2022-01-02 16:00:00, None,1,,,,,,,,,,,,
83.0, None, None,0.0, None,2.8, None,-9.9, None, None, None,84.0,2022-01-02 17:00:00, None,1,,,,,,,,,,,,
245.0, 84.0, 2.8,0.0, -12.1,2.2, -9.9,-9.6, 83.0, 0.0, 0.0,86.0,2022-01-02 18:00:00, None,1,,,,,,,,,,,,
84.0, 86.0, 2.2,0.0, -11.5,3.6, -9.6,-9.6, 245.0, 0.0, 0.0,88.0,2022-01-02 19:00:00, None,1,,,,,,,,,,,,
80.0, 88.0, 3.6,0.0, -11.2,3.7, -9.6,-9.3, 84.0, 0.0, 0.0,89.0,2022-01-02 20:00:00, None,1,,,,,,,,,,,,
127.0, 89.0, 3.7,0.0, -10.8,3.5, -9.3,-8.6, 80.0, 0.0, 0.0,88.0,2022-01-02 21:00:00, None,1,,,,,,,,,,,,
49.0, 88.0, 3.5,0.0, -10.2,4.2, -8.6,-8.0, 127.0, 0.0, 0.0,90.0,2022-01-02 22:00:00, None,1,,,,,,,,,,,,
93.0, 90.0, 4.2,0.0, -9.3,5.6, -8.0,-7.9, 49.0, 0.0, 0.0,92.0,2022-01-02 23:00:00, None,1,,,,,,,,,,,,
82.0, 92.0, 5.6,0.0, -9.0,6.7, -7.9,-6.9, 93.0, 0.0, 0.0,93.0,2022-01-03 00:00:00, None,1,,,,,,,,,,,,
126.0, 93.0, 6.7,0.0, -7.8,4.8, -6.9,-6.4, 82.0, 0.0, 0.0,94.0,2022-01-03 01:00:00, None,1,,,,,,,,,,,,
77.0, 94.0, 4.8,0.0, -7.2,3.7, -6.4,-6.1, 126.0, 0.0, 0.0,95.0,2022-01-03 02:00:00, None,1,,,,,,,,,,,,
93.0, 95.0, 3.7,0.0, -6.8,3.2, -6.1,-5.9, 77.0, 0.0, 0.0,95.0,2022-01-03 03:00:00, None,1,,,,,,,,,,,,
141.0, 95.0, 3.2,0.0, -6.6,5.0, -5.9,-5.4, 93.0, 0.0, 0.0,97.0,2022-01-03 04:00:00, None,1,,,,,,,,,,,,
139.0, 97.0, 5.0,0.0, -5.8,4.0, -5.4,-5.0, 141.0, 0.0, 0.0,98.0,2022-01-03 05:00:00, None,1,,,,,,,,,,,,
103.0, 98.0, 4.0,0.0, -5.3,7.2, -5.0,-4.6, 139.0, 0.0, 0.0,98.0,2022-01-03 06:00:00, None,1,,,,,,,,,,,,
88.0, 98.0, 7.2,0.0, -4.9,4.9, -4.6,-4.4, 103.0, 0.0, 0.0,97.0,2022-01-03 07:00:00, None,1,,,,,,,,,,,,
92.0, 97.0, 4.9,0.0, -4.8,3.7, -4.4,-4.0, 88.0, 0.0, 0.0,97.0,2022-01-03 08:00:00, None,1,,,,,,,,,,,,
54.0, 97.0, 3.7,0.0, -4.4,5.0, -4.0,-3.1, 92.0, 0.0, 0.0,94.0,2022-01-03 09:00:00, None,1,,,,,,,,,,,,
128.0, 94.0, 5.0,0.0, -3.9,4.8, -3.1,-2.7, 54.0, 0.0, 0.0,93.0,2022-01-03 10:00:00, None,1,,,,,,,,,,,,
197.0, 93.0, 4.8,0.0, -3.7,4.8, -2.7,-2.5, 128.0, 0.0, 0.0,92.0,2022-01-03 11:00:00, None,1,,,,,,,,,,,,
305.0, 92.0, 4.8,0.0, -3.6,5.7, -2.5,-1.9, 197.0, 0.0, 0.0,91.0,2022-01-03 12:00:00, None,1,,,,,,,,,,,,
3.0, 91.0, 5.7,0.0, -3.2,5.0, -1.9,-1.9, 305.0, 0.0, 0.0,91.0,2022-01-03 13:00:00, None,1,,,,,,,,,,,,
276.0, 91.0, 5.0,0.0, -3.2,0.0, -1.9,-2.1, 3.0, 0.0, 0.0,92.0,2022-01-03 14:00:00, None,1,,,,,,,,,,,,
315.0, 92.0, 0.0,0.0, -3.2,1.8, -2.1,-2.1, 276.0, 0.0, 0.0,95.0,2022-01-03 15:00:00, None,1,,,,,,,,,,,,
77.0, 95.0, 1.8,0.0, -2.8,3.4, -2.1,-3.3, 315.0, 0.0, 0.0,99.0,2022-01-03 16:00:00, None,1,,,,,,,,,,,,
146.0, 99.0, 3.4,0.0, -3.4,3.7, -3.3,-3.1, 77.0, 0.0, 0.0,98.0,2022-01-03 17:00:00, None,1,,,,,,,,,,,,
204.0, 98.0, 3.7,0.0, -3.4,4.1, -3.1,-3.4, 146.0, 0.0, 0.0,99.0,2022-01-03 18:00:00, None,1,,,,,,,,,,,,
330.0, 99.0, 4.1,0.0, -3.5,5.3, -3.4,-3.2, 204.0, 0.0, 0.0,97.0,2022-01-03 19:00:00, None,1,,,,,,,,,,,,
131.0, 97.0, 5.3,0.0, -3.6,3.7, -3.2,-4.0, 330.0, 0.0, 0.0,99.0,2022-01-03 20:00:00, None,1,,,,,,,,,,,,
144.0, 99.0, 3.7,0.0, -4.1,10.6, -4.0,-2.8, 131.0, 0.0, 0.0,86.0,2022-01-03 21:00:00, None,1,,,,,,,,,,,,
141.0, 86.0, 10.6,0.0, -4.8,6.6, -2.8,-4.6, 144.0, 0.0, 0.0,95.0,2022-01-03 22:00:00, None,1,,,,,,,,,,,,
122.0, 95.0, 6.6,0.0, -5.3,6.3, -4.6,-4.7, 141.0, 0.0, 0.0,92.0,2022-01-03 23:00:00, None,1,,,,,,,,,,,,
94.0, 92.0, 6.3,0.0, -5.8,3.0, -4.7,-5.4, 122.0, 0.0, 0.0,97.0,2022-01-04 00:00:00, None,1,,,,,,,,,,,,
128.0, 97.0, 3.0,0.0, -5.8,4.2, -5.4,-4.6, 94.0, 0.0, 0.0,95.0,2022-01-04 01:00:00, None,1,,,,,,,,,,,,
351.0, 95.0, 4.2,0.0, -5.3,1.9, -4.6,-4.2, 128.0, 0.0, 0.0,93.0,2022-01-04 02:00:00, None,1,,,,,,,,,,,,
49.0, 93.0, 1.9,0.0, -5.2,1.6, -4.2,-4.1, 351.0, 0.0, 0.0,95.0,2022-01-04 03:00:00, None,1,,,,,,,,,,,,
79.0, 95.0, 1.6,0.0, -4.8,1.8, -4.1,-4.6, 49.0, 0.0, 0.0,97.0,2022-01-04 04:00:00, None,1,,,,,,,,,,,,
123.0, 97.0, 1.8,0.0, -5.0,2.3, -4.6,-5.1, 79.0, 0.0, 0.0,97.0,2022-01-04 05:00:00, None,1,,,,,,,,,,,,
166.0, 97.0, 2.3,0.0, -5.5,6.6, -5.1,-5.5, 123.0, 0.0, 0.0,96.0,2022-01-04 06:00:00, None,1,,,,,,,,,,,,
198.0, 96.0, 6.6,0.0, -6.0,5.0, -5.5,-5.1, 166.0, 0.0, 0.0,93.0,2022-01-04 07:00:00, None,1,,,,,,,,,,,,
216.0, 93.0, 5.0,0.0, -6.1,5.8, -5.1,-4.9, 198.0, 0.0, 0.0,94.0,2022-01-04 08:00:00, None,1,,,,,,,,,,,,
309.0, 94.0, 5.8,0.0, -5.7,3.5, -4.9,-4.9, 216.0, 0.0, 0.0,91.0,2022-01-04 09:00:00, None,1,,,,,,,,,,,,
219.0, 91.0, 3.5,0.0, -6.1,0.0, -4.9,-5.0, 309.0, 0.0, 0.0,89.0,2022-01-04 10:00:00, None,1,,,,,,,,,,,,
284.0, 89.0, 0.0,0.0, -6.5,5.6, -5.0,-5.9, 219.0, 0.0, 0.0,93.0,2022-01-04 11:00:00, None,1,,,,,,,,,,,,
291.0, 93.0, 5.6,0.0, -6.8,3.0, -5.9,-5.6, 284.0, 0.0, 0.0,90.0,2022-01-04 12:00:00, None,1,,,,,,,,,,,,
296.0, 90.0, 3.0,0.0, -7.0,4.2, -5.6,-6.0, 291.0, 0.0, 0.0,91.0,2022-01-04 13:00:00, None,1,,,,,,,,,,,,
310.0, 91.0, 4.2,0.0, -7.2,1.7, -6.0,-5.8, 296.0, 0.0, 0.0,91.0,2022-01-04 14:00:00, None,1,,,,,,,,,,,,
85.0, 91.0, 1.7,0.0, -7.0,1.6, -5.8,-7.0, 310.0, 0.0, 0.0,94.0,2022-01-04 15:00:00, None,1,,,,,,,,,,,,
157.0, 94.0, 1.6,0.0, -7.8,1.8, -7.0,-7.2, 85.0, 0.0, 0.0,95.0,2022-01-04 16:00:00, None,1,,,,,,,,,,,,
193.0, 95.0, 1.8,0.0, -7.9,5.8, -7.2,-7.4, 157.0, 0.0, 0.0,89.0,2022-01-04 17:00:00, None,1,,,,,,,,,,,,
357.0, 89.0, 5.8,0.0, -8.9,2.5, -7.4,-8.3, 193.0, 0.0, 0.0,93.0,2022-01-04 18:00:00, None,1,,,,,,,,,,,,
303.0, 93.0, 2.5,0.0, -9.2,2.9, -8.3,-8.6, 357.0, 0.0, 0.0,91.0,2022-01-04 19:00:00, None,1,,,,,,,,,,,,
128.0, 91.0, 2.9,0.0, -9.8,1.8, -8.6,-9.1, 303.0, 0.0, 0.0,93.0,2022-01-04 20:00:00, None,1,,,,,,,,,,,,
2.0, 93.0, 1.8,0.0, -10.0,1.9, -9.1,-9.1, 128.0, 0.0, 0.0,93.0,2022-01-04 21:00:00, None,1,,,,,,,,,,,,
295.0, 93.0, 1.9,0.0, -10.0,4.1, -9.1,-9.0, 2.0, 0.0, 0.0,88.0,2022-01-04 22:00:00, None,1,,,,,,,,,,,,
312.0, 88.0, 4.1,0.0, -10.6,5.3, -9.0,-9.7, 295.0, 0.0, 0.0,90.0,2022-01-04 23:00:00, None,1,,,,,,,,,,,,
127.0, 90.0, 5.3,0.0, -11.0,2.6, -9.7,-9.7, 312.0, 0.0, 0.0,92.0,2022-01-05 00:00:00, None,1,,,,,,,,,,,,
101.0, 92.0, 2.6,0.0, -10.8,3.0, -9.7,-9.3, 127.0, 0.0, 0.0,90.0,2022-01-05 01:00:00, None,1,,,,,,,,,,,,
305.0, 90.0, 3.0,0.0, -10.6,1.7, -9.3,-9.3, 101.0, 0.0, 0.0,90.0,2022-01-05 02:00:00, None,1,,,,,,,,,,,,
260.0, 90.0, 1.7,0.0, -10.6,3.5, -9.3,-10.3, 305.0, 0.0, 0.0,88.0,2022-01-05 03:00:00, None,1,,,,,,,,,,,,
177.0, 88.0, 3.5,0.0, -11.9,16.5, -10.3,-11.3, 260.0, 0.0, 0.0,80.0,2022-01-05 04:00:00, None,1,,,,,,,,,,,,
181.0, 80.0, 16.5,0.0, -14.1,17.5, -11.3,-12.1, 177.0, 0.0, 0.0,78.0,2022-01-05 05:00:00, None,1,,,,,,,,,,,,
175.0, 78.0, 17.5,0.0, -15.1,16.1, -12.1,-12.5, 181.0, 0.0, 0.0,79.0,2022-01-05 06:00:00, None,1,,,,,,,,,,,,
183.0, 79.0, 16.1,0.0, -15.4,16.1, -12.5,-12.8, 175.0, 0.0, 0.0,78.0,2022-01-05 07:00:00, None,1,,,,,,,,,,,,
161.0, 78.0, 16.1,0.0, -15.8,8.7, -12.8,-13.1, 183.0, 0.0, 0.0,76.0,2022-01-05 08:00:00, None,1,,,,,,,,,,,,
174.0, None, None,0.0, None,9.9, None,-12.8, None, None, None,71.0,2022-01-05 09:00:00, None,1,,,,,,,,,,,,
179.0, 71.0, 9.9,0.0, -17.0,12.4, -12.8,-12.6, 174.0, 0.0, 0.0,69.0,2022-01-05 10:00:00, None,1,,,,,,,,,,,,
190.0, 69.0, 12.4,0.0, -17.1,9.2, -12.6,-12.4, 179.0, 0.0, 0.0,69.0,2022-01-05 11:00:00, None,1,,,,,,,,,,,,
200.0, 69.0, 9.2,0.0, -16.9,7.4, -12.4,-12.0, 190.0, 0.0, 0.0,67.0,2022-01-05 12:00:00, None,1,,,,,,,,,,,,
279.0, 67.0, 7.4,0.0, -16.9,5.3, -12.0,-12.1, 200.0, 0.0, 0.0,69.0,2022-01-05 13:00:00, None,1,,,,,,,,,,,,
281.0, 69.0, 5.3,0.0, -16.6,2.8, -12.1,-12.3, 279.0, 0.0, 0.0,70.0,2022-01-05 14:00:00, None,1,,,,,,,,,,,,
197.0, 70.0, 2.8,0.0, -16.6,4.9, -12.3,-12.8, 281.0, 0.0, 0.0,73.0,2022-01-05 15:00:00, None,1,,,,,,,,,,,,
278.0, 73.0, 4.9,0.0, -16.6,2.9, -12.8,-13.1, 197.0, 0.0, 0.0,76.0,2022-01-05 16:00:00, None,1,,,,,,,,,,,,
266.0, None, None,0.0, None,2.0, None,-13.6, None, None, None,76.0,2022-01-05 17:00:00, None,1,,,,,,,,,,,,
265.0, 76.0, 2.0,0.0, -16.9,2.6, -13.6,-13.9, 266.0, 0.0, 0.0,77.0,2022-01-05 18:00:00, None,1,,,,,,,,,,,,
39.0, 77.0, 2.6,0.0, -17.1,3.3, -13.9,-13.9, 265.0, 0.0, 0.0,81.0,2022-01-05 19:00:00, None,1,,,,,,,,,,,,
172.0, 81.0, 3.3,0.0, -16.5,0.0, -13.9,-14.3, 39.0, 0.0, 0.0,79.0,2022-01-05 20:00:00, None,1,,,,,,,,,,,,
305.0, 79.0, 0.0,0.0, -17.1,1.6, -14.3,-14.6, 172.0, 0.0, 0.0,80.0,2022-01-05 21:00:00, None,1,,,,,,,,,,,,
133.0, 80.0, 1.6,0.0, -17.3,0.0, -14.6,-14.7, 305.0, 0.0, 0.0,83.0,2022-01-05 22:00:00, None,1,,,,,,,,,,,,
73.0, None, None,0.0, None,2.8, None,-14.6, None, None, None,84.0,2022-01-05 23:00:00, None,1,,,,,,,,,,,,
116.0, 84.0, 2.8,0.0, -16.7,2.6, -14.6,-14.7, 73.0, 0.0, 0.0,83.0,2022-01-06 00:00:00, None,1,,,,,,,,,,,,
244.0, 83.0, 2.6,0.0, -16.9,3.0, -14.7,-14.8, 116.0, 0.0, 0.0,85.0,2022-01-06 01:00:00, None,1,,,,,,,,,,,,
31.0, 85.0, 3.0,0.0, -16.8,1.7, -14.8,-14.4, 244.0, 0.0, 0.0,86.0,2022-01-06 02:00:00, None,1,,,,,,,,,,,,
61.0, 86.0, 1.7,0.0, -16.2,3.0, -14.4,-13.9, 31.0, 0.0, 0.0,87.0,2022-01-06 03:00:00, None,1,,,,,,,,,,,,
290.0, 87.0, 3.0,0.0, -15.6,3.1, -13.9,-14.4, 61.0, 0.0, 0.0,86.0,2022-01-06 04:00:00, None,1,,,,,,,,,,,,
232.0, 86.0, 3.1,0.0, -16.2,2.3, -14.4,-14.4, 290.0, 0.0, 0.0,86.0,2022-01-06 05:00:00, None,1,,,,,,,,,,,,
250.0, 86.0, 2.3,0.0, -16.2,5.9, -14.4,-14.3, 232.0, 0.0, 0.0,87.0,2022-01-06 06:00:00, None,1,,,,,,,,,,,,
65.0, 87.0, 5.9,0.0, -16.0,3.0, -14.3,-14.2, 250.0, 0.0, 0.0,87.0,2022-01-06 07:00:00, None,1,,,,,,,,,,,,
18.0, 87.0, 3.0,0.0, -15.9,2.6, -14.2,-13.7, 65.0, 0.0, 0.0,87.0,2022-01-06 08:00:00, None,1,,,,,,,,,,,,
250.0, 87.0, 2.6,0.0, -15.4,2.3, -13.7,-13.4, 18.0, 0.0, 0.0,85.0,2022-01-06 09:00:00, None,1,,,,,,,,,,,,
46.0, 85.0, 2.3,0.0, -15.4,1.8, -13.4,-12.7, 250.0, 0.0, 0.0,83.0,2022-01-06 10:00:00, None,1,,,,,,,,,,,,
286.0, 83.0, 1.8,0.0, -15.0,2.7, -12.7,-12.4, 46.0, 0.0, 0.0,87.0,2022-01-06 11:00:00, None,1,,,,,,,,,,,,
287.0, 87.0, 2.7,0.0, -14.1,2.6, -12.4,-11.7, 286.0, 0.0, 0.0,86.0,2022-01-06 12:00:00, None,1,,,,,,,,,,,,
263.0, 86.0, 2.6,0.0, -13.6,1.9, -11.7,-11.4, 287.0, 0.0, 0.0,86.0,2022-01-06 13:00:00, None,1,,,,,,,,,,,,
284.0, 86.0, 1.9,0.0, -13.3,1.9, -11.4,-11.1, 263.0, 0.0, 0.0,86.0,2022-01-06 14:00:00, None,1,,,,,,,,,,,,
283.0, 86.0, 1.9,0.0, -13.0,1.9, -11.1,-11.1, 284.0, 0.0, 0.0,89.0,2022-01-06 15:00:00, None,1,,,,,,,,,,,,
304.0, 89.0, 1.9,0.0, -12.6,3.2, -11.1,-11.1, 283.0, 0.0, 0.0,87.0,2022-01-06 16:00:00, None,1,,,,,,,,,,,,
97.0, 87.0, 3.2,0.0, -12.8,4.0, -11.1,-10.7, 304.0, 0.0, 0.0,87.0,2022-01-06 17:00:00, None,1,,,,,,,,,,,,
78.0, 87.0, 4.0,0.0, -12.4,2.2, -10.7,-10.0, 97.0, 0.0, 0.0,88.0,2022-01-06 18:00:00, None,1,,,,,,,,,,,,
291.0, 88.0, 2.2,0.0, -11.6,2.5, -10.0,-10.1, 78.0, 0.0, 0.0,88.0,2022-01-06 19:00:00, None,1,,,,,,,,,,,,
239.0, 88.0, 2.5,0.0, -11.7,2.2, -10.1,-10.0, 291.0, 0.0, 0.0,88.0,2022-01-06 20:00:00, None,1,,,,,,,,,,,,
98.0, 88.0, 2.2,0.0, -11.6,2.9, -10.0,-9.5, 239.0, 0.0, 0.0,90.0,2022-01-06 21:00:00, None,1,,,,,,,,,,,,
57.0, 90.0, 2.9,0.0, -10.8,3.9, -9.5,-8.9, 98.0, 0.0, 0.0,87.0,2022-01-06 22:00:00, None,1,,,,,,,,,,,,
339.0, 87.0, 3.9,0.0, -10.7,2.1, -8.9,-9.2, 57.0, 0.0, 0.0,92.0,2022-01-06 23:00:00, None,1,,,,,,,,,,,,
216.0, 92.0, 2.1,0.0, -10.3,2.2, -9.2,-9.2, 339.0, 0.0, 0.0,91.0,2022-01-07 00:00:00, None,1,,,,,,,,,,,,
18.0, 91.0, 2.2,0.0, -10.4,1.6, -9.2,-9.1, 216.0, 0.0, 0.0,92.0,2022-01-07 01:00:00, None,1,,,,,,,,,,,,
341.0, 92.0, 1.6,0.0, -10.2,2.8, -9.1,-8.7, 18.0, 0.0, 0.0,92.0,2022-01-07 02:00:00, None,1,,,,,,,,,,,,
59.0, 92.0, 2.8,0.0, -9.8,4.2, -8.7,-8.1, 341.0, 0.0, 0.0,91.0,2022-01-07 03:00:00, None,1,,,,,,,,,,,,
100.0, 91.0, 4.2,0.0, -9.3,3.0, -8.1,-7.6, 59.0, 0.0, 0.0,92.0,2022-01-07 04:00:00, None,1,,,,,,,,,,,,
279.0, 92.0, 3.0,0.0, -8.7,3.2, -7.6,-8.3, 100.0, 0.0, 0.0,94.0,2022-01-07 05:00:00, None,1,,,,,,,,,,,,
331.0, 94.0, 3.2,0.0, -9.1,2.3, -8.3,-8.3, 279.0, 0.0, 0.0,94.0,2022-01-07 06:00:00, None,1,,,,,,,,,,,,
93.0, 94.0, 2.3,0.0, -9.1,2.5, -8.3,-7.7, 331.0, 0.0, 0.0,93.0,2022-01-07 07:00:00, None,1,,,,,,,,,,,,
98.0, 93.0, 2.5,0.0, -8.6,2.6, -7.7,-7.0, 93.0, 0.0, 0.0,88.0,2022-01-07 08:00:00, None,1,,,,,,,,,,,,
307.0, 88.0, 2.6,0.0, -8.6,5.2, -7.0,-6.3, 98.0, 0.0, 0.0,89.0,2022-01-07 09:00:00, None,1,,,,,,,,,,,,
41.0, 89.0, 5.2,0.0, -7.8,2.2, -6.3,-5.7, 307.0, 0.0, 0.0,90.0,2022-01-07 10:00:00, None,1,,,,,,,,,,,,
190.0, 90.0, 2.2,0.0, -7.1,4.0, -5.7,-5.4, 41.0, 0.0, 0.0,91.0,2022-01-07 11:00:00, None,1,,,,,,,,,,,,
75.0, 91.0, 4.0,0.0, -6.6,5.7, -5.4,-4.8, 190.0, 0.0, 0.0,92.0,2022-01-07 12:00:00, None,1,,,,,,,,,,,,
310.0, 92.0, 5.7,0.0, -5.9,3.8, -4.8,-4.0, 75.0, 0.0, 0.0,90.0,2022-01-07 13:00:00, None,1,,,,,,,,,,,,
350.0, 90.0, 3.8,0.0, -5.4,3.2, -4.0,-4.4, 310.0, 0.0, 0.0,93.0,2022-01-07 14:00:00, None,1,,,,,,,,,,,,
17.0, 93.0, 3.2,0.0, -5.4,3.2, -4.4,-4.5, 350.0, 0.0, 0.0,94.0,2022-01-07 15:00:00, None,1,,,,,,,,,,,,
117.0, 94.0, 3.2,0.0, -5.3,3.7, -4.5,-4.8, 17.0, 0.0, 0.0,96.0,2022-01-07 16:00:00, None,1,,,,,,,,,,,,
114.0, 96.0, 3.7,0.0, -5.3,4.1, -4.8,-5.1, 117.0, 0.0, 0.0,97.0,2022-01-07 17:00:00, None,1,,,,,,,,,,,,
30.0, 97.0, 4.1,0.0, -5.5,3.0, -5.1,-5.3, 114.0, 0.0, 0.0,97.0,2022-01-07 18:00:00, None,1,,,,,,,,,,,,
119.0, None, None,0.0, None,2.4, None,-5.1, None, None, None,97.0,2022-01-07 19:00:00, None,1,,,,,,,,,,,,
59.0, None, None,0.0, None,2.7, None,-5.3, None, None, None,97.0,2022-01-07 20:00:00, None,1,,,,,,,,,,,,
138.0, 97.0, 2.7,0.0, -5.7,2.8, -5.3,-5.1, 59.0, 0.0, 0.0,95.0,2022-01-07 21:00:00, None,1,,,,,,,,,,,,
345.0, 95.0, 2.8,0.0, -5.8,3.2, -5.1,-4.6, 138.0, 0.0, 0.0,97.0,2022-01-07 22:00:00, None,1,,,,,,,,,,,,
70.0, 97.0, 3.2,0.0, -5.0,5.2, -4.6,-5.2, 345.0, 0.0, 0.0,99.0,2022-01-07 23:00:00, None,1,,,,,,,,,,,,
,,,,,,,,,,,,2022-01-01 00:00:00,124.0,1,3.0, None,911.0, None,-22.5,-22.4, None, None, None,395.0, None, None
,,,,,,,,,,,,2022-01-01 01:00:00,125.0,1,4.0, None,913.0, None,-23.0,-23.0, None, None, 2.0,394.0, None, None
,,,,,,,,,,,,2022-01-01 02:00:00,124.0,1,1.0, None,912.0, None,-23.6,-23.2, None, None, None,394.0, None, None
,,,,,,,,,,,,2022-01-01 03:00:00,125.0,1,1.0, None,911.0, None,-23.5,-22.8, None, None, None,394.0, None, None
,,,,,,,,,,,,2022-01-01 04:00:00,124.0,1,, None,908.0, None,-21.9,-21.0, None, None, None,394.0, None, None
,,,,,,,,,,,,2022-01-01 05:00:00,124.0,1,, None,908.0, None,-20.9,-20.5, None, None, 0.0,394.0, None, None
,,,,,,,,,,,,2022-01-01 06:00:00,124.0,1,, None,907.0, None,-20.0,-19.8, None, None, None,395.0, None, None
,,,,,,,,,,,,2022-01-01 07:00:00,124.0,1,, None,907.0, None,-19.3,-19.2, None, None, 0.0,395.0, None, None
,,,,,,,,,,,,2022-01-01 08:00:00,124.0,1,, None,908.0, None,-19.2,-19.2, None, None, 1.0,395.0, None, None
,,,,,,,,,,,,2022-01-01 09:00:00,124.0,1,, None,905.0, None,-18.6,-18.5, None, None, None,395.0, None, None
,,,,,,,,,,,,2022-01-01 10:00:00,124.0,1,, None,905.0, None,-18.0,-18.3, None, None, 0.0,395.0, None, None
,,,,,,,,,,,,2022-01-01 11:00:00,124.0,1,0.0, None,904.0, None,-17.3,-17.8, None, None, None,395.0, None, None
,,,,,,,,,,,,2022-01-01 12:00:00,124.0,1,, None,904.0, None,-17.3,-17.6, None, None, 0.0,395.0, None, None
,,,,,,,,,,,,2022-01-01 13:00:00,124.0,1,, None,903.0, None,-16.8,-17.1, None, None, None,395.0, None, None
,,,,,,,,,,,,2022-01-01 14:00:00,124.0,1,, None,903.0, None,-16.5,-16.8, None, None, 0.0,395.0, None, None
,,,,,,,,,,,,2022-01-01 15:00:00,124.0,1,, None,903.0, None,-16.8,-16.9, None, None, 0.0,395.0, None, None
,,,,,,,,,,,,2022-01-01 16:00:00,124.0,1,, None,902.0, None,-16.8,-16.7, None, None, None,395.0, None, None
,,,,,,,,,,,,2022-01-01 17:00:00,124.0,1,, None,902.0, None,-16.4,-16.3, None, None, 0.0,395.0, None, None
,,,,,,,,,,,,2022-01-01 18:00:00,124.0,1,, None,901.0, None,-15.8,-15.8, None, None, None,395.0, None, None
,,,,,,,,,,,,2022-01-01 19:00:00,124.0,1,, None,900.0, None,-15.8,-15.7, None, None, None,395.0, None, None
,,,,,,,,,,,,2022-01-01 20:00:00,124.0,1,, None,899.0, None,-15.0,-15.0, None, None, None,395.0, None, None
,,,,,,,,,,,,2022-01-01 21:00:00,123.0,1,, None,899.0, None,-15.5,-15.7, None, None, 0.0,395.0, None, None
,,,,,,,,,,,,2022-01-01 22:00:00,124.0,1,, None,900.0, None,-17.3,-17.5, None, None, 1.0,395.0, None, None
,,,,,,,,,,,,2022-01-01 23:00:00,124.0,1,, None,899.0, None,-16.9,-16.7, None, None, None,395.0, None, None
,,,,,,,,,,,,2022-01-02 00:00:00,123.0,1,, None,898.0, None,-16.9,-16.9, None, None, None,396.0, None, None
,,,,,,,,,,,,2022-01-02 01:00:00,124.0,1,, None,898.0, None,-16.9,-16.6, None, None, 0.0,396.0, None, None
,,,,,,,,,,,,2022-01-02 02:00:00,123.0,1,, None,897.0, None,-16.6,-16.4, None, None, None,396.0, None, None
,,,,,,,,,,,,2022-01-02 03:00:00,123.0,1,, None,896.0, None,-16.6,-16.4, None, None, None,396.0, None, None
,,,,,,,,,,,,2022-01-02 04:00:00,123.0,1,, None,895.0, None,-16.0,-15.7, None, None, None,396.0, None, None
,,,,,,,,,,,,2022-01-02 05:00:00,123.0,1,, None,894.0, None,-15.3,-15.2, None, None, None,396.0, None, None
,,,,,,,,,,,,2022-01-02 06:00:00,123.0,1,, None,893.0, None,-15.0,-15.0, None, None, None,396.0, None, None
,,,,,,,,,,,,2022-01-02 07:00:00,123.0,1,, None,894.0, None,-14.4,-14.3, None, None, 1.0,396.0, None, None
,,,,,,,,,,,,2022-01-02 08:00:00,123.0,1,, None,894.0, None,-13.7,-13.6, None, None, 0.0,396.0, None, None
,,,,,,,,,,,,2022-01-02 09:00:00,122.0,1,, None,893.0, None,-12.7,-12.6, None, None, None,396.0, None, None
,,,,,,,,,,,,2022-01-02 10:00:00,122.0,1,, None,893.0, None,-10.9,-11.2, None, None, 0.0,396.0, None, None
,,,,,,,,,,,,2022-01-02 11:00:00,122.0,1,, None,893.0, None,-9.8,-10.0, None, None, 0.0,396.0, None, None
,,,,,,,,,,,,2022-01-02 12:00:00,122.0,1,, None,893.0, None,-10.0,-10.6, None, None, 0.0,396.0, None, None
,,,,,,,,,,,,2022-01-02 13:00:00,122.0,1,, None,894.0, None,-11.3,-11.9, None, None, 1.0,397.0, None, None
,,,,,,,,,,,,2022-01-02 14:00:00,121.0,1,, None,895.0, None,-11.8,-12.0, None, None, 1.0,397.0, None, None
,,,,,,,,,,,,2022-01-02 15:00:00,121.0,1,, None,895.0, None,-11.5,-11.7, None, None, 0.0,397.0, None, None
,,,,,,,,,,,,2022-01-02 16:00:00,122.0,1,, None,895.0, None,-11.8,-12.0, None, None, 0.0,397.0, None, None
,,,,,,,,,,,,2022-01-02 17:00:00,123.0,1,, None,895.0, None,-11.7,-11.7, None, None, 0.0,397.0, None, None
,,,,,,,,,,,,2022-01-02 18:00:00,123.0,1,, None,895.0, None,-11.4,-11.4, None, None, 0.0,398.0, None, None
,,,,,,,,,,,,2022-01-02 19:00:00,123.0,1,, None,895.0, None,-11.0,-10.9, None, None, 0.0,398.0, None, None
,,,,,,,,,,,,2022-01-02 20:00:00,124.0,1,, None,895.0, None,-10.9,-10.9, None, None, 0.0,398.0, None, None
,,,,,,,,,,,,2022-01-02 21:00:00,123.0,1,, None,896.0, None,-10.7,-10.7, None, None, 1.0,398.0, None, None
,,,,,,,,,,,,2022-01-02 22:00:00,122.0,1,, None,895.0, None,-10.7,-10.8, None, None, None,398.0, None, None
,,,,,,,,,,,,2022-01-02 23:00:00,124.0,1,, None,896.0, None,-10.4,-10.4, None, None, 1.0,398.0, None, None
,,,,,,,,,,,,2022-01-03 00:00:00,123.0,1,, None,896.0, None,-10.4,-10.4, None, None, 0.0,399.0, None, None
,,,,,,,,,,,,2022-01-03 01:00:00,123.0,1,, None,896.0, None,-10.2,-10.2, None, None, 0.0,400.0, None, None
,,,,,,,,,,,,2022-01-03 02:00:00,123.0,1,0.0, None,897.0, None,-10.0,-10.0, None, None, 1.0,401.0, None, None
,,,,,,,,,,,,2022-01-03 03:00:00,123.0,1,1.0, None,897.0, None,-9.9,-9.9, None, None, 0.0,401.0, None, None
,,,,,,,,,,,,2022-01-03 04:00:00,120.0,1,2.0, None,897.0, None,-9.8,-9.8, None, None, 0.0,402.0, None, None
,,,,,,,,,,,,2022-01-03 05:00:00,124.0,1,3.0, None,897.0, None,-9.7,-9.7, None, None, 0.0,403.0, None, None
,,,,,,,,,,,,2022-01-03 06:00:00,123.0,1,4.0, None,897.0, None,-9.6,-9.6, None, None, 0.0,404.0, None, None
,,,,,,,,,,,,2022-01-03 07:00:00,124.0,1,3.0, None,897.0, None,-9.5,-9.5, None, None, 0.0,404.0, None, None
,,,,,,,,,,,,2022-01-03 08:00:00,124.0,1,3.0, None,897.0, None,-9.4,-9.4, None, None, 0.0,405.0, None, None
,,,,,,,,,,,,2022-01-03 09:00:00,127.0,1,4.0, None,897.0, None,-9.1,-9.1, None, None, 0.0,406.0, None, None
,,,,,,,,,,,,2022-01-03 10:00:00,128.0,1,4.0, None,897.0, None,-8.8,-8.9, None, None, 0.0,407.0, None, None
,,,,,,,,,,,,2022-01-03 11:00:00,127.0,1,4.0, None,897.0, None,-8.2,-8.3, None, None, 0.0,408.0, None, None
,,,,,,,,,,,,2022-01-03 12:00:00,127.0,1,3.0, None,896.0, None,-7.5,-7.5, None, None, None,408.0, None, None
,,,,,,,,,,,,2022-01-03 13:00:00,127.0,1,3.0, None,897.0, None,-7.6,-7.9, None, None, 1.0,408.0, None, None
,,,,,,,,,,,,2022-01-03 14:00:00,127.0,1,2.0, None,897.0, None,-7.9,-8.0, None, None, 0.0,409.0, None, None
,,,,,,,,,,,,2022-01-03 15:00:00,127.0,1,2.0, None,897.0, None,-8.3,-8.4, None, None, 0.0,409.0, None, None
,,,,,,,,,,,,2022-01-03 16:00:00,128.0,1,2.0, None,897.0, None,-8.4,-8.4, None, None, 0.0,410.0, None, None
,,,,,,,,,,,,2022-01-03 17:00:00,128.0,1,2.0, None,897.0, None,-8.3,-8.4, None, None, 0.0,410.0, None, None
,,,,,,,,,,,,2022-01-03 18:00:00,128.0,1,2.0, None,897.0, None,-8.5,-8.6, None, None, 0.0,410.0, None, None
,,,,,,,,,,,,2022-01-03 19:00:00,128.0,1,2.0, None,897.0, None,-8.7,-8.7, None, None, 0.0,410.0, None, None
,,,,,,,,,,,,2022-01-03 20:00:00,128.0,1,2.0, None,897.0, None,-10.0,-9.8, None, None, 0.0,411.0, None, None
,,,,,,,,,,,,2022-01-03 21:00:00,125.0,1,2.0, None,898.0, None,-10.9,-10.8, None, None, 1.0,412.0, None, None
,,,,,,,,,,,,2022-01-03 22:00:00,124.0,1,3.0, None,898.0, None,-11.5,-11.5, None, None, 0.0,412.0, None, None
,,,,,,,,,,,,2022-01-03 23:00:00,124.0,1,2.0, None,898.0, None,-11.5,-11.5, None, None, 0.0,412.0, None, None
,,,,,,,,,,,,2022-01-04 00:00:00,124.0,1,2.0, None,898.0, None,-11.5,-11.5, None, None, 0.0,412.0, None, None
,,,,,,,,,,,,2022-01-04 01:00:00,123.0,1,2.0, None,898.0, None,-11.8,-11.8, None, None, 0.0,412.0, None, None
,,,,,,,,,,,,2022-01-04 02:00:00,125.0,1,1.0, None,898.0, None,-11.8,-11.9, None, None, 0.0,412.0, None, None
,,,,,,,,,,,,2022-01-04 03:00:00,128.0,1,1.0, None,898.0, None,-11.9,-11.9, None, None, 0.0,413.0, None, None
,,,,,,,,,,,,2022-01-04 04:00:00,126.0,1,1.0, None,898.0, None,-11.8,-11.8, None, None, 0.0,413.0, None, None
,,,,,,,,,,,,2022-01-04 05:00:00,130.0,1,1.0, None,898.0, None,-11.7,-11.8, None, None, 0.0,413.0, None, None
,,,,,,,,,,,,2022-01-04 06:00:00,131.0,1,1.0, None,898.0, None,-11.8,-11.9, None, None, 0.0,413.0, None, None
,,,,,,,,,,,,2022-01-04 07:00:00,131.0,1,2.0, None,899.0, None,-13.8,-13.8, None, None, 1.0,413.0, None, None
,,,,,,,,,,,,2022-01-04 08:00:00,129.0,1,2.0, None,899.0, None,-13.9,-13.6, None, None, 0.0,413.0, None, None
,,,,,,,,,,,,2022-01-04 09:00:00,129.0,1,1.0, None,898.0, None,-13.2,-12.7, None, None, None,413.0, None, None
,,,,,,,,,,,,2022-01-04 10:00:00,125.0,1,0.0, None,897.0, None,-10.5,-9.8, None, None, None,413.0, None, None
,,,,,,,,,,,,2022-01-04 11:00:00,135.0,1,0.0, None,897.0, None,-9.7,-10.2, None, None, 0.0,413.0, None, None
,,,,,,,,,,,,2022-01-04 12:00:00,136.0,1,1.0, None,897.0, None,-9.5,-10.0, None, None, 0.0,414.0, None, None
,,,,,,,,,,,,2022-01-04 13:00:00,131.0,1,0.0, None,897.0, None,-9.8,-10.2, None, None, 0.0,415.0, None, None
,,,,,,,,,,,,2022-01-04 14:00:00,136.0,1,0.0, None,897.0, None,-9.2,-9.7, None, None, 0.0,416.0, None, None
,,,,,,,,,,,,2022-01-04 15:00:00,137.0,1,0.0, None,897.0, None,-9.6,-10.0, None, None, 0.0,416.0, None, None
,,,,,,,,,,,,2022-01-04 16:00:00,135.0,1,1.0, None,898.0, None,-10.6,-11.0, None, None, 1.0,417.0, None, None
,,,,,,,,,,,,2022-01-04 17:00:00,135.0,1,1.0, None,898.0, None,-11.4,-11.5, None, None, 0.0,417.0, None, None
,,,,,,,,,,,,2022-01-04 18:00:00,135.0,1,1.0, None,898.0, None,-11.5,-11.4, None, None, 0.0,417.0, None, None
,,,,,,,,,,,,2022-01-04 19:00:00,135.0,1,1.0, None,898.0, None,-11.5,-11.5, None, None, 0.0,417.0, None, None
,,,,,,,,,,,,2022-01-04 20:00:00,135.0,1,1.0, None,898.0, None,-11.7,-11.6, None, None, 0.0,417.0, None, None
,,,,,,,,,,,,2022-01-04 21:00:00,136.0,1,0.0, None,898.0, None,-11.8,-11.8, None, None, 0.0,417.0, None, None
,,,,,,,,,,,,2022-01-04 22:00:00,135.0,1,0.0, None,898.0, None,-11.8,-11.8, None, None, 0.0,417.0, None, None
,,,,,,,,,,,,2022-01-04 23:00:00,136.0,1,0.0, None,898.0, None,-12.0,-12.0, None, None, 0.0,417.0, None, None
,,,,,,,,,,,,2022-01-05 00:00:00,133.0,1,0.0, None,898.0, None,-12.2,-12.2, None, None, 0.0,418.0, None, None
,,,,,,,,,,,,2022-01-05 01:00:00,131.0,1,0.0, None,898.0, None,-12.3,-12.2, None, None, 0.0,418.0, None, None
,,,,,,,,,,,,2022-01-05 02:00:00,131.0,1,0.0, None,898.0, None,-12.5,-12.6, None, None, 0.0,418.0, None, None
,,,,,,,,,,,,2022-01-05 03:00:00,133.0,1,0.0, None,898.0, None,-13.1,-13.1, None, None, 0.0,418.0, None, None
,,,,,,,,,,,,2022-01-05 04:00:00,133.0,1,1.0, None,899.0, None,-14.2,-14.3, None, None, 1.0,418.0, None, None
,,,,,,,,,,,,2022-01-05 05:00:00,133.0,1,1.0, None,899.0, None,-14.8,-14.6, None, None, 0.0,418.0, None, None
,,,,,,,,,,,,2022-01-05 06:00:00,131.0,1,1.0, None,899.0, None,-14.4,-14.5, None, None, 0.0,418.0, None, None
,,,,,,,,,,,,2022-01-05 07:00:00,130.0,1,0.0, None,899.0, None,-14.4,-14.3, None, None, 0.0,418.0, None, None
,,,,,,,,,,,,2022-01-05 08:00:00,130.0,1,0.0, None,899.0, None,-15.2,-15.2, None, None, 0.0,418.0, None, None
,,,,,,,,,,,,2022-01-05 09:00:00,129.0,1,2.0, None,900.0, None,-15.9,-16.0, None, None, 1.0,418.0, None, None
,,,,,,,,,,,,2022-01-05 10:00:00,132.0,1,1.0, None,898.0, None,-14.6,-14.9, None, None, None,418.0, None, None
,,,,,,,,,,,,2022-01-05 11:00:00,130.0,1,1.0, None,898.0, None,-12.5,-10.6, None, None, 0.0,418.0, None, None
,,,,,,,,,,,,2022-01-05 12:00:00,128.0,1,1.0, None,898.0, None,-12.2,-10.2, None, None, 0.0,418.0, None, None
,,,,,,,,,,,,2022-01-05 13:00:00,129.0,1,2.0, None,899.0, None,-12.2,-12.5, None, None, 1.0,418.0, None, None
,,,,,,,,,,,,2022-01-05 14:00:00,130.0,1,2.0, None,899.0, None,-13.1,-13.2, None, None, 0.0,418.0, None, None
,,,,,,,,,,,,2022-01-05 15:00:00,130.0,1,3.0, None,900.0, None,-14.6,-15.3, None, None, 1.0,418.0, None, None
,,,,,,,,,,,,2022-01-05 16:00:00,131.0,1,2.0, None,900.0, None,-16.2,-16.3, None, None, 0.0,418.0, None, None
,,,,,,,,,,,,2022-01-05 17:00:00,131.0,1,2.0, None,900.0, None,-16.3,-15.7, None, None, 0.0,418.0, None, None
,,,,,,,,,,,,2022-01-05 18:00:00,132.0,1,2.0, None,900.0, None,-15.8,-15.1, None, None, 0.0,418.0, None, None
,,,,,,,,,,,,2022-01-05 19:00:00,126.0,1,2.0, None,900.0, None,-15.4,-15.1, None, None, 0.0,418.0, None, None
,,,,,,,,,,,,2022-01-05 20:00:00,130.0,1,2.0, None,900.0, None,-16.2,-15.8, None, None, 0.0,418.0, None, None
,,,,,,,,,,,,2022-01-05 21:00:00,130.0,1,2.0, None,900.0, None,-16.1,-15.6, None, None, 0.0,418.0, None, None
,,,,,,,,,,,,2022-01-05 22:00:00,130.0,1,2.0, None,900.0, None,-15.7,-15.1, None, None, 0.0,418.0, None, None
,,,,,,,,,,,,2022-01-05 23:00:00,131.0,1,1.0, None,899.0, None,-15.1,-14.6, None, None, None,418.0, None, None
,,,,,,,,,,,,2022-01-06 00:00:00,131.0,1,1.0, None,899.0, None,-14.5,-14.2, None, None, 0.0,418.0, None, None
,,,,,,,,,,,,2022-01-06 01:00:00,130.0,1,1.0, None,899.0, None,-14.3,-14.2, None, None, 0.0,418.0, None, None
,,,,,,,,,,,,2022-01-06 02:00:00,133.0,1,1.0, None,899.0, None,-14.2,-14.2, None, None, 0.0,418.0, None, None
,,,,,,,,,,,,2022-01-06 03:00:00,134.0,1,1.0, None,899.0, None,-14.0,-13.9, None, None, 0.0,419.0, None, None
,,,,,,,,,,,,2022-01-06 04:00:00,133.0,1,0.0, None,899.0, None,-13.7,-13.7, None, None, 0.0,420.0, None, None
,,,,,,,,,,,,2022-01-06 05:00:00,135.0,1,0.0, None,899.0, None,-13.6,-13.5, None, None, 0.0,421.0, None, None
,,,,,,,,,,,,2022-01-06 06:00:00,135.0,1,0.0, None,899.0, None,-13.5,-13.4, None, None, 0.0,422.0, None, None
,,,,,,,,,,,,2022-01-06 07:00:00,139.0,1,0.0, None,899.0, None,-13.3,-13.2, None, None, 0.0,423.0, None, None
,,,,,,,,,,,,2022-01-06 08:00:00,135.0,1,0.0, None,899.0, None,-13.2,-13.2, None, None, 0.0,424.0, None, None
,,,,,,,,,,,,2022-01-06 09:00:00,142.0,1,, None,899.0, None,-12.7,-12.7, None, None, 0.0,425.0, None, None
,,,,,,,,,,,,2022-01-06 10:00:00,140.0,1,0.0, None,898.0, None,-12.1,-12.3, None, None, None,425.0, None, None
,,,,,,,,,,,,2022-01-06 11:00:00,142.0,1,0.0, None,898.0, None,-11.7,-12.0, None, None, 0.0,426.0, None, None
,,,,,,,,,,,,2022-01-06 12:00:00,142.0,1,0.0, None,898.0, None,-11.1,-11.5, None, None, 0.0,427.0, None, None
,,,,,,,,,,,,2022-01-06 13:00:00,142.0,1,, None,898.0, None,-11.0,-11.2, None, None, 0.0,427.0, None, None
,,,,,,,,,,,,2022-01-06 14:00:00,142.0,1,, None,898.0, None,-10.5,-10.7, None, None, 0.0,428.0, None, None
,,,,,,,,,,,,2022-01-06 15:00:00,142.0,1,, None,898.0, None,-9.9,-10.0, None, None, 0.0,428.0, None, None
,,,,,,,,,,,,2022-01-06 16:00:00,141.0,1,, None,898.0, None,-9.7,-9.8, None, None, 0.0,428.0, None, None
,,,,,,,,,,,,2022-01-06 17:00:00,141.0,1,, None,898.0, None,-9.6,-9.5, None, None, 0.0,428.0, None, None
,,,,,,,,,,,,2022-01-06 18:00:00,141.0,1,, None,897.0, None,-9.1,-9.1, None, None, None,428.0, None, None
,,,,,,,,,,,,2022-01-06 19:00:00,140.0,1,, None,897.0, None,-8.7,-8.7, None, None, 0.0,428.0, None, None
,,,,,,,,,,,,2022-01-06 20:00:00,140.0,1,, None,897.0, None,-8.6,-8.7, None, None, 0.0,428.0, None, None
,,,,,,,,,,,,2022-01-06 21:00:00,140.0,1,, None,897.0, None,-8.5,-8.4, None, None, 0.0,429.0, None, None
,,,,,,,,,,,,2022-01-06 22:00:00,140.0,1,, None,897.0, None,-7.9,-7.8, None, None, 0.0,430.0, None, None
,,,,,,,,,,,,2022-01-06 23:00:00,139.0,1,, None,897.0, None,-7.5,-7.3, None, None, 0.0,430.0, None, None
,,,,,,,,,,,,2022-01-07 00:00:00,140.0,1,, None,897.0, None,-7.1,-7.2, None, None, 0.0,430.0, None, None
,,,,,,,,,,,,2022-01-07 01:00:00,140.0,1,, None,897.0, None,-7.3,-7.3, None, None, 0.0,431.0, None, None
,,,,,,,,,,,,2022-01-07 02:00:00,141.0,1,, None,897.0, None,-7.5,-7.6, None, None, 0.0,433.0, None, None
,,,,,,,,,,,,2022-01-07 03:00:00,142.0,1,, None,897.0, None,-7.7,-7.8, None, None, 0.0,434.0, None, None
,,,,,,,,,,,,2022-01-07 04:00:00,142.0,1,, None,897.0, None,-7.4,-7.3, None, None, 0.0,435.0, None, None
,,,,,,,,,,,,2022-01-07 05:00:00,142.0,1,, None,897.0, None,-7.0,-6.9, None, None, 0.0,435.0, None, None
,,,,,,,,,,,,2022-01-07 06:00:00,142.0,1,, None,897.0, None,-6.7,-6.7, None, None, 0.0,436.0, None, None
,,,,,,,,,,,,2022-01-07 07:00:00,142.0,1,, None,896.0, None,-6.2,-6.1, None, None, None,437.0, None, None
,,,,,,,,,,,,2022-01-07 08:00:00,142.0,1,, None,896.0, None,-5.8,-5.7, None, None, 0.0,438.0, None, None
,,,,,,,,,,,,2022-01-07 09:00:00,142.0,1,, None,896.0, None,-4.7,-4.8, None, None, 0.0,439.0, None, None
,,,,,,,,,,,,2022-01-07 10:00:00,142.0,1,, None,896.0, None,-4.5,-4.7, None, None, 0.0,440.0, None, None
,,,,,,,,,,,,2022-01-07 11:00:00,140.0,1,, None,896.0, None,-4.3,-4.6, None, None, 0.0,441.0, None, None
,,,,,,,,,,,,2022-01-07 12:00:00,143.0,1,, None,896.0, None,-4.1,-4.0, None, None, 0.0,443.0, None, None
,,,,,,,,,,,,2022-01-07 13:00:00,142.0,1,, None,896.0, None,-7.0,-7.1, None, None, 0.0,444.0, None, None
,,,,,,,,,,,,2022-01-07 14:00:00,141.0,1,, None,897.0, None,-8.3,-8.5, None, None, 1.0,444.0, None, None
,,,,,,,,,,,,2022-01-07 15:00:00,141.0,1,, None,897.0, None,-9.7,-10.1, None, None, 0.0,445.0, None, None
,,,,,,,,,,,,2022-01-07 16:00:00,142.0,1,, None,897.0, None,-10.6,-10.9, None, None, 0.0,445.0, None, None
,,,,,,,,,,,,2022-01-07 17:00:00,143.0,1,0.0, None,898.0, None,-11.5,-11.8, None, None, 1.0,446.0, None, None
,,,,,,,,,,,,2022-01-07 18:00:00,141.0,1,1.0, None,898.0, None,-12.0,-12.2, None, None, 0.0,446.0, None, None
,,,,,,,,,,,,2022-01-07 19:00:00,142.0,1,1.0, None,898.0, None,-12.1,-12.2, None, None, 0.0,446.0, None, None
,,,,,,,,,,,,2022-01-07 20:00:00,144.0,1,1.0, None,898.0, None,-12.3,-12.5, None, None, 0.0,447.0, None, None
,,,,,,,,,,,,2022-01-07 21:00:00,140.0,1,1.0, None,898.0, None,-12.9,-12.9, None, None, 0.0,447.0, None, None
,,,,,,,,,,,,2022-01-07 22:00:00,144.0,1,1.0, None,898.0, None,-12.9,-13.0, None, None, 0.0,447.0, None, None
,,,,,,,,,,,,2022-01-07 23:00:00,144.0,1,1.0, None,898.0, None,-13.2,-13.2, None, None, 0.0,448.0, None, None
