AirTemperature,Precipitation,Rain,WindSpeed,SnowDepth,time,WindDirection,RelativeHumidity,week_of_year
2.7, 0.0,0.0,5.1, 0.0,2018-06-11 00:00:00,24.0,97.0,24
2.7, None,0.0,7.0, None,2018-06-11 00:15:00,28.0,98.0,24
2.3, None,0.0,6.3, None,2018-06-11 00:30:00,38.0,97.0,24
1.9, None,0.0,5.7, None,2018-06-11 00:45:00,41.0,97.0,24
1.7, 1.0,0.0,3.3, 0.0,2018-06-11 01:00:00,26.0,98.0,24
1.4, None,0.0,3.6, None,2018-06-11 01:15:00,34.0,97.0,24
1.4, None,0.0,3.2, None,2018-06-11 01:30:00,24.0,98.0,24
1.0, None,0.0,3.5, None,2018-06-11 01:45:00,27.0,98.0,24
1.3, 0.0,0.0,2.7, 0.0,2018-06-11 02:00:00,320.0,98.0,24
1.2, None,0.0,4.5, None,2018-06-11 02:15:00,35.0,98.0,24
1.9, None,0.0,6.4, None,2018-06-11 02:30:00,22.0,99.0,24
1.0, None,0.0,3.0, None,2018-06-11 02:45:00,19.0,98.0,24
0.9, 0.0,0.0,3.2, 0.0,2018-06-11 03:00:00,321.0,98.0,24
0.6, None,0.0,2.8, None,2018-06-11 03:15:00,65.0,98.0,24
0.7, None,0.0,2.7, None,2018-06-11 03:30:00,40.0,98.0,24
0.6, None,0.0,2.9, None,2018-06-11 03:45:00,16.0,98.0,24
0.7, 0.0,0.0,1.1, 0.0,2018-06-11 04:00:00,29.0,99.0,24
0.6, None,0.0,1.8, None,2018-06-11 04:15:00,16.0,99.0,24
0.6, None,0.0,2.5, None,2018-06-11 04:30:00,50.0,98.0,24
0.5, None,0.0,2.8, None,2018-06-11 04:45:00,27.0,98.0,24
0.7, 0.0,0.0,1.3, 0.0,2018-06-11 05:00:00,351.0,98.0,24
0.8, None,0.0,0.4, None,2018-06-11 05:15:00,3.0,98.0,24
1.6, None,0.0,1.3, None,2018-06-11 05:30:00,282.0,98.0,24
2.8, None,0.0,1.9, None,2018-06-11 05:45:00,51.0,96.0,24
4.3, 0.0,0.0,1.1, 0.0,2018-06-11 06:00:00,245.0,93.0,24
5.7, None,0.0,2.0, None,2018-06-11 06:15:00,62.0,86.0,24
7.5, None,0.0,0.1, None,2018-06-11 06:30:00,300.0,86.0,24
8.7, None,0.0,1.7, None,2018-06-11 06:45:00,241.0,81.0,24
9.7, -1.0,0.0,1.2, 0.0,2018-06-11 07:00:00,205.0,76.0,24
10.5, None,0.0,2.2, None,2018-06-11 07:15:00,199.0,72.0,24
12.0, None,0.0,1.9, None,2018-06-11 07:30:00,189.0,65.0,24
12.0, None,0.0,3.2, None,2018-06-11 07:45:00,203.0,64.0,24
11.9, -1.0,0.0,4.7, 0.0,2018-06-11 08:00:00,293.0,56.0,24
12.2, None,0.0,5.9, None,2018-06-11 08:15:00,98.0,54.0,24
12.8, None,0.0,6.8, None,2018-06-11 08:30:00,132.0,54.0,24
12.9, None,0.0,6.5, None,2018-06-11 08:45:00,137.0,50.0,24
13.3, -1.0,0.0,6.3, 0.0,2018-06-11 09:00:00,250.0,52.0,24
11.7, None,0.0,8.3, None,2018-06-11 09:15:00,229.0,53.0,24
13.9, None,0.0,5.5, None,2018-06-11 09:30:00,147.0,44.0,24
12.8, None,0.0,6.1, None,2018-06-11 09:45:00,259.0,52.0,24
13.6, 0.0,0.0,9.2, 0.0,2018-06-11 10:00:00,164.0,51.0,24
12.8, None,0.0,7.1, None,2018-06-11 10:15:00,181.0,59.0,24
12.4, None,0.0,5.9, None,2018-06-11 10:30:00,152.0,58.0,24
13.4, None,0.0,9.7, None,2018-06-11 10:45:00,189.0,56.0,24
13.6, 0.0,0.0,6.9, 0.0,2018-06-11 11:00:00,215.0,51.0,24
13.8, None,0.0,12.4, None,2018-06-11 11:15:00,208.0,50.0,24
14.9, None,0.0,13.0, None,2018-06-11 11:30:00,239.0,47.0,24
13.8, None,0.0,14.1, None,2018-06-11 11:45:00,244.0,50.0,24
14.7, -1.0,0.0,14.2, 0.007,2018-06-11 12:00:00,235.0,52.0,24
14.9, None,0.0,15.7, None,2018-06-11 12:15:00,222.0,47.0,24
15.4, None,0.0,14.8, None,2018-06-11 12:30:00,225.0,46.0,24
15.3, None,0.0,19.7, None,2018-06-11 12:45:00,208.0,46.0,24
15.5, 0.0,0.0,19.6, 0.003,2018-06-11 13:00:00,202.0,38.0,24
15.7, None,0.0,19.5, None,2018-06-11 13:15:00,197.0,43.0,24
16.5, None,0.0,15.8, None,2018-06-11 13:30:00,217.0,43.0,24
15.4, None,0.0,17.5, None,2018-06-11 13:45:00,232.0,48.0,24
16.4, 0.0,0.0,15.8, 0.005,2018-06-11 14:00:00,247.0,43.0,24
16.1, None,0.0,14.0, None,2018-06-11 14:15:00,258.0,45.0,24
15.2, None,0.0,14.2, None,2018-06-11 14:30:00,290.0,46.0,24
15.8, None,0.0,16.0, None,2018-06-11 14:45:00,279.0,46.0,24
15.8, 0.0,0.0,14.7, 0.0,2018-06-11 15:00:00,294.0,46.0,24
16.0, None,0.0,11.5, None,2018-06-11 15:15:00,275.0,42.0,24
15.5, None,0.0,15.1, None,2018-06-11 15:30:00,287.0,45.0,24
15.5, None,0.0,17.4, None,2018-06-11 15:45:00,262.0,45.0,24
15.9, 0.0,0.0,14.5, 0.0,2018-06-11 16:00:00,274.0,44.0,24
15.9, None,0.0,12.9, None,2018-06-11 16:15:00,282.0,46.0,24
15.4, None,0.0,14.4, None,2018-06-11 16:30:00,285.0,49.0,24
15.1, None,0.0,15.4, None,2018-06-11 16:45:00,279.0,49.0,24
15.1, 0.0,0.0,11.9, 0.0,2018-06-11 17:00:00,297.0,48.0,24
15.2, None,0.0,11.4, None,2018-06-11 17:15:00,268.0,48.0,24
14.8, None,0.0,11.6, None,2018-06-11 17:30:00,281.0,49.0,24
14.3, None,0.0,12.8, None,2018-06-11 17:45:00,296.0,48.0,24
14.4, 1.0,0.0,8.0, 0.0,2018-06-11 18:00:00,293.0,48.0,24
14.2, None,0.0,7.0, None,2018-06-11 18:15:00,299.0,50.0,24
13.7, None,0.0,6.6, None,2018-06-11 18:30:00,268.0,52.0,24
13.2, None,0.0,7.9, None,2018-06-11 18:45:00,248.0,51.0,24
12.5, 0.0,0.0,9.8, 0.0,2018-06-11 19:00:00,267.0,53.0,24
12.5, None,0.0,5.3, None,2018-06-11 19:15:00,246.0,54.0,24
11.1, None,0.0,11.6, None,2018-06-11 19:30:00,291.0,54.0,24
10.4, None,0.0,3.5, None,2018-06-11 19:45:00,83.0,63.0,24
8.4, 0.0,0.0,4.8, 0.0,2018-06-11 20:00:00,40.0,72.0,24
7.3, None,0.0,6.0, None,2018-06-11 20:15:00,40.0,78.0,24
6.8, None,0.0,7.1, None,2018-06-11 20:30:00,22.0,80.0,24
6.2, None,0.0,4.6, None,2018-06-11 20:45:00,28.0,83.0,24
5.8, 1.0,0.0,6.3, 0.0,2018-06-11 21:00:00,33.0,83.0,24
5.7, None,0.0,7.3, None,2018-06-11 21:15:00,24.0,83.0,24
5.0, None,0.0,5.7, None,2018-06-11 21:30:00,42.0,88.0,24
4.5, None,0.0,6.1, None,2018-06-11 21:45:00,50.0,89.0,24
4.5, 1.0,0.0,7.0, 0.0,2018-06-11 22:00:00,44.0,87.0,24
4.5, None,0.0,5.9, None,2018-06-11 22:15:00,29.0,89.0,24
4.3, None,0.0,4.3, None,2018-06-11 22:30:00,39.0,89.0,24
3.7, None,0.0,3.1, None,2018-06-11 22:45:00,43.0,93.0,24
3.6, 0.0,0.0,4.1, 0.001,2018-06-11 23:00:00,14.0,94.0,24
3.7, None,0.0,1.0, None,2018-06-11 23:15:00,335.0,94.0,24
3.7, None,0.0,4.8, None,2018-06-11 23:30:00,40.0,93.0,24
3.7, None,0.0,2.8, None,2018-06-11 23:45:00,325.0,95.0,24
3.7, 0.0,0.0,0.4, 0.0,2018-06-12 00:00:00,99.0,95.0,24
3.6, None,0.0,0.5, None,2018-06-12 00:15:00,307.0,96.0,24
3.6, None,0.0,0.1, None,2018-06-12 00:30:00,344.0,97.0,24
3.5, None,0.0,1.8, None,2018-06-12 00:45:00,259.0,97.0,24
3.4, 0.0,0.0,2.7, 0.0,2018-06-12 01:00:00,219.0,97.0,24
3.6, None,0.0,1.8, None,2018-06-12 01:15:00,147.0,98.0,24
3.6, None,0.0,2.1, None,2018-06-12 01:30:00,68.0,98.0,24
3.2, None,0.0,1.8, None,2018-06-12 01:45:00,274.0,98.0,24
3.1, 0.0,0.0,0.7, 0.0,2018-06-12 02:00:00,107.0,98.0,24
3.1, None,0.0,1.2, None,2018-06-12 02:15:00,274.0,98.0,24
3.1, None,0.0,2.4, None,2018-06-12 02:30:00,258.0,98.0,24
3.4, None,0.0,2.5, None,2018-06-12 02:45:00,276.0,99.0,24
3.1, 0.0,0.0,0.9, 0.0,2018-06-12 03:00:00,57.0,99.0,24
3.1, None,0.0,1.1, None,2018-06-12 03:15:00,124.0,99.0,24
3.0, None,0.0,3.9, None,2018-06-12 03:30:00,53.0,99.0,24
3.4, None,0.0,2.3, None,2018-06-12 03:45:00,36.0,99.0,24
3.5, 1.0,0.0,1.3, 0.0,2018-06-12 04:00:00,309.0,99.0,24
3.6, None,0.0,1.2, None,2018-06-12 04:15:00,347.0,99.0,24
3.6, None,0.0,3.3, None,2018-06-12 04:30:00,55.0,99.0,24
3.7, None,0.0,2.4, None,2018-06-12 04:45:00,38.0,99.0,24
4.2, 0.0,0.0,2.1, 0.0,2018-06-12 05:00:00,21.0,98.0,24
4.4, None,0.0,1.0, None,2018-06-12 05:15:00,258.0,98.0,24
4.7, None,0.0,0.6, None,2018-06-12 05:30:00,228.0,98.0,24
5.1, None,0.0,2.6, None,2018-06-12 05:45:00,20.0,97.0,24
5.8, -1.0,0.0,1.0, 0.0,2018-06-12 06:00:00,59.0,97.0,24
6.8, None,0.0,1.4, None,2018-06-12 06:15:00,16.0,96.0,24
7.4, None,0.0,2.4, None,2018-06-12 06:30:00,346.0,95.0,24
7.7, None,0.0,1.5, None,2018-06-12 06:45:00,243.0,95.0,24
8.7, 0.0,0.0,1.4, 0.0,2018-06-12 07:00:00,195.0,90.0,24
9.5, None,0.0,1.8, None,2018-06-12 07:15:00,26.0,85.0,24
10.4, None,0.0,3.1, None,2018-06-12 07:30:00,230.0,88.0,24
11.0, None,0.0,2.3, None,2018-06-12 07:45:00,193.0,80.0,24
11.8, -1.0,0.0,1.7, 0.0,2018-06-12 08:00:00,208.0,65.0,24
12.4, None,0.0,1.6, None,2018-06-12 08:15:00,80.0,63.0,24
12.4, None,0.0,3.5, None,2018-06-12 08:30:00,113.0,61.0,24
12.9, None,0.0,3.5, None,2018-06-12 08:45:00,170.0,60.0,24
12.9, -1.0,0.0,3.6, 0.0,2018-06-12 09:00:00,247.0,62.0,24
13.1, None,0.0,7.6, None,2018-06-12 09:15:00,280.0,63.0,24
13.7, None,0.0,3.4, None,2018-06-12 09:30:00,338.0,57.0,24
13.8, None,0.0,3.1, None,2018-06-12 09:45:00,321.0,59.0,24
13.5, 0.0,0.0,4.6, 0.0,2018-06-12 10:00:00,114.0,54.0,24
13.0, None,0.0,6.3, None,2018-06-12 10:15:00,130.0,55.0,24
13.0, None,0.0,5.4, None,2018-06-12 10:30:00,99.0,57.0,24
13.1, None,0.0,6.5, None,2018-06-12 10:45:00,137.0,60.0,24
13.0, 0.0,0.0,6.2, 0.0,2018-06-12 11:00:00,117.0,59.0,24
13.2, None,0.0,5.8, None,2018-06-12 11:15:00,77.0,59.0,24
13.8, None,0.0,7.5, None,2018-06-12 11:30:00,132.0,57.0,24
14.4, None,0.0,5.6, None,2018-06-12 11:45:00,309.0,55.0,24
14.6, 0.0,0.0,7.4, 0.0,2018-06-12 12:00:00,184.0,54.0,24
14.9, None,0.0,7.4, None,2018-06-12 12:15:00,142.0,55.0,24
14.7, None,0.0,5.3, None,2018-06-12 12:30:00,208.0,56.0,24
14.9, None,0.0,9.4, None,2018-06-12 12:45:00,171.0,55.0,24
14.5, 0.0,0.0,9.3, 0.0,2018-06-12 13:00:00,129.0,59.0,24
13.6, None,0.0,9.4, None,2018-06-12 13:15:00,132.0,59.0,24
13.8, None,0.0,6.6, None,2018-06-12 13:30:00,135.0,53.0,24
14.5, None,0.0,5.1, None,2018-06-12 13:45:00,89.0,53.0,24
14.5, -1.0,0.0,7.4, 0.0,2018-06-12 14:00:00,182.0,53.0,24
14.3, None,0.0,6.0, None,2018-06-12 14:15:00,101.0,59.0,24
14.4, None,0.0,6.5, None,2018-06-12 14:30:00,156.0,54.0,24
14.4, None,0.0,5.1, None,2018-06-12 14:45:00,37.0,55.0,24
13.7, 1.0,0.0,9.2, 0.0,2018-06-12 15:00:00,8.0,58.0,24
13.9, None,0.0,7.6, None,2018-06-12 15:15:00,43.0,55.0,24
14.4, None,0.0,6.3, None,2018-06-12 15:30:00,54.0,59.0,24
14.1, None,0.0,6.7, None,2018-06-12 15:45:00,69.0,57.0,24
13.9, 0.0,0.0,9.5, 0.0,2018-06-12 16:00:00,81.0,51.0,24
14.8, None,0.0,6.4, None,2018-06-12 16:15:00,75.0,50.0,24
15.0, None,0.0,6.3, None,2018-06-12 16:30:00,62.0,47.0,24
15.1, None,0.0,7.0, None,2018-06-12 16:45:00,53.0,48.0,24
14.4, -1.0,0.0,6.1, 0.0,2018-06-12 17:00:00,59.0,49.0,24
14.0, None,0.0,6.9, None,2018-06-12 17:15:00,94.0,50.0,24
13.9, None,0.0,3.9, None,2018-06-12 17:30:00,53.0,57.0,24
14.2, None,0.0,4.4, None,2018-06-12 17:45:00,52.0,56.0,24
14.2, 1.0,0.0,4.4, 0.0,2018-06-12 18:00:00,138.0,56.0,24
14.3, None,0.0,4.7, None,2018-06-12 18:15:00,91.0,51.0,24
14.0, None,0.0,5.3, None,2018-06-12 18:30:00,80.0,61.0,24
13.8, None,0.0,1.4, None,2018-06-12 18:45:00,175.0,60.0,24
13.4, 0.0,0.0,3.2, 0.0,2018-06-12 19:00:00,210.0,65.0,24
12.7, None,0.0,5.1, None,2018-06-12 19:15:00,25.0,65.0,24
12.6, None,0.0,2.5, None,2018-06-12 19:30:00,179.0,70.0,24
12.1, None,0.0,1.5, None,2018-06-12 19:45:00,6.0,78.0,24
11.5, 0.0,0.0,2.5, 0.0,2018-06-12 20:00:00,60.0,86.0,24
10.6, None,0.0,4.0, None,2018-06-12 20:15:00,60.0,89.0,24
10.1, None,0.0,4.6, None,2018-06-12 20:30:00,71.0,87.0,24
9.7, None,0.0,4.2, None,2018-06-12 20:45:00,353.0,87.0,24
9.5, 1.0,0.0,2.3, 0.0,2018-06-12 21:00:00,28.0,87.0,24
9.4, None,0.0,1.3, None,2018-06-12 21:15:00,101.0,91.0,24
9.3, None,0.0,2.3, None,2018-06-12 21:30:00,38.0,86.0,24
9.1, None,0.0,2.0, None,2018-06-12 21:45:00,47.0,88.0,24
9.1, 0.0,0.0,1.2, 0.0,2018-06-12 22:00:00,327.0,87.0,24
9.0, None,0.0,1.7, None,2018-06-12 22:15:00,54.0,88.0,24
9.0, None,0.0,3.4, None,2018-06-12 22:30:00,50.0,88.0,24
8.8, None,0.0,2.7, None,2018-06-12 22:45:00,83.0,91.0,24
8.6, 0.0,0.0,2.6, 0.0,2018-06-12 23:00:00,11.0,90.0,24
8.4, None,0.0,2.2, None,2018-06-12 23:15:00,11.0,93.0,24
8.1, None,0.0,3.1, None,2018-06-12 23:30:00,47.0,93.0,24
7.8, None,0.0,3.5, None,2018-06-12 23:45:00,342.0,91.0,24
8.0, 0.0,0.0,1.4, 0.0,2018-06-13 00:00:00,314.0,91.0,24
8.2, None,0.0,1.1, None,2018-06-13 00:15:00,16.0,89.0,24
8.2, None,0.0,3.6, None,2018-06-13 00:30:00,80.0,91.0,24
8.0, None,0.0,1.7, None,2018-06-13 00:45:00,333.0,93.0,24
8.0, 1.0,0.0,4.5, 0.0,2018-06-13 01:00:00,55.0,93.0,24
8.1, None,0.254,3.6, None,2018-06-13 01:15:00,69.0,95.0,24
7.9, None,0.0,4.3, None,2018-06-13 01:30:00,62.0,96.0,24
8.0, None,0.254,1.2, None,2018-06-13 01:45:00,354.0,96.0,24
8.0, 0.0,0.0,0.8, 0.0,2018-06-13 02:00:00,25.0,97.0,24
7.8, None,0.254,5.0, None,2018-06-13 02:15:00,250.0,98.0,24
7.9, None,0.508,4.8, None,2018-06-13 02:30:00,51.0,98.0,24
8.0, None,0.254,3.3, None,2018-06-13 02:45:00,22.0,98.0,24
8.1, 2.0,0.762,5.2, 0.0,2018-06-13 03:00:00,71.0,97.0,24
8.0, None,0.254,2.7, None,2018-06-13 03:15:00,8.0,97.0,24
8.0, None,0.254,2.0, None,2018-06-13 03:30:00,23.0,97.0,24
7.9, None,0.0,1.2, None,2018-06-13 03:45:00,50.0,98.0,24
7.9, 1.0,0.254,0.5, 0.001,2018-06-13 04:00:00,275.0,98.0,24
7.9, None,0.254,0.2, None,2018-06-13 04:15:00,222.0,98.0,24
7.9, None,0.0,3.6, None,2018-06-13 04:30:00,106.0,99.0,24
7.9, None,0.0,5.2, None,2018-06-13 04:45:00,151.0,99.0,24
7.9, 0.0,0.254,3.3, 0.001,2018-06-13 05:00:00,86.0,99.0,24
7.9, None,0.254,4.8, None,2018-06-13 05:15:00,132.0,99.0,24
8.0, None,0.0,1.9, None,2018-06-13 05:30:00,186.0,99.0,24
8.3, None,0.0,2.4, None,2018-06-13 05:45:00,158.0,99.0,24
8.3, 0.0,0.254,2.7, 0.0,2018-06-13 06:00:00,97.0,99.0,24
8.4, None,0.254,1.8, None,2018-06-13 06:15:00,253.0,99.0,24
8.5, None,0.254,4.5, None,2018-06-13 06:30:00,309.0,98.0,24
8.9, None,0.0,3.2, None,2018-06-13 06:45:00,328.0,97.0,24
9.3, 1.0,0.0,3.3, 0.0,2018-06-13 07:00:00,261.0,94.0,24
9.3, None,0.0,3.5, None,2018-06-13 07:15:00,214.0,94.0,24
9.4, None,0.0,2.9, None,2018-06-13 07:30:00,120.0,94.0,24
10.0, None,0.0,2.0, None,2018-06-13 07:45:00,46.0,89.0,24
10.0, 0.0,0.0,7.8, 0.0,2018-06-13 08:00:00,199.0,89.0,24
9.6, None,0.0,13.0, None,2018-06-13 08:15:00,218.0,87.0,24
9.5, None,0.0,12.0, None,2018-06-13 08:30:00,216.0,88.0,24
9.9, None,0.0,10.2, None,2018-06-13 08:45:00,234.0,85.0,24
9.8, -1.0,0.0,13.8, 0.0,2018-06-13 09:00:00,240.0,89.0,24
9.1, None,0.0,11.5, None,2018-06-13 09:15:00,276.0,88.0,24
10.6, None,0.0,10.7, None,2018-06-13 09:30:00,267.0,87.0,24
11.2, None,0.0,16.4, None,2018-06-13 09:45:00,246.0,76.0,24
10.9, 0.0,0.0,13.8, 0.0,2018-06-13 10:00:00,289.0,83.0,24
10.4, None,0.0,15.6, None,2018-06-13 10:15:00,297.0,81.0,24
10.7, None,0.0,16.0, None,2018-06-13 10:30:00,280.0,82.0,24
10.7, None,0.0,12.1, None,2018-06-13 10:45:00,262.0,86.0,24
11.9, 0.0,0.0,12.6, 0.002,2018-06-13 11:00:00,249.0,75.0,24
10.4, None,0.0,15.0, None,2018-06-13 11:15:00,301.0,82.0,24
11.4, None,0.0,9.2, None,2018-06-13 11:30:00,291.0,75.0,24
11.5, None,0.0,12.7, None,2018-06-13 11:45:00,277.0,71.0,24
11.2, 0.0,0.0,14.1, 0.0,2018-06-13 12:00:00,296.0,79.0,24
11.5, None,0.0,13.1, None,2018-06-13 12:15:00,294.0,75.0,24
11.7, None,0.0,13.1, None,2018-06-13 12:30:00,295.0,71.0,24
11.1, None,0.0,15.8, None,2018-06-13 12:45:00,284.0,79.0,24
11.1, 0.0,0.0,16.9, 0.0,2018-06-13 13:00:00,286.0,75.0,24
12.0, None,0.0,13.7, None,2018-06-13 13:15:00,267.0,74.0,24
11.4, None,0.0,16.5, None,2018-06-13 13:30:00,300.0,76.0,24
11.3, None,0.0,16.5, None,2018-06-13 13:45:00,290.0,76.0,24
11.5, 0.0,0.0,15.1, 0.0,2018-06-13 14:00:00,295.0,69.0,24
12.1, None,0.0,12.7, None,2018-06-13 14:15:00,274.0,67.0,24
12.0, None,0.0,14.0, None,2018-06-13 14:30:00,284.0,69.0,24
12.3, None,0.0,16.3, None,2018-06-13 14:45:00,286.0,70.0,24
12.7, 0.0,0.0,18.4, 0.0,2018-06-13 15:00:00,282.0,68.0,24
13.5, None,0.0,14.7, None,2018-06-13 15:15:00,278.0,62.0,24
12.8, None,0.0,15.8, None,2018-06-13 15:30:00,285.0,67.0,24
12.9, None,0.0,14.3, None,2018-06-13 15:45:00,290.0,63.0,24
11.8, 0.0,0.0,13.7, 0.0,2018-06-13 16:00:00,292.0,69.0,24
11.8, None,0.0,14.1, None,2018-06-13 16:15:00,289.0,73.0,24
11.1, None,0.0,14.5, None,2018-06-13 16:30:00,294.0,76.0,24
10.9, None,0.0,11.4, None,2018-06-13 16:45:00,276.0,78.0,24
11.4, -1.0,0.0,12.6, 0.0,2018-06-13 17:00:00,274.0,75.0,24
11.4, None,0.0,12.4, None,2018-06-13 17:15:00,277.0,76.0,24
10.8, None,0.0,11.4, None,2018-06-13 17:30:00,282.0,80.0,24
10.6, None,0.0,11.6, None,2018-06-13 17:45:00,259.0,80.0,24
9.7, 1.0,0.0,11.2, 0.0,2018-06-13 18:00:00,285.0,86.0,24
9.2, None,0.0,12.4, None,2018-06-13 18:15:00,292.0,87.0,24
9.3, None,0.0,13.5, None,2018-06-13 18:30:00,261.0,85.0,24
9.3, None,0.0,9.7, None,2018-06-13 18:45:00,268.0,85.0,24
9.3, 0.0,0.0,11.2, 0.0,2018-06-13 19:00:00,264.0,85.0,24
9.0, None,0.0,8.6, None,2018-06-13 19:15:00,276.0,86.0,24
8.8, None,0.0,8.8, None,2018-06-13 19:30:00,288.0,85.0,24
8.6, None,0.0,9.9, None,2018-06-13 19:45:00,309.0,86.0,24
8.3, 1.0,0.0,10.2, 0.0,2018-06-13 20:00:00,279.0,86.0,24
8.1, None,0.0,9.3, None,2018-06-13 20:15:00,264.0,86.0,24
8.2, None,0.0,8.2, None,2018-06-13 20:30:00,269.0,86.0,24
8.1, None,0.0,7.1, None,2018-06-13 20:45:00,302.0,87.0,24
8.0, 0.0,0.0,6.1, 0.0,2018-06-13 21:00:00,297.0,88.0,24
8.0, None,0.0,3.3, None,2018-06-13 21:15:00,302.0,89.0,24
8.0, None,0.0,5.2, None,2018-06-13 21:30:00,34.0,88.0,24
8.0, None,0.0,4.1, None,2018-06-13 21:45:00,310.0,88.0,24
7.9, 0.0,0.0,7.1, 0.001,2018-06-13 22:00:00,284.0,88.0,24
7.9, None,0.0,4.4, None,2018-06-13 22:15:00,277.0,88.0,24
7.7, None,0.0,4.4, None,2018-06-13 22:30:00,258.0,90.0,24
7.5, None,0.0,3.9, None,2018-06-13 22:45:00,297.0,90.0,24
7.6, 0.0,0.0,5.4, 0.0,2018-06-13 23:00:00,277.0,89.0,24
7.9, None,0.0,10.0, None,2018-06-13 23:15:00,253.0,88.0,24
7.9, None,0.0,11.0, None,2018-06-13 23:30:00,255.0,87.0,24
7.9, None,0.0,8.2, None,2018-06-13 23:45:00,251.0,89.0,24
7.8, 0.0,0.0,8.2, 0.0,2018-06-14 00:00:00,253.0,90.0,24
7.9, None,0.0,10.5, None,2018-06-14 00:15:00,259.0,88.0,24
7.9, None,0.0,5.2, None,2018-06-14 00:30:00,274.0,88.0,24
7.9, None,0.0,5.5, None,2018-06-14 00:45:00,288.0,89.0,24
7.9, 0.0,0.0,6.0, 0.0,2018-06-14 01:00:00,290.0,90.0,24
7.8, None,0.0,8.3, None,2018-06-14 01:15:00,290.0,91.0,24
7.8, None,0.0,5.7, None,2018-06-14 01:30:00,282.0,91.0,24
7.8, None,0.0,4.5, None,2018-06-14 01:45:00,270.0,92.0,24
7.8, 1.0,0.0,8.4, 0.0,2018-06-14 02:00:00,311.0,89.0,24
7.9, None,0.0,8.1, None,2018-06-14 02:15:00,303.0,90.0,24
7.8, None,0.0,8.2, None,2018-06-14 02:30:00,297.0,90.0,24
7.8, None,0.0,9.5, None,2018-06-14 02:45:00,295.0,88.0,24
7.9, 0.0,0.0,9.2, 0.0,2018-06-14 03:00:00,314.0,88.0,24
8.0, None,0.0,9.1, None,2018-06-14 03:15:00,298.0,89.0,24
7.9, None,0.0,8.0, None,2018-06-14 03:30:00,310.0,90.0,24
7.8, None,0.0,10.5, None,2018-06-14 03:45:00,316.0,90.0,24
7.7, 0.0,0.0,11.4, 0.0,2018-06-14 04:00:00,300.0,90.0,24
7.7, None,0.0,9.9, None,2018-06-14 04:15:00,310.0,89.0,24
7.7, None,0.0,8.2, None,2018-06-14 04:30:00,309.0,90.0,24
7.9, None,0.0,8.9, None,2018-06-14 04:45:00,304.0,86.0,24
7.9, 0.0,0.0,7.8, 0.0,2018-06-14 05:00:00,300.0,87.0,24
8.0, None,0.0,8.9, None,2018-06-14 05:15:00,293.0,87.0,24
8.1, None,0.0,7.6, None,2018-06-14 05:30:00,295.0,88.0,24
8.3, None,0.0,10.1, None,2018-06-14 05:45:00,298.0,85.0,24
8.5, -1.0,0.0,7.0, 0.0,2018-06-14 06:00:00,275.0,84.0,24
8.6, None,0.0,7.5, None,2018-06-14 06:15:00,263.0,85.0,24
8.8, None,0.0,7.7, None,2018-06-14 06:30:00,276.0,82.0,24
10.2, None,0.0,6.3, None,2018-06-14 06:45:00,285.0,78.0,24
11.0, 0.0,0.0,6.9, 0.0,2018-06-14 07:00:00,264.0,73.0,24
11.1, None,0.0,7.7, None,2018-06-14 07:15:00,280.0,70.0,24
11.5, None,0.0,8.0, None,2018-06-14 07:30:00,296.0,67.0,24
12.2, None,0.0,6.8, None,2018-06-14 07:45:00,276.0,67.0,24
11.5, -1.0,0.0,12.8, 0.0,2018-06-14 08:00:00,232.0,68.0,24
11.9, None,0.0,6.9, None,2018-06-14 08:15:00,293.0,67.0,24
13.0, None,0.0,6.3, None,2018-06-14 08:30:00,327.0,67.0,24
13.5, None,0.0,9.9, None,2018-06-14 08:45:00,249.0,63.0,24
12.9, 0.0,0.0,7.9, 0.0,2018-06-14 09:00:00,312.0,63.0,24
12.8, None,0.0,10.5, None,2018-06-14 09:15:00,270.0,63.0,24
14.1, None,0.0,9.2, None,2018-06-14 09:30:00,250.0,60.0,24
14.8, None,0.0,10.3, None,2018-06-14 09:45:00,207.0,57.0,24
15.2, -1.0,0.0,11.5, 0.0,2018-06-14 10:00:00,213.0,52.0,24
13.3, None,0.0,11.0, None,2018-06-14 10:15:00,238.0,61.0,24
13.1, None,0.0,14.1, None,2018-06-14 10:30:00,231.0,60.0,24
13.4, None,0.0,10.6, None,2018-06-14 10:45:00,260.0,60.0,24
13.4, 0.0,0.0,11.7, 0.0,2018-06-14 11:00:00,284.0,60.0,24
13.7, None,0.0,10.0, None,2018-06-14 11:15:00,297.0,58.0,24
14.5, None,0.0,8.0, None,2018-06-14 11:30:00,308.0,53.0,24
14.5, None,0.0,9.8, None,2018-06-14 11:45:00,271.0,53.0,24
15.6, 0.0,0.0,14.9, 0.0,2018-06-14 12:00:00,278.0,55.0,24
14.3, None,0.0,12.5, None,2018-06-14 12:15:00,277.0,62.0,24
13.7, None,0.0,9.6, None,2018-06-14 12:30:00,279.0,62.0,24
13.5, None,0.0,11.1, None,2018-06-14 12:45:00,281.0,62.0,24
14.1, 1.0,0.0,11.3, 0.0,2018-06-14 13:00:00,267.0,58.0,24
16.1, None,0.0,13.6, None,2018-06-14 13:15:00,283.0,53.0,24
15.2, None,0.0,12.7, None,2018-06-14 13:30:00,274.0,56.0,24
15.2, None,0.0,13.2, None,2018-06-14 13:45:00,268.0,59.0,24
14.5, -1.0,0.0,14.7, 0.0,2018-06-14 14:00:00,288.0,64.0,24
14.2, None,0.0,14.2, None,2018-06-14 14:15:00,283.0,64.0,24
14.6, None,0.0,13.6, None,2018-06-14 14:30:00,266.0,65.0,24
14.8, None,0.0,14.0, None,2018-06-14 14:45:00,279.0,64.0,24
14.4, 0.0,0.0,14.2, 0.0,2018-06-14 15:00:00,273.0,65.0,24
14.4, None,0.0,11.8, None,2018-06-14 15:15:00,278.0,63.0,24
14.3, None,0.0,11.4, None,2018-06-14 15:30:00,280.0,66.0,24
13.8, None,0.0,16.1, None,2018-06-14 15:45:00,287.0,65.0,24
14.0, 0.0,0.0,12.9, 0.001,2018-06-14 16:00:00,280.0,64.0,24
15.5, None,0.0,12.4, None,2018-06-14 16:15:00,255.0,61.0,24
14.4, None,0.0,12.7, None,2018-06-14 16:30:00,266.0,60.0,24
13.8, None,0.0,13.3, None,2018-06-14 16:45:00,264.0,61.0,24
13.9, 1.0,0.0,13.7, 0.0,2018-06-14 17:00:00,242.0,60.0,24
14.0, None,0.0,10.7, None,2018-06-14 17:15:00,246.0,62.0,24
13.8, None,0.0,7.9, None,2018-06-14 17:30:00,289.0,64.0,24
13.3, None,0.0,11.4, None,2018-06-14 17:45:00,290.0,67.0,24
13.3, 0.0,0.0,10.6, 0.0,2018-06-14 18:00:00,275.0,66.0,24
13.8, None,0.0,9.5, None,2018-06-14 18:15:00,266.0,66.0,24
12.9, None,0.0,10.4, None,2018-06-14 18:30:00,267.0,70.0,24
13.1, None,0.0,7.5, None,2018-06-14 18:45:00,261.0,68.0,24
13.4, 0.0,0.0,7.4, 0.0,2018-06-14 19:00:00,266.0,68.0,24
13.1, None,0.0,8.3, None,2018-06-14 19:15:00,256.0,71.0,24
12.0, None,0.0,6.8, None,2018-06-14 19:30:00,272.0,75.0,24
11.4, None,0.0,5.2, None,2018-06-14 19:45:00,243.0,78.0,24
10.8, 0.0,0.0,5.7, 0.0,2018-06-14 20:00:00,235.0,81.0,24
10.4, None,0.0,4.1, None,2018-06-14 20:15:00,259.0,84.0,24
10.2, None,0.0,3.1, None,2018-06-14 20:30:00,286.0,85.0,24
9.9, None,0.0,2.0, None,2018-06-14 20:45:00,325.0,89.0,24
9.8, 0.0,0.0,2.9, 0.0,2018-06-14 21:00:00,292.0,87.0,24
9.6, None,0.0,2.0, None,2018-06-14 21:15:00,358.0,88.0,24
9.4, None,0.0,2.4, None,2018-06-14 21:30:00,10.0,88.0,24
9.2, None,0.0,1.9, None,2018-06-14 21:45:00,311.0,90.0,24
9.0, 1.0,0.0,2.9, 0.0,2018-06-14 22:00:00,38.0,90.0,24
8.7, None,0.0,0.7, None,2018-06-14 22:15:00,315.0,92.0,24
8.3, None,0.0,2.7, None,2018-06-14 22:30:00,24.0,94.0,24
7.9, None,0.0,3.4, None,2018-06-14 22:45:00,25.0,94.0,24
7.4, 0.0,0.0,4.1, 0.0,2018-06-14 23:00:00,42.0,95.0,24
6.7, None,0.0,4.4, None,2018-06-14 23:15:00,34.0,95.0,24
6.6, None,0.0,4.2, None,2018-06-14 23:30:00,14.0,97.0,24
6.9, None,0.0,4.1, None,2018-06-14 23:45:00,28.0,97.0,24
6.8, 0.0,0.0,3.6, 0.0,2018-06-15 00:00:00,26.0,96.0,24
6.3, None,0.0,3.8, None,2018-06-15 00:15:00,31.0,96.0,24
6.3, None,0.0,3.9, None,2018-06-15 00:30:00,37.0,96.0,24
6.5, None,0.0,2.5, None,2018-06-15 00:45:00,46.0,96.0,24
6.7, 0.0,0.0,1.5, 0.0,2018-06-15 01:00:00,48.0,96.0,24
6.7, None,0.0,1.2, None,2018-06-15 01:15:00,15.0,97.0,24
6.4, None,0.0,0.0, None,2018-06-15 01:30:00,16.0,97.0,24
6.1, None,0.0,1.2, None,2018-06-15 01:45:00,41.0,98.0,24
5.7, 1.0,0.0,0.4, 0.0,2018-06-15 02:00:00,33.0,98.0,24
5.5, None,0.0,1.2, None,2018-06-15 02:15:00,39.0,98.0,24
5.2, None,0.0,2.9, None,2018-06-15 02:30:00,32.0,98.0,24
5.0, None,0.0,2.9, None,2018-06-15 02:45:00,2.0,98.0,24
5.0, 0.0,0.0,2.2, 0.0,2018-06-15 03:00:00,33.0,99.0,24
4.9, None,0.0,0.0, None,2018-06-15 03:15:00,40.0,99.0,24
4.5, None,0.0,4.0, None,2018-06-15 03:30:00,21.0,98.0,24
4.6, None,0.0,2.5, None,2018-06-15 03:45:00,45.0,99.0,24
4.6, 0.0,0.0,3.0, 0.0,2018-06-15 04:00:00,22.0,99.0,24
4.6, None,0.0,1.4, None,2018-06-15 04:15:00,15.0,99.0,24
4.6, None,0.0,0.5, None,2018-06-15 04:30:00,280.0,99.0,24
4.6, None,0.0,1.2, None,2018-06-15 04:45:00,243.0,99.0,24
4.7, 0.0,0.0,1.2, 0.0,2018-06-15 05:00:00,38.0,99.0,24
4.7, None,0.0,0.1, None,2018-06-15 05:15:00,252.0,99.0,24
5.2, None,0.0,1.2, None,2018-06-15 05:30:00,195.0,99.0,24
6.2, None,0.0,1.0, None,2018-06-15 05:45:00,63.0,98.0,24
7.7, 0.0,0.0,0.0, 0.0,2018-06-15 06:00:00,289.0,96.0,24
9.4, None,0.0,0.0, None,2018-06-15 06:15:00,48.0,91.0,24
10.6, None,0.0,1.0, None,2018-06-15 06:30:00,234.0,86.0,24
12.1, None,0.0,1.5, None,2018-06-15 06:45:00,37.0,78.0,24
12.9, -1.0,0.0,2.3, 0.0,2018-06-15 07:00:00,255.0,78.0,24
12.9, None,0.0,4.9, None,2018-06-15 07:15:00,259.0,76.0,24
13.0, None,0.0,5.5, None,2018-06-15 07:30:00,246.0,78.0,24
13.7, None,0.0,4.5, None,2018-06-15 07:45:00,123.0,71.0,24
15.2, -1.0,0.0,5.9, 0.0,2018-06-15 08:00:00,182.0,66.0,24
14.8, None,0.0,9.1, None,2018-06-15 08:15:00,270.0,68.0,24
13.0, None,0.0,6.8, None,2018-06-15 08:30:00,288.0,74.0,24
13.6, None,0.0,4.3, None,2018-06-15 08:45:00,310.0,67.0,24
14.1, 0.0,0.0,4.9, 0.0,2018-06-15 09:00:00,1.0,64.0,24
14.4, None,0.0,8.4, None,2018-06-15 09:15:00,44.0,63.0,24
14.6, None,0.0,5.3, None,2018-06-15 09:30:00,104.0,64.0,24
13.5, None,0.0,6.4, None,2018-06-15 09:45:00,159.0,73.0,24
12.6, 0.0,0.0,7.3, 0.0,2018-06-15 10:00:00,142.0,77.0,24
12.5, None,0.0,4.1, None,2018-06-15 10:15:00,109.0,80.0,24
12.8, None,0.0,5.5, None,2018-06-15 10:30:00,113.0,76.0,24
13.9, None,0.0,8.3, None,2018-06-15 10:45:00,136.0,71.0,24
13.9, 0.0,0.0,8.3, 0.0,2018-06-15 11:00:00,142.0,74.0,24
13.8, None,0.0,7.6, None,2018-06-15 11:15:00,144.0,72.0,24
14.9, None,0.0,8.2, None,2018-06-15 11:30:00,159.0,66.0,24
14.7, None,0.0,6.9, None,2018-06-15 11:45:00,148.0,69.0,24
15.8, -1.0,0.0,9.4, 0.0,2018-06-15 12:00:00,213.0,65.0,24
15.0, None,0.0,12.0, None,2018-06-15 12:15:00,233.0,66.0,24
15.1, None,0.0,13.2, None,2018-06-15 12:30:00,209.0,64.0,24
14.3, None,0.0,12.9, None,2018-06-15 12:45:00,231.0,68.0,24
13.9, 1.0,0.0,9.9, 0.0,2018-06-15 13:00:00,239.0,72.0,24
14.0, None,0.0,5.3, None,2018-06-15 13:15:00,228.0,72.0,24
14.7, None,0.0,6.9, None,2018-06-15 13:30:00,203.0,68.0,24
14.6, None,0.0,7.5, None,2018-06-15 13:45:00,218.0,70.0,24
15.1, -1.0,0.0,7.7, 0.003,2018-06-15 14:00:00,212.0,66.0,24
15.0, None,0.0,9.8, None,2018-06-15 14:15:00,234.0,66.0,24
14.8, None,0.0,11.4, None,2018-06-15 14:30:00,281.0,68.0,24
14.6, None,0.0,10.9, None,2018-06-15 14:45:00,294.0,67.0,24
15.2, 0.0,0.0,8.1, 0.0,2018-06-15 15:00:00,274.0,67.0,24
15.4, None,0.0,6.0, None,2018-06-15 15:15:00,248.0,66.0,24
15.0, None,0.0,5.9, None,2018-06-15 15:30:00,292.0,66.0,24
14.6, None,0.0,7.2, None,2018-06-15 15:45:00,334.0,65.0,24
14.8, 0.0,0.0,7.7, 0.0,2018-06-15 16:00:00,302.0,63.0,24
15.5, None,0.0,8.3, None,2018-06-15 16:15:00,296.0,62.0,24
15.5, None,0.0,12.9, None,2018-06-15 16:30:00,289.0,61.0,24
15.4, None,0.0,10.0, None,2018-06-15 16:45:00,293.0,64.0,24
15.1, 1.0,0.0,12.7, 0.0,2018-06-15 17:00:00,298.0,66.0,24
15.0, None,0.0,11.5, None,2018-06-15 17:15:00,296.0,64.0,24
14.8, None,0.0,12.1, None,2018-06-15 17:30:00,301.0,65.0,24
14.4, None,0.0,11.5, None,2018-06-15 17:45:00,307.0,67.0,24
13.8, 0.0,0.0,12.8, 0.0,2018-06-15 18:00:00,317.0,68.0,24
13.6, None,0.0,3.9, None,2018-06-15 18:15:00,334.0,66.0,24
13.3, None,0.0,9.1, None,2018-06-15 18:30:00,294.0,67.0,24
13.2, None,0.0,9.6, None,2018-06-15 18:45:00,320.0,67.0,24
13.1, 0.0,0.0,10.8, 0.0,2018-06-15 19:00:00,302.0,68.0,24
12.9, None,0.0,7.2, None,2018-06-15 19:15:00,229.0,69.0,24
13.2, None,0.0,3.4, None,2018-06-15 19:30:00,345.0,68.0,24
12.7, None,0.0,5.8, None,2018-06-15 19:45:00,253.0,71.0,24
12.3, 0.0,0.0,5.8, 0.0,2018-06-15 20:00:00,260.0,71.0,24
11.8, None,0.0,3.5, None,2018-06-15 20:15:00,334.0,78.0,24
11.3, None,0.0,2.6, None,2018-06-15 20:30:00,336.0,80.0,24
10.6, None,0.0,4.4, None,2018-06-15 20:45:00,22.0,84.0,24
10.2, 0.0,0.0,6.1, 0.0,2018-06-15 21:00:00,19.0,85.0,24
10.2, None,0.0,7.4, None,2018-06-15 21:15:00,17.0,85.0,24
10.1, None,0.0,0.8, None,2018-06-15 21:30:00,335.0,88.0,24
10.1, None,0.0,4.1, None,2018-06-15 21:45:00,53.0,82.0,24
10.3, 1.0,0.0,0.6, 0.0,2018-06-15 22:00:00,116.0,86.0,24
10.2, None,0.0,2.7, None,2018-06-15 22:15:00,304.0,87.0,24
10.0, None,0.0,0.8, None,2018-06-15 22:30:00,34.0,87.0,24
10.1, None,0.0,4.7, None,2018-06-15 22:45:00,299.0,87.0,24
9.9, 0.0,0.0,2.2, 0.0,2018-06-15 23:00:00,55.0,90.0,24
10.0, None,0.0,2.3, None,2018-06-15 23:15:00,139.0,89.0,24
9.8, None,0.0,4.7, None,2018-06-15 23:30:00,266.0,89.0,24
9.7, None,0.0,3.0, None,2018-06-15 23:45:00,242.0,91.0,24
9.3, 0.0,0.0,5.5, 0.0,2018-06-16 00:00:00,320.0,93.0,24
8.8, None,0.0,4.9, None,2018-06-16 00:15:00,25.0,95.0,24
8.3, None,0.0,3.9, None,2018-06-16 00:30:00,345.0,96.0,24
8.0, None,0.0,1.1, None,2018-06-16 00:45:00,28.0,95.0,24
7.9, 1.0,0.0,3.1, 0.0,2018-06-16 01:00:00,263.0,96.0,24
7.4, None,0.0,2.4, None,2018-06-16 01:15:00,21.0,97.0,24
7.3, None,0.0,2.8, None,2018-06-16 01:30:00,281.0,98.0,24
7.3, None,0.0,1.5, None,2018-06-16 01:45:00,282.0,98.0,24
7.3, 0.0,0.0,2.7, 0.0,2018-06-16 02:00:00,62.0,99.0,24
6.9, None,0.0,1.7, None,2018-06-16 02:15:00,63.0,98.0,24
7.0, None,0.0,2.5, None,2018-06-16 02:30:00,276.0,99.0,24
6.8, None,0.0,2.7, None,2018-06-16 02:45:00,148.0,98.0,24
6.7, 0.0,0.0,3.0, 0.0,2018-06-16 03:00:00,347.0,99.0,24
6.9, None,0.0,3.3, None,2018-06-16 03:15:00,257.0,98.0,24
7.5, None,0.0,1.5, None,2018-06-16 03:30:00,193.0,98.0,24
7.4, None,0.0,2.3, None,2018-06-16 03:45:00,121.0,95.0,24
7.1, 0.0,0.0,1.9, 0.0,2018-06-16 04:00:00,12.0,96.0,24
6.7, None,0.0,1.5, None,2018-06-16 04:15:00,117.0,97.0,24
6.6, None,0.0,2.9, None,2018-06-16 04:30:00,18.0,98.0,24
6.4, None,0.0,0.9, None,2018-06-16 04:45:00,73.0,97.0,24
6.3, 0.0,0.0,0.6, 0.0,2018-06-16 05:00:00,236.0,98.0,24
6.2, None,0.0,0.2, None,2018-06-16 05:15:00,174.0,98.0,24
6.7, None,0.0,0.6, None,2018-06-16 05:30:00,71.0,98.0,24
7.7, None,0.0,0.0, None,2018-06-16 05:45:00,68.0,95.0,24
9.6, 0.0,0.0,1.6, 0.0,2018-06-16 06:00:00,322.0,88.0,24
10.9, None,0.0,1.7, None,2018-06-16 06:15:00,256.0,82.0,24
12.3, None,0.0,0.9, None,2018-06-16 06:30:00,94.0,80.0,24
13.5, None,0.0,0.7, None,2018-06-16 06:45:00,92.0,74.0,24
14.7, -1.0,0.0,0.2, 0.0,2018-06-16 07:00:00,64.0,71.0,24
16.2, None,0.0,1.0, None,2018-06-16 07:15:00,83.0,63.0,24
17.1, None,0.0,4.5, None,2018-06-16 07:30:00,232.0,55.0,24
17.7, None,0.0,5.4, None,2018-06-16 07:45:00,270.0,47.0,24
18.5, -1.0,0.0,5.2, 0.0,2018-06-16 08:00:00,219.0,45.0,24
18.6, None,0.0,7.2, None,2018-06-16 08:15:00,271.0,44.0,24
19.4, None,0.0,6.7, None,2018-06-16 08:30:00,254.0,42.0,24
19.9, None,0.0,6.8, None,2018-06-16 08:45:00,48.0,42.0,24
20.2, 0.0,0.0,6.7, 0.0,2018-06-16 09:00:00,149.0,36.0,24
20.4, None,0.0,7.7, None,2018-06-16 09:15:00,51.0,36.0,24
20.4, None,0.0,9.3, None,2018-06-16 09:30:00,353.0,38.0,24
20.3, None,0.0,11.9, None,2018-06-16 09:45:00,36.0,35.0,24
20.1, -1.0,0.0,14.1, 0.0,2018-06-16 10:00:00,45.0,35.0,24
20.4, None,0.0,11.6, None,2018-06-16 10:15:00,43.0,36.0,24
20.5, None,0.0,14.4, None,2018-06-16 10:30:00,41.0,34.0,24
20.8, None,0.0,12.3, None,2018-06-16 10:45:00,34.0,36.0,24
21.0, 0.0,0.0,14.9, 0.0,2018-06-16 11:00:00,46.0,36.0,24
21.6, None,0.0,9.4, None,2018-06-16 11:15:00,20.0,34.0,24
21.6, None,0.0,11.7, None,2018-06-16 11:30:00,30.0,36.0,24
22.1, None,0.0,12.4, None,2018-06-16 11:45:00,6.0,33.0,24
22.3, 0.0,0.0,14.5, 0.0,2018-06-16 12:00:00,347.0,30.0,24
22.7, None,0.0,12.8, None,2018-06-16 12:15:00,2.0,30.0,24
22.9, None,0.0,14.0, None,2018-06-16 12:30:00,19.0,30.0,24
23.9, None,0.0,8.6, None,2018-06-16 12:45:00,54.0,28.0,24
23.4, -1.0,0.0,10.6, 0.0,2018-06-16 13:00:00,27.0,29.0,24
23.3, None,0.0,12.8, None,2018-06-16 13:15:00,53.0,28.0,24
23.3, None,0.0,14.8, None,2018-06-16 13:30:00,35.0,29.0,24
23.2, None,0.0,16.3, None,2018-06-16 13:45:00,71.0,29.0,24
23.7, 0.0,0.0,10.9, 0.001,2018-06-16 14:00:00,67.0,29.0,24
23.7, None,0.0,12.6, None,2018-06-16 14:15:00,37.0,29.0,24
23.6, None,0.0,14.0, None,2018-06-16 14:30:00,28.0,29.0,24
24.0, None,0.0,11.5, None,2018-06-16 14:45:00,46.0,28.0,24
24.1, 0.0,0.0,12.3, 0.0,2018-06-16 15:00:00,20.0,28.0,24
24.0, None,0.0,12.2, None,2018-06-16 15:15:00,20.0,27.0,24
24.1, None,0.0,11.8, None,2018-06-16 15:30:00,58.0,27.0,24
24.1, None,0.0,14.7, None,2018-06-16 15:45:00,49.0,27.0,24
24.4, 0.0,0.0,9.3, 0.0,2018-06-16 16:00:00,54.0,27.0,24
25.0, None,0.0,9.0, None,2018-06-16 16:15:00,4.0,27.0,24
24.9, None,0.0,11.6, None,2018-06-16 16:30:00,1.0,27.0,24
24.7, None,0.0,10.1, None,2018-06-16 16:45:00,9.0,26.0,24
24.5, 0.0,0.0,13.9, 0.0,2018-06-16 17:00:00,15.0,27.0,24
24.8, None,0.0,9.0, None,2018-06-16 17:15:00,353.0,26.0,24
24.8, None,0.0,11.9, None,2018-06-16 17:30:00,10.0,26.0,24
24.8, None,0.0,9.3, None,2018-06-16 17:45:00,12.0,26.0,24
24.7, 1.0,0.0,9.2, 0.0,2018-06-16 18:00:00,355.0,27.0,24
24.3, None,0.0,12.1, None,2018-06-16 18:15:00,3.0,27.0,24
24.2, None,0.0,9.5, None,2018-06-16 18:30:00,9.0,29.0,24
24.4, None,0.0,5.6, None,2018-06-16 18:45:00,1.0,28.0,24
23.8, 0.0,0.0,7.3, 0.0,2018-06-16 19:00:00,4.0,27.0,24
23.2, None,0.0,6.8, None,2018-06-16 19:15:00,1.0,32.0,24
21.5, None,0.0,4.2, None,2018-06-16 19:30:00,345.0,41.0,24
19.0, None,0.0,4.4, None,2018-06-16 19:45:00,340.0,47.0,24
17.1, 1.0,0.0,5.6, 0.0,2018-06-16 20:00:00,352.0,52.0,24
18.1, None,0.0,9.1, None,2018-06-16 20:15:00,360.0,43.0,24
17.0, None,0.0,8.6, None,2018-06-16 20:30:00,349.0,49.0,24
15.6, None,0.0,0.6, None,2018-06-16 20:45:00,256.0,57.0,24
15.8, 0.0,0.0,1.9, 0.0,2018-06-16 21:00:00,261.0,59.0,24
14.4, None,0.0,0.0, None,2018-06-16 21:15:00,105.0,63.0,24
14.4, None,0.0,1.9, None,2018-06-16 21:30:00,269.0,62.0,24
13.7, None,0.0,0.0, None,2018-06-16 21:45:00,297.0,64.0,24
13.7, 0.0,0.0,0.3, 0.0,2018-06-16 22:00:00,271.0,68.0,24
13.4, None,0.0,0.0, None,2018-06-16 22:15:00,4.0,65.0,24
12.8, None,0.0,1.8, None,2018-06-16 22:30:00,186.0,67.0,24
12.5, None,0.0,4.4, None,2018-06-16 22:45:00,37.0,68.0,24
11.6, 1.0,0.0,3.5, 0.0,2018-06-16 23:00:00,44.0,74.0,24
11.6, None,0.0,0.5, None,2018-06-16 23:15:00,307.0,73.0,24
11.3, None,0.0,1.4, None,2018-06-16 23:30:00,8.0,71.0,24
11.4, None,0.0,2.2, None,2018-06-16 23:45:00,0.0,78.0,24
11.3, 0.0,0.0,0.0, 0.0,2018-06-17 00:00:00,341.0,70.0,24
11.2, None,0.0,0.4, None,2018-06-17 00:15:00,354.0,72.0,24
11.2, None,0.0,5.3, None,2018-06-17 00:30:00,345.0,68.0,24
11.0, None,0.0,3.7, None,2018-06-17 00:45:00,34.0,75.0,24
10.8, 0.0,0.0,0.4, 0.0,2018-06-17 01:00:00,232.0,77.0,24
10.8, None,0.0,0.0, None,2018-06-17 01:15:00,164.0,78.0,24
10.9, None,0.0,0.0, None,2018-06-17 01:30:00,327.0,71.0,24
10.8, None,0.0,0.0, None,2018-06-17 01:45:00,320.0,74.0,24
10.5, 0.0,0.0,0.0, 0.0,2018-06-17 02:00:00,259.0,83.0,24
10.2, None,0.0,0.2, None,2018-06-17 02:15:00,154.0,80.0,24
10.4, None,0.0,0.7, None,2018-06-17 02:30:00,58.0,74.0,24
10.8, None,0.0,2.9, None,2018-06-17 02:45:00,11.0,71.0,24
10.5, 0.0,0.0,0.0, 0.0,2018-06-17 03:00:00,338.0,74.0,24
10.2, None,0.0,1.2, None,2018-06-17 03:15:00,354.0,76.0,24
10.0, None,0.0,0.6, None,2018-06-17 03:30:00,275.0,80.0,24
10.2, None,0.0,0.0, None,2018-06-17 03:45:00,358.0,73.0,24
10.3, 0.0,0.0,0.0, 0.0,2018-06-17 04:00:00,1.0,77.0,24
10.0, None,0.0,0.0, None,2018-06-17 04:15:00,125.0,76.0,24
10.6, None,0.0,1.9, None,2018-06-17 04:30:00,18.0,73.0,24
11.0, None,0.0,0.4, None,2018-06-17 04:45:00,298.0,71.0,24
11.2, 0.0,0.0,0.2, 0.0,2018-06-17 05:00:00,46.0,71.0,24
10.9, None,0.0,1.7, None,2018-06-17 05:15:00,39.0,74.0,24
11.9, None,0.0,0.6, None,2018-06-17 05:30:00,355.0,72.0,24
13.0, None,0.0,1.1, None,2018-06-17 05:45:00,45.0,69.0,24
15.0, 0.0,0.0,0.0, 0.0,2018-06-17 06:00:00,280.0,67.0,24
16.3, None,0.0,0.0, None,2018-06-17 06:15:00,189.0,66.0,24
16.8, None,0.0,1.9, None,2018-06-17 06:30:00,71.0,68.0,24
18.6, None,0.0,0.6, None,2018-06-17 06:45:00,83.0,58.0,24
19.4, -1.0,0.0,0.5, 0.0,2018-06-17 07:00:00,243.0,58.0,24
20.2, None,0.0,1.7, None,2018-06-17 07:15:00,195.0,52.0,24
21.7, None,0.0,2.2, None,2018-06-17 07:30:00,125.0,40.0,24
22.8, None,0.0,2.0, None,2018-06-17 07:45:00,182.0,40.0,24
23.3, -1.0,0.0,1.5, 0.0,2018-06-17 08:00:00,216.0,34.0,24
24.3, None,0.0,2.9, None,2018-06-17 08:15:00,182.0,35.0,24
23.6, None,0.0,6.0, None,2018-06-17 08:30:00,235.0,35.0,24
24.4, None,0.0,7.6, None,2018-06-17 08:45:00,257.0,31.0,24
24.7, 0.0,0.0,9.0, 0.0,2018-06-17 09:00:00,254.0,33.0,24
25.2, None,0.0,9.5, None,2018-06-17 09:15:00,262.0,30.0,24
25.2, None,0.0,11.9, None,2018-06-17 09:30:00,263.0,31.0,24
25.6, None,0.0,9.3, None,2018-06-17 09:45:00,254.0,27.0,24
25.9, 0.0,0.0,9.6, 0.0,2018-06-17 10:00:00,3.0,25.0,24
26.2, None,0.0,8.1, None,2018-06-17 10:15:00,25.0,25.0,24
26.2, None,0.0,9.6, None,2018-06-17 10:30:00,14.0,28.0,24
26.2, None,0.0,10.1, None,2018-06-17 10:45:00,356.0,24.0,24
26.6, 0.0,0.0,9.8, 0.0,2018-06-17 11:00:00,29.0,26.0,24
27.3, None,0.0,8.7, None,2018-06-17 11:15:00,82.0,23.0,24
27.1, None,0.0,9.6, None,2018-06-17 11:30:00,44.0,24.0,24
27.4, None,0.0,9.2, None,2018-06-17 11:45:00,25.0,22.0,24
27.2, 0.0,0.0,10.9, 0.0,2018-06-17 12:00:00,356.0,23.0,24
27.7, None,0.0,10.6, None,2018-06-17 12:15:00,76.0,23.0,24
28.0, None,0.0,12.0, None,2018-06-17 12:30:00,31.0,20.0,24
27.9, None,0.0,10.7, None,2018-06-17 12:45:00,26.0,20.0,24
28.2, -1.0,0.0,10.8, 0.0,2018-06-17 13:00:00,71.0,19.0,24
28.4, None,0.0,9.8, None,2018-06-17 13:15:00,84.0,17.0,24
28.3, None,0.0,11.3, None,2018-06-17 13:30:00,63.0,18.0,24
28.4, None,0.0,10.8, None,2018-06-17 13:45:00,65.0,17.0,24
28.2, -2.0,0.0,12.2, 0.0,2018-06-17 14:00:00,108.0,17.0,24
28.0, None,0.0,11.2, None,2018-06-17 14:15:00,74.0,17.0,24
28.7, None,0.0,8.4, None,2018-06-17 14:30:00,102.0,17.0,24
28.2, None,0.0,13.2, None,2018-06-17 14:45:00,77.0,18.0,24
28.6, 2.0,0.0,10.0, 0.0,2018-06-17 15:00:00,71.0,19.0,24
28.6, None,0.0,10.5, None,2018-06-17 15:15:00,337.0,18.0,24
28.5, None,0.0,9.2, None,2018-06-17 15:30:00,2.0,19.0,24
28.4, None,0.0,8.2, None,2018-06-17 15:45:00,237.0,24.0,24
27.4, 0.0,0.0,9.3, 0.0,2018-06-17 16:00:00,211.0,25.0,24
26.5, None,0.0,6.2, None,2018-06-17 16:15:00,231.0,26.0,24
26.1, None,0.0,6.0, None,2018-06-17 16:30:00,231.0,28.0,24
26.0, None,0.0,0.0, None,2018-06-17 16:45:00,177.0,29.0,24
25.8, 1.0,0.0,0.3, 0.0,2018-06-17 17:00:00,265.0,34.0,24
26.1, None,0.0,0.0, None,2018-06-17 17:15:00,260.0,35.0,24
26.5, None,0.0,0.7, None,2018-06-17 17:30:00,170.0,40.0,24
26.3, None,0.0,0.0, None,2018-06-17 17:45:00,259.0,40.0,24
25.5, 0.0,0.0,3.5, 0.0,2018-06-17 18:00:00,285.0,36.0,24
25.1, None,0.0,4.0, None,2018-06-17 18:15:00,267.0,49.0,24
23.6, None,0.0,0.0, None,2018-06-17 18:30:00,35.0,51.0,24
22.6, None,0.0,2.6, None,2018-06-17 18:45:00,29.0,43.0,24
21.7, 0.0,0.0,4.1, 0.0,2018-06-17 19:00:00,37.0,46.0,24
21.1, None,0.0,0.9, None,2018-06-17 19:15:00,32.0,42.0,24
20.1, None,0.0,3.3, None,2018-06-17 19:30:00,35.0,42.0,24
19.5, None,0.0,4.9, None,2018-06-17 19:45:00,38.0,46.0,24
18.3, 1.0,0.0,3.9, 0.0,2018-06-17 20:00:00,35.0,50.0,24
17.5, None,0.0,2.1, None,2018-06-17 20:15:00,37.0,48.0,24
16.6, None,0.0,3.9, None,2018-06-17 20:30:00,38.0,55.0,24
15.9, None,0.0,2.7, None,2018-06-17 20:45:00,6.0,56.0,24
15.4, 0.0,0.0,5.5, 0.0,2018-06-17 21:00:00,36.0,57.0,24
14.6, None,0.0,5.4, None,2018-06-17 21:15:00,33.0,56.0,24
14.1, None,0.0,3.3, None,2018-06-17 21:30:00,37.0,60.0,24
13.7, None,0.0,3.4, None,2018-06-17 21:45:00,18.0,60.0,24
13.7, 0.0,0.0,0.9, 0.0,2018-06-17 22:00:00,12.0,58.0,24
13.6, None,0.0,0.0, None,2018-06-17 22:15:00,5.0,58.0,24
13.2, None,0.0,0.3, None,2018-06-17 22:30:00,10.0,59.0,24
13.2, None,0.0,0.0, None,2018-06-17 22:45:00,354.0,57.0,24
13.2, 1.0,0.0,0.0, 0.0,2018-06-17 23:00:00,355.0,57.0,24
13.1, None,0.0,0.0, None,2018-06-17 23:15:00,4.0,57.0,24
12.9, None,0.0,0.0, None,2018-06-17 23:30:00,335.0,57.0,24
12.8, None,0.0,0.0, None,2018-06-17 23:45:00,348.0,61.0,24
