max_air_temp_snc_last_reset,rel_hum,max_wnd_spd_10m_pst1hr,avg_wnd_spd_10m_pst10mts,dwpt_temp,air_temp,min_air_temp_snc_last_reset,pcpn_amt_pst1hr,avg_wnd_dir_10m_pst10mts,snwfl_amt_pst1hr,time,snw_dpth,stn_pres,week_of_year
8.8, None, None, None, None,4.5, 4.4, 0.0, None,1.0,2022-09-17 00:00:00,14.0, None,38
8.8, None, None, None, None,4.2, 4.1, 0.0, None,0.0,2022-09-17 01:00:00,13.0, None,38
8.8, None, None, None, None,4.1, 4.0, 0.0, None,1.0,2022-09-17 02:00:00,15.0, None,38
8.8, None, None, None, None,3.9, 3.8, 0.0, None,0.0,2022-09-17 03:00:00,15.0, None,38
8.8, None, None, None, None,4.1, 3.8, 0.0, None,0.0,2022-09-17 04:00:00,14.0, None,38
8.8, None, None, None, None,4.2, 3.8, 0.0, None,1.0,2022-09-17 05:00:00,15.0, None,38
8.8, None, None, None, None,4.4, 3.8, 0.0, None,-1.0,2022-09-17 06:00:00,14.0, None,38
5.1, None, None, None, None,4.8, 4.4, 0.0, None,1.0,2022-09-17 07:00:00,15.0, None,38
5.2, None, None, None, None,5.2, 4.3, 0.0, None,0.0,2022-09-17 08:00:00,15.0, None,38
6.4, None, None, None, None,6.4, 4.3, 0.0, None,1.0,2022-09-17 09:00:00,16.0, None,38
8.9, None, None, None, None,8.8, 4.3, 0.0, None,5.0,2022-09-17 10:00:00,21.0, None,38
9.4, None, None, None, None,9.3, 4.3, 0.0, None,-5.0,2022-09-17 11:00:00,16.0, None,38
10.5, None, None, None, None,10.5, 4.3, 0.0, None,-3.0,2022-09-17 12:00:00,13.0, None,38
11.3, None, None, None, None,11.1, 4.3, 0.0, None,-3.0,2022-09-17 13:00:00,10.0, None,38
11.5, None, None, None, None,10.5, 4.3, 0.0, None,-2.0,2022-09-17 14:00:00,8.0, None,38
11.7, None, None, None, None,11.4, 4.3, 0.0, None,0.0,2022-09-17 15:00:00,8.0, None,38
12.4, None, None, None, None,11.4, 4.3, 0.0, None,1.0,2022-09-17 16:00:00,10.0, None,38
12.4, None, None, None, None,11.1, 4.3, 0.0, None,-1.0,2022-09-17 17:00:00,8.0, None,38
12.4, None, None, None, None,11.1, 4.3, 0.0, None,-1.0,2022-09-17 18:00:00,8.0, None,38
11.1, None, None, None, None,10.0, 10.0, 0.0, None,-1.0,2022-09-17 19:00:00,7.0, None,38
11.1, None, None, None, None,9.0, 8.8, 0.0, None,1.0,2022-09-17 20:00:00,8.0, None,38
11.1, None, None, None, None,7.7, 7.7, 0.0, None,1.0,2022-09-17 21:00:00,9.0, None,38
11.1, None, None, None, None,7.9, 7.7, 0.0, None,-1.0,2022-09-17 22:00:00,8.0, None,38
11.1, None, None, None, None,7.4, 7.3, 0.0, None,2.0,2022-09-17 23:00:00,9.0, None,38
11.1, None, None, None, None,6.7, 6.7, 0.0, None,-3.0,2022-09-18 00:00:00,6.0, None,38
11.1, None, None, None, None,6.3, 6.3, 0.0, None,-1.0,2022-09-18 01:00:00,5.0, None,38
11.1, None, None, None, None,5.7, 5.7, 0.0, None,3.0,2022-09-18 02:00:00,8.0, None,38
11.1, None, None, None, None,5.3, 5.2, 0.0, None,-1.0,2022-09-18 03:00:00,6.0, None,38
11.1, None, None, None, None,5.0, 4.9, 0.0, None,5.0,2022-09-18 04:00:00,12.0, None,38
11.1, None, None, None, None,5.2, 4.9, 0.0, None,-1.0,2022-09-18 05:00:00,10.0, None,38
11.1, None, None, None, None,5.0, 4.9, 0.0, None,2.0,2022-09-18 06:00:00,12.0, None,38
5.1, None, None, None, None,5.0, 4.9, 0.0, None,3.0,2022-09-18 07:00:00,15.0, None,38
5.1, None, None, None, None,4.5, 4.5, 0.0, None,-1.0,2022-09-18 08:00:00,14.0, None,38
5.7, None, None, None, None,5.7, 4.5, 0.0, None,1.0,2022-09-18 09:00:00,15.0, None,38
6.7, None, None, None, None,6.7, 4.5, 0.0, None,1.0,2022-09-18 10:00:00,16.0, None,38
7.5, None, None, None, None,7.1, 4.5, 0.0, None,-9.0,2022-09-18 11:00:00,7.0, None,38
8.6, None, None, None, None,8.2, 4.5, 0.0, None,2.0,2022-09-18 12:00:00,10.0, None,38
9.6, None, None, None, None,9.6, None, 0.0, None,-1.0,2022-09-18 13:00:00,9.0, None,38
10.8, None, None, None, None,10.7, None, 0.0, None,0.0,2022-09-18 14:00:00,9.0, None,38
12.9, None, None, None, None,12.7, None, 0.0, None,0.0,2022-09-18 15:00:00,9.0, None,38
12.9, None, None, None, None,12.9, None, 0.0, None,-1.0,2022-09-18 16:00:00,8.0, None,38
13.3, None, None, None, None,12.7, None, 0.0, None,-1.0,2022-09-18 17:00:00,7.0, None,38
13.3, None, None, None, None,12.2, None, 0.0, None,-3.0,2022-09-18 18:00:00,4.0, None,38
12.3, None, None, None, None,11.0, 10.8, 0.0, None,7.0,2022-09-18 19:00:00,11.0, None,38
12.3, None, None, None, None,9.8, 9.5, 0.0, None,0.0,2022-09-18 20:00:00,11.0, None,38
12.3, None, None, None, None,10.0, 9.3, 0.0, None,6.0,2022-09-18 21:00:00,17.0, None,38
12.3, None, None, None, None,10.5, 9.3, 0.0, None,1.0,2022-09-18 22:00:00,18.0, None,38
12.3, None, None, None, None,10.3, 9.3, 0.0, None,2.0,2022-09-18 23:00:00,20.0, None,38
12.3, None, None, None, None,10.2, 9.3, 0.0, None,-4.0,2022-09-19 00:00:00,16.0, None,38
12.3, None, None, None, None,9.5, 9.3, 0.0, None,2.0,2022-09-19 01:00:00,18.0, None,38
12.3, None, None, None, None,9.5, 9.1, 0.0, None,-1.0,2022-09-19 02:00:00,18.0, None,38
12.3, None, None, None, None,9.8, 9.1, 0.0, None,0.0,2022-09-19 03:00:00,18.0, None,38
12.3, None, None, None, None,9.1, 8.9, 0.0, None,-1.0,2022-09-19 04:00:00,17.0, None,38
12.3, None, None, None, None,9.0, 8.3, 0.0, None,1.0,2022-09-19 05:00:00,18.0, None,38
12.3, None, None, None, None,8.4, 8.3, 0.0, None,0.0,2022-09-19 06:00:00,18.0, None,38
8.7, None, None, None, None,8.4, 8.4, 0.0, None,-1.0,2022-09-19 07:00:00,18.0, None,38
8.7, None, None, None, None,8.2, 7.8, 0.0, None,0.0,2022-09-19 08:00:00,18.0, None,38
10.2, None, None, None, None,10.2, 7.8, 0.0, None,0.0,2022-09-19 09:00:00,18.0, None,38
12.0, None, None, None, None,11.9, 7.8, 0.0, None,2.0,2022-09-19 10:00:00,20.0, None,38
12.8, None, None, None, None,11.7, 7.8, 0.0, None,-1.0,2022-09-19 11:00:00,19.0, None,38
12.8, None, None, None, None,12.0, 7.8, 0.0, None,-1.0,2022-09-19 12:00:00,19.0, None,38
13.0, None, None, None, None,12.7, 7.8, 0.0, None,1.0,2022-09-19 13:00:00,19.0, None,38
13.3, None, None, None, None,12.9, 7.8, 0.0, None,-5.0,2022-09-19 14:00:00,14.0, None,38
13.6, None, None, None, None,13.0, 7.8, 0.0, None,1.0,2022-09-19 15:00:00,16.0, None,38
13.7, None, None, None, None,13.3, 7.8, 0.0, None,3.0,2022-09-19 16:00:00,19.0, None,38
13.7, None, None, None, None,12.0, 7.8, 0.0, None,2.0,2022-09-19 17:00:00,21.0, None,38
13.7, None, None, None, None,12.2, 7.8, 0.0, None,-1.0,2022-09-19 18:00:00,20.0, None,38
12.2, None, None, None, None,11.0, 10.9, 0.0, None,-3.0,2022-09-19 19:00:00,17.0, None,38
12.2, None, None, None, None,10.5, 10.2, 0.0, None,-1.0,2022-09-19 20:00:00,16.0, None,38
12.2, None, None, None, None,9.9, 9.5, 0.0, None,2.0,2022-09-19 21:00:00,18.0, None,38
12.2, None, None, None, None,9.8, None, 0.0, None,1.0,2022-09-19 22:00:00,19.0, None,38
12.2, None, None, None, None,9.3, None, 0.0, None,-1.0,2022-09-19 23:00:00,18.0, None,38
12.2, None, None, None, None,9.3, None, 0.0, None,0.0,2022-09-20 00:00:00,18.0, None,38
12.2, None, None, None, None,8.7, None, 0.0, None,0.0,2022-09-20 01:00:00,18.0, None,38
12.2, None, None, None, None,8.2, None, 0.0, None,0.0,2022-09-20 02:00:00,19.0, None,38
12.2, None, None, None, None,7.8, None, 0.0, None,0.0,2022-09-20 03:00:00,18.0, None,38
12.2, None, None, None, None,7.7, None, 0.0, None,-1.0,2022-09-20 04:00:00,17.0, None,38
12.2, None, None, None, None,7.0, None, 0.0, None,0.0,2022-09-20 05:00:00,17.0, None,38
12.2, None, None, None, None,6.8, None, 0.0, None,0.0,2022-09-20 06:00:00,18.0, None,38
7.6, None, None, None, None,7.1, None, 0.0, None,0.0,2022-09-20 07:00:00,17.0, None,38
7.6, None, None, None, None,6.5, None, 0.0, None,-1.0,2022-09-20 08:00:00,17.0, None,38
9.3, None, None, None, None,9.3, None, 0.0, None,-1.0,2022-09-20 09:00:00,15.0, None,38
9.5, None, None, None, None,9.2, None, 0.0, None,-10.0,2022-09-20 10:00:00,5.0, None,38
10.3, None, None, None, None,10.3, None, 0.0, None,-1.0,2022-09-20 11:00:00,5.0, None,38
11.0, None, None, None, None,11.0, None, 0.0, None,2.0,2022-09-20 12:00:00,7.0, None,38
11.8, None, None, None, None,11.1, None, 0.0, None,0.0,2022-09-20 13:00:00,7.0, None,38
12.6, None, None, None, None,11.6, None, 0.0, None,-1.0,2022-09-20 14:00:00,5.0, None,38
13.4, None, None, None, None,12.5, None, 0.0, None,0.0,2022-09-20 15:00:00,6.0, None,38
13.9, None, None, None, None,13.9, None, 0.0, None,4.0,2022-09-20 16:00:00,10.0, None,38
14.0, None, None, None, None,13.7, None, 0.0, None,-4.0,2022-09-20 17:00:00,5.0, None,38
14.0, None, None, None, None,12.9, None, 0.0, None,-3.0,2022-09-20 18:00:00,3.0, None,38
13.2, None, None, None, None,11.4, 11.4, 0.0, None,-1.0,2022-09-20 19:00:00,2.0, None,38
13.2, None, None, None, None,11.2, 10.9, 0.0, None,2.0,2022-09-20 20:00:00,4.0, None,38
13.2, None, None, None, None,12.1, 10.9, 0.0, None,1.0,2022-09-20 21:00:00,5.0, None,38
13.2, None, None, None, None,12.2, 10.9, 0.0, None,0.0,2022-09-20 22:00:00,5.0, None,38
13.2, None, None, None, None,10.9, 10.5, 0.0, None,-1.0,2022-09-20 23:00:00,4.0, None,38
13.2, None, None, None, None,11.4, 10.5, 0.0, None,7.0,2022-09-21 00:00:00,11.0, None,38
13.2, None, None, None, None,11.0, 10.5, 0.0, None,0.0,2022-09-21 01:00:00,10.0, None,38
13.2, None, None, None, None,10.4, 10.4, 0.0, None,0.0,2022-09-21 02:00:00,10.0, None,38
13.2, None, None, None, None,10.3, 10.0, 0.0, None,3.0,2022-09-21 03:00:00,13.0, None,38
13.2, None, None, None, None,10.4, 9.9, 0.0, None,4.0,2022-09-21 04:00:00,17.0, None,38
13.2, None, None, None, None,10.3, 9.8, 0.0, None,-4.0,2022-09-21 05:00:00,13.0, None,38
13.2, None, None, None, None,9.6, 9.6, 0.0, None,2.0,2022-09-21 06:00:00,15.0, None,38
9.6, None, None, None, None,8.8, 8.8, 0.0, None,1.0,2022-09-21 07:00:00,16.0, None,38
9.6, None, None, None, None,9.4, 8.5, 0.0, None,-5.0,2022-09-21 08:00:00,11.0, None,38
10.1, None, None, None, None,9.7, 8.5, 0.0, None,-3.0,2022-09-21 09:00:00,7.0, None,38
11.1, None, None, None, None,11.1, 8.5, 0.0, None,-1.0,2022-09-21 10:00:00,6.0, None,38
12.4, None, None, None, None,12.4, 8.5, 0.0, None,-3.0,2022-09-21 11:00:00,4.0, None,38
13.5, None, None, None, None,13.4, 8.5, 0.0, None,2.0,2022-09-21 12:00:00,5.0, None,38
14.2, None, None, None, None,13.8, 8.5, 0.0, None,-1.0,2022-09-21 13:00:00,4.0, None,38
15.1, None, None, None, None,14.7, 8.5, 0.0, None,3.0,2022-09-21 14:00:00,7.0, None,38
15.1, None, None, None, None,14.5, 8.5, 0.0, None,-2.0,2022-09-21 15:00:00,5.0, None,38
15.1, None, None, None, None,15.1, 8.5, 0.0, None,0.0,2022-09-21 16:00:00,5.0, None,38
15.4, None, None, None, None,15.0, 8.5, 0.0, None,1.0,2022-09-21 17:00:00,6.0, None,38
15.4, None, None, None, None,14.6, 8.5, 0.0, None,1.0,2022-09-21 18:00:00,7.0, None,38
14.8, None, None, None, None,14.5, 14.0, 0.0, None,-2.0,2022-09-21 19:00:00,5.0, None,38
14.8, None, None, None, None,13.8, 13.7, 0.0, None,0.0,2022-09-21 20:00:00,5.0, None,38
14.8, None, None, None, None,12.9, 12.9, 0.0, None,-1.0,2022-09-21 21:00:00,4.0, None,38
14.8, None, None, None, None,13.5, -2.5, 0.0, None,0.0,2022-09-21 22:00:00,4.0, None,38
14.8, None, None, None, None,12.8, -2.5, 0.0, None,0.0,2022-09-21 23:00:00,5.0, None,38
14.8, None, None, None, None,11.6, -2.5, 0.0, None,0.0,2022-09-22 00:00:00,4.0, None,38
14.8, None, None, None, None,11.5, None, 0.0, None,0.0,2022-09-22 01:00:00,4.0, None,38
14.8, None, None, None, None,10.4, None, 0.0, None,2.0,2022-09-22 02:00:00,6.0, None,38
14.8, None, None, None, None,10.1, None, 0.0, None,0.0,2022-09-22 03:00:00,5.0, None,38
14.8, None, None, None, None,9.5, None, 0.0, None,1.0,2022-09-22 04:00:00,7.0, None,38
14.8, None, None, None, None,9.2, None, 0.0, None,0.0,2022-09-22 05:00:00,6.0, None,38
14.8, None, None, None, None,8.4, None, 0.0, None,-2.0,2022-09-22 06:00:00,5.0, None,38
8.6, None, None, None, None,8.6, 8.2, 0.0, None,1.0,2022-09-22 07:00:00,6.0, None,38
9.2, None, None, None, None,8.1, 7.8, 0.0, None,1.0,2022-09-22 08:00:00,7.0, None,38
9.2, None, None, None, None,7.4, 7.1, 0.0, None,0.0,2022-09-22 09:00:00,7.0, None,38
9.2, None, None, None, None,7.4, 7.1, 0.0, None,-1.0,2022-09-22 10:00:00,6.0, None,38
9.2, None, None, None, None,7.1, 7.1, 0.0, None,1.0,2022-09-22 11:00:00,7.0, None,38
9.2, None, None, None, None,7.3, 7.0, 0.0, None,0.0,2022-09-22 12:00:00,7.0, None,38
9.2, None, None, None, None,7.1, 7.0, 0.0, None,-3.0,2022-09-22 13:00:00,4.0, None,38
9.2, None, None, None, None,6.5, 6.4, 0.0, None,1.0,2022-09-22 14:00:00,5.0, None,38
9.2, None, None, None, None,6.4, 6.3, 0.0, None,-1.0,2022-09-22 15:00:00,4.0, None,38
9.2, None, None, None, None,6.1, None, 0.0, None,-1.0,2022-09-22 16:00:00,4.0, None,38
9.2, None, None, None, None,7.3, None, 0.0, None,3.0,2022-09-22 17:00:00,6.0, None,38
9.2, None, None, None, None,6.1, None, 0.0, None,3.0,2022-09-22 18:00:00,9.0, None,38
6.2, None, None, None, None,5.3, 5.1, 0.0, None,-4.0,2022-09-22 19:00:00,5.0, None,38
6.2, None, None, None, None,4.9, 4.5, 0.0, None,0.0,2022-09-22 20:00:00,6.0, None,38
6.2, None, None, None, None,4.6, 4.4, 0.0, None,0.0,2022-09-22 21:00:00,5.0, None,38
6.2, None, None, None, None,3.8, 3.7, 0.0, None,5.0,2022-09-22 22:00:00,10.0, None,38
6.2, None, None, None, None,4.2, 3.6, 0.0, None,-5.0,2022-09-22 23:00:00,5.0, None,38
6.2, None, None, None, None,4.0, 3.6, 0.0, None,-3.0,2022-09-23 00:00:00,2.0, None,38
6.2, None, None, None, None,3.5, 3.4, 0.0, None,19.0,2022-09-23 01:00:00,21.0, None,38
6.2, None, None, None, None,2.8, 2.7, 0.0, None,2.0,2022-09-23 02:00:00,22.0, None,38
6.2, None, None, None, None,2.8, 2.7, 0.0, None,0.0,2022-09-23 03:00:00,23.0, None,38
6.2, None, None, None, None,2.7, 2.6, 0.0, None,-16.0,2022-09-23 04:00:00,6.0, None,38
6.2, None, None, None, None,2.5, None, 0.0, None,1.0,2022-09-23 05:00:00,7.0, None,38
6.2, None, None, None, None,2.4, None, 0.0, None,-1.0,2022-09-23 06:00:00,6.0, None,38
2.4, None, None, None, None,2.1, 2.0, 0.0, None,0.0,2022-09-23 07:00:00,7.0, None,38
2.4, None, None, None, None,2.2, 2.0, 0.0, None,0.0,2022-09-23 08:00:00,7.0, None,38
2.4, None, None, None, None,2.3, 2.0, 0.0, None,1.0,2022-09-23 09:00:00,7.0, None,38
2.5, None, None, None, None,2.5, 2.0, 0.0, None,1.0,2022-09-23 10:00:00,8.0, None,38
2.7, None, None, None, None,2.7, 2.0, 0.0, None,0.0,2022-09-23 11:00:00,8.0, None,38
3.1, None, None, None, None,3.0, 2.0, 0.0, None,1.0,2022-09-23 12:00:00,9.0, None,38
3.4, None, None, None, None,3.3, 2.0, 0.0, None,1.0,2022-09-23 13:00:00,9.0, None,38
4.0, None, None, None, None,3.9, 2.0, 0.0, None,0.0,2022-09-23 14:00:00,9.0, None,38
4.3, None, None, None, None,4.1, 2.0, 0.0, None,0.0,2022-09-23 15:00:00,9.0, None,38
4.5, None, None, None, None,4.5, 2.0, 0.0, None,1.0,2022-09-23 16:00:00,10.0, None,38
4.9, None, None, None, None,4.7, 2.0, 0.0, None,1.0,2022-09-23 17:00:00,11.0, None,38
4.9, None, None, None, None,4.6, 2.0, 0.0, None,-1.0,2022-09-23 18:00:00,9.0, None,38
4.6, None, None, None, None,4.4, 4.3, 0.0, None,0.0,2022-09-23 19:00:00,9.0, None,38
4.6, None, None, None, None,4.3, 4.3, 0.0, None,-1.0,2022-09-23 20:00:00,8.0, None,38
4.7, None, None, None, None,4.7, 4.3, 0.0, None,0.0,2022-09-23 21:00:00,9.0, None,38
5.0, None, None, None, None,5.0, 4.3, 0.0, None,1.0,2022-09-23 22:00:00,10.0, None,38
5.1, None, None, None, None,4.8, 4.3, 0.0, None,-2.0,2022-09-23 23:00:00,8.0, None,38
