pcpn_amt_pst24hrs,cum_pcpn_amt,ONE_DAY_SNOW,air_temp_2,air_temp_1,snw_dpth,MAX_TEMP,ONE_DAY_PRECIPITATION,pcpn_amt_pst1hr,snw_dpth_wtr_equiv,MIN_TEMP,time,SNOW_ON_THE_GROUND,week_of_year
None,618.0, None,3.5,3.5,2.0, None, None, 0.0,0.0, None,2021-09-17 00:00:00, None,38
None,618.0, None,3.7,3.7,2.0, None, None, 0.0,0.0, None,2021-09-17 01:00:00, None,38
None,618.0, None,2.3,2.3,2.0, None, None, 0.0,0.0, None,2021-09-17 02:00:00, None,38
0.0,619.0, None,0.6,0.6,2.0, None, None, 1.0,0.0, None,2021-09-17 03:00:00, None,38
1.0,620.0, None,0.2,0.2,0.0, None, None, 1.0,0.0, None,2021-09-17 04:00:00, None,38
2.0,621.0, None,0.2,0.2,-1.0, None, None, 1.0,1.0, None,2021-09-17 05:00:00, None,38
3.0,622.0, None,0.3,0.3,1.0, None, None, 1.0,1.0, None,2021-09-17 06:00:00, None,38
4.0,623.0, None,0.4,0.4,780.0, None, None, 1.0,2.0, None,2021-09-17 07:00:00, None,38
6.0,624.0, None,0.6,0.6,2.0, None, None, 1.0,3.0, None,2021-09-17 08:00:00, None,38
7.0,625.0, None,0.6,0.7,-1.0, None, None, 1.0,4.0, None,2021-09-17 09:00:00, None,38
9.0,627.0, None,0.9,1.2,-1.0, None, None, 2.0,5.0, None,2021-09-17 10:00:00, None,38
11.0,628.0, None,0.9,0.9,0.0, None, None, 1.0,7.0, None,2021-09-17 11:00:00, None,38
14.0,631.0, None,0.9,1.2,780.0, None, None, 3.0,8.0, None,2021-09-17 12:00:00, None,38
17.0,634.0, None,0.4,0.6,780.0, None, None, 3.0,12.0, None,2021-09-17 13:00:00, None,38
22.0,639.0, None,0.4,0.7,780.0, None, None, 5.0,17.0, None,2021-09-17 14:00:00, None,38
26.0,642.0, None,0.4,0.8,780.0, None, None, 3.0,21.0, None,2021-09-17 15:00:00, None,38
31.0,646.0, None,0.3,0.5,780.0, None, None, 4.0,23.0, None,2021-09-17 16:00:00, None,38
34.0,651.0, None,0.4,0.5,-4.0, None, None, 5.0,28.0, None,2021-09-17 17:00:00, None,38
36.0,653.0, None,0.5,0.6,780.0, None, None, 2.0,31.0, None,2021-09-17 18:00:00, None,38
41.0,658.0, None,1.0,1.2,0.0, None, None, 5.0,33.0, None,2021-09-17 19:00:00, None,38
43.0,661.0, None,2.5,2.5,4.0, None, None, 3.0,33.0, None,2021-09-17 20:00:00, None,38
45.0,663.0, None,2.0,2.1,9.0, None, None, 2.0,33.0, None,2021-09-17 21:00:00, None,38
47.0,665.0, None,2.5,2.5,9.0, None, None, 2.0,32.0, None,2021-09-17 22:00:00, None,38
49.0,667.0, None,3.0,2.9,10.0, None, None, 2.0,32.0, None,2021-09-17 23:00:00, None,38
54.0,672.0, None,3.4,3.4,2.0, None, None, 5.0,32.0, None,2021-09-18 00:00:00, None,38
56.0,674.0, None,2.7,2.8,10.0, None, None, 2.0,30.0, None,2021-09-18 01:00:00, None,38
58.0,676.0, None,2.9,2.8,4.0, None, None, 2.0,30.0, None,2021-09-18 02:00:00, None,38
60.0,679.0, None,3.1,3.1,11.0, None, None, 3.0,29.0, None,2021-09-18 03:00:00, None,38
60.0,680.0, None,3.2,3.1,1.0, None, None, 1.0,28.0, None,2021-09-18 04:00:00, None,38
59.0,680.0, None,2.9,2.8,7.0, None, None, 0.0,27.0, None,2021-09-18 05:00:00, None,38
58.0,680.0, None,1.2,1.2,10.0, None, None, 0.0,26.0, None,2021-09-18 06:00:00, None,38
57.0,680.0, None,0.9,0.9,11.0, None, None, 0.0,25.0, None,2021-09-18 07:00:00, None,38
57.0,681.0, None,1.5,1.5,11.0, None, None, 1.0,25.0, None,2021-09-18 08:00:00, None,38
57.0,682.0, None,0.9,1.1,2.0, None, None, 1.0,25.0, None,2021-09-18 09:00:00, None,38
55.0,682.0, None,2.1,2.3,780.0, None, None, 0.0,25.0, None,2021-09-18 10:00:00, None,38
55.0,683.0, None,2.5,2.9,780.0, None, None, 1.0,26.0, None,2021-09-18 11:00:00, None,38
52.0,683.0, None,2.9,3.4,6.0, None, None, 0.0,25.0, None,2021-09-18 12:00:00, None,38
49.0,683.0, None,2.9,3.4,6.0, None, None, 0.0,24.0, None,2021-09-18 13:00:00, None,38
44.0,683.0, None,2.8,3.1,-1.0, None, None, 0.0,23.0, None,2021-09-18 14:00:00, None,38
42.0,684.0, None,2.3,2.5,2.0, None, None, 1.0,22.0, None,2021-09-18 15:00:00, None,38
39.0,685.0, None,2.1,2.3,780.0, None, None, 1.0,22.0, None,2021-09-18 16:00:00, None,38
36.0,687.0, None,1.8,1.9,10.0, None, None, 2.0,22.0, None,2021-09-18 17:00:00, None,38
34.0,687.0, None,2.3,2.5,10.0, None, None, 0.0,21.0, None,2021-09-18 18:00:00, None,38
29.0,687.0, None,1.8,1.8,9.0, None, None, 0.0,20.0, None,2021-09-18 19:00:00, None,38
27.0,688.0, None,1.5,1.5,9.0, None, None, 1.0,19.0, None,2021-09-18 20:00:00, None,38
25.0,688.0, None,1.6,1.6,9.0, None, None, 0.0,19.0, None,2021-09-18 21:00:00, None,38
23.0,688.0, None,1.2,1.2,9.0, None, None, 0.0,18.0, None,2021-09-18 22:00:00, None,38
21.0,688.0, None,1.2,1.3,3.0, None, None, 0.0,18.0, None,2021-09-18 23:00:00, None,38
16.0,688.0, None,1.2,1.3,3.0, None, None, 0.0,18.0, None,2021-09-19 00:00:00, None,38
14.0,688.0, None,1.2,1.2,4.0, None, None, 0.0,18.0, None,2021-09-19 01:00:00, None,38
12.0,688.0, None,1.4,1.4,9.0, None, None, 0.0,17.0, None,2021-09-19 02:00:00, None,38
9.0,688.0, None,1.2,1.2,9.0, None, None, 0.0,17.0, None,2021-09-19 03:00:00, None,38
9.0,689.0, None,1.3,1.3,9.0, None, None, 1.0,17.0, None,2021-09-19 04:00:00, None,38
10.0,690.0, None,0.8,0.8,9.0, None, None, 1.0,17.0, None,2021-09-19 05:00:00, None,38
10.0,690.0, None,1.0,1.1,9.0, None, None, 0.0,17.0, None,2021-09-19 06:00:00, None,38
10.0,690.0, None,1.2,1.3,9.0, None, None, 0.0,17.0, None,2021-09-19 07:00:00, None,38
9.0,690.0, None,1.7,2.0,780.0, None, None, 0.0,16.0, None,2021-09-19 08:00:00, None,38
8.0,690.0, None,1.9,2.0,-5.0, None, None, 0.0,16.0, None,2021-09-19 09:00:00, None,38
8.0,690.0, None,2.2,2.4,780.0, None, None, 0.0,16.0, None,2021-09-19 10:00:00, None,38
8.0,691.0, None,2.7,3.4,-13.0, None, None, 1.0,15.0, None,2021-09-19 11:00:00, None,38
7.0,690.0, None,3.0,3.9,-3.0, None, None, None,14.0, None,2021-09-19 12:00:00, None,38
7.0,690.0, None,3.1,3.3,-1.0, None, None, 0.0,13.0, None,2021-09-19 13:00:00, None,38
8.0,691.0, None,2.8,2.9,-6.0, None, None, 1.0,12.0, None,2021-09-19 14:00:00, None,38
7.0,691.0, None,3.5,4.1,3.0, None, None, 0.0,11.0, None,2021-09-19 15:00:00, None,38
6.0,691.0, None,3.8,4.1,1.0, None, None, 0.0,9.0, None,2021-09-19 16:00:00, None,38
4.0,691.0, None,3.8,3.9,1.0, None, None, 0.0,8.0, None,2021-09-19 17:00:00, None,38
4.0,691.0, None,3.4,3.4,780.0, None, None, 0.0,7.0, None,2021-09-19 18:00:00, None,38
4.0,691.0, None,2.6,2.5,2.0, None, None, 0.0,7.0, None,2021-09-19 19:00:00, None,38
4.0,692.0, None,2.4,2.4,-7.0, None, None, 1.0,7.0, None,2021-09-19 20:00:00, None,38
4.0,692.0, None,2.4,2.4,0.0, None, None, 0.0,6.0, None,2021-09-19 21:00:00, None,38
4.0,692.0, None,2.1,2.1,780.0, None, None, 0.0,6.0, None,2021-09-19 22:00:00, None,38
4.0,692.0, None,2.7,2.6,2.0, None, None, 0.0,6.0, None,2021-09-19 23:00:00, None,38
4.0,692.0, None,2.2,2.2,0.0, None, None, 0.0,5.0, None,2021-09-20 00:00:00, None,38
5.0,693.0, None,1.7,1.8,0.0, None, None, 1.0,5.0, None,2021-09-20 01:00:00, None,38
5.0,693.0, None,1.6,1.6,-38.0, None, None, 0.0,5.0, None,2021-09-20 02:00:00, None,38
5.0,693.0, None,1.6,1.6,4.0, None, None, 0.0,5.0, None,2021-09-20 03:00:00, None,38
7.0,696.0, None,1.0,1.0,0.0, None, None, 3.0,6.0, None,2021-09-20 04:00:00, None,38
6.0,696.0, None,1.1,1.2,2.0, None, None, 0.0,5.0, None,2021-09-20 05:00:00, None,38
6.0,696.0, None,1.1,1.1,4.0, None, None, 0.0,5.0, None,2021-09-20 06:00:00, None,38
6.0,696.0, None,0.4,0.3,4.0, None, None, 0.0,5.0, None,2021-09-20 07:00:00, None,38
6.0,696.0, None,1.5,4.3,0.0, None, None, 0.0,5.0, None,2021-09-20 08:00:00, None,38
4.0,694.0, None,2.5,3.2,780.0, None, None, None,5.0, None,2021-09-20 09:00:00, None,38
5.0,695.0, None,2.6,3.0,780.0, None, None, 1.0,5.0, None,2021-09-20 10:00:00, None,38
4.0,695.0, None,4.0,5.4,-3.0, None, None, 0.0,4.0, None,2021-09-20 11:00:00, None,38
5.0,695.0, None,3.0,3.3,3.0, None, None, 0.0,3.0, None,2021-09-20 12:00:00, None,38
5.0,695.0, None,3.7,4.1,3.0, None, None, 0.0,2.0, None,2021-09-20 13:00:00, None,38
3.0,694.0, None,4.4,4.8,2.0, None, None, None,0.0, None,2021-09-20 14:00:00, None,38
3.0,694.0, None,4.2,4.4,3.0, None, None, 0.0,0.0, None,2021-09-20 15:00:00, None,38
4.0,695.0, None,3.9,3.9,2.0, None, None, 1.0,0.0, None,2021-09-20 16:00:00, None,38
4.0,695.0, None,3.6,3.7,2.0, None, None, 0.0,0.0, None,2021-09-20 17:00:00, None,38
4.0,695.0, None,3.3,3.3,2.0, None, None, 0.0,0.0, None,2021-09-20 18:00:00, None,38
4.0,695.0, None,3.4,3.4,2.0, None, None, 0.0,0.0, None,2021-09-20 19:00:00, None,38
3.0,695.0, None,3.1,3.0,2.0, None, None, 0.0,0.0, None,2021-09-20 20:00:00, None,38
3.0,695.0, None,2.5,2.4,1.0, None, None, 0.0,0.0, None,2021-09-20 21:00:00, None,38
4.0,696.0, None,2.4,2.4,1.0, None, None, 1.0,0.0, None,2021-09-20 22:00:00, None,38
4.0,696.0, None,2.2,2.2,2.0, None, None, 0.0,0.0, None,2021-09-20 23:00:00, None,38
4.0,696.0, None,2.8,2.8,2.0, None, None, 0.0,0.0, None,2021-09-21 00:00:00, None,38
3.0,696.0, None,3.0,3.1,3.0, None, None, 0.0,0.0, None,2021-09-21 01:00:00, None,38
3.0,696.0, None,3.4,3.4,2.0, None, None, 0.0,0.0, None,2021-09-21 02:00:00, None,38
3.0,696.0, None,3.7,3.8,2.0, None, None, 0.0,0.0, None,2021-09-21 03:00:00, None,38
0.0,696.0, None,4.1,4.1,2.0, None, None, 0.0,0.0, None,2021-09-21 04:00:00, None,38
0.0,696.0, None,4.5,4.7,2.0, None, None, 0.0,0.0, None,2021-09-21 05:00:00, None,38
0.0,696.0, None,4.3,4.3,2.0, None, None, 0.0,0.0, None,2021-09-21 06:00:00, None,38
None,695.0, None,5.1,5.1,1.0, None, None, None,0.0, None,2021-09-21 07:00:00, None,38
None,695.0, None,5.0,5.2,1.0, None, None, 0.0,0.0, None,2021-09-21 08:00:00, None,38
1.0,695.0, None,6.0,6.2,1.0, None, None, 0.0,0.0, None,2021-09-21 09:00:00, None,38
None,694.0, None,9.1,10.4,780.0, None, None, None,0.0, None,2021-09-21 10:00:00, None,38
None,693.0, None,9.1,9.6,1.0, None, None, None,0.0, None,2021-09-21 11:00:00, None,38
None,693.0, None,9.8,10.4,780.0, None, None, 0.0,0.0, None,2021-09-21 12:00:00, None,38
None,692.0, None,11.0,11.6,780.0, None, None, None,0.0, None,2021-09-21 13:00:00, None,38
None,693.0, None,10.5,10.8,780.0, None, None, 1.0,0.0, None,2021-09-21 14:00:00, None,38
None,692.0, None,11.8,12.2,780.0, None, None, None,0.0, None,2021-09-21 15:00:00, None,38
None,692.0, None,11.8,11.7,780.0, None, None, 0.0,0.0, None,2021-09-21 16:00:00, None,38
None,692.0, None,10.7,10.6,2.0, None, None, 0.0,0.0, None,2021-09-21 17:00:00, None,38
None,693.0, None,9.3,9.2,2.0, None, None, 1.0,0.0, None,2021-09-21 18:00:00, None,38
None,694.0, None,8.7,8.8,3.0, None, None, 1.0,0.0, None,2021-09-21 19:00:00, None,38
None,694.0, None,9.0,8.9,2.0, None, None, 0.0,0.0, None,2021-09-21 20:00:00, None,38
0.0,695.0, None,7.7,7.8,1.0, None, None, 1.0,0.0, None,2021-09-21 21:00:00, None,38
None,694.0, None,7.9,7.7,1.0, None, None, None,0.0, None,2021-09-21 22:00:00, None,38
None,695.0, None,7.0,7.0,2.0, None, None, 1.0,0.0, None,2021-09-21 23:00:00, None,38
None,695.0, None,8.4,8.4,3.0, None, None, 0.0,0.0, None,2021-09-22 00:00:00, None,38
None,695.0, None,8.4,8.3,2.0, None, None, 0.0,0.0, None,2021-09-22 01:00:00, None,38
None,695.0, None,8.1,8.0,2.0, None, None, 0.0,0.0, None,2021-09-22 02:00:00, None,38
None,695.0, None,7.6,7.6,2.0, None, None, 0.0,0.0, None,2021-09-22 03:00:00, None,38
None,695.0, None,7.3,7.3,2.0, None, None, 0.0,0.0, None,2021-09-22 04:00:00, None,38
0.0,696.0, None,7.1,7.1,2.0, None, None, 1.0,0.0, None,2021-09-22 05:00:00, None,38
0.0,696.0, None,6.9,6.8,3.0, None, None, 0.0,0.0, None,2021-09-22 06:00:00, None,38
2.0,697.0, None,6.5,6.5,3.0, None, None, 1.0,0.0, None,2021-09-22 07:00:00, None,38
2.0,697.0, None,6.3,6.3,3.0, None, None, 0.0,0.0, None,2021-09-22 08:00:00, None,38
2.0,697.0, None,7.4,7.9,2.0, None, None, 0.0,0.0, None,2021-09-22 09:00:00, None,38
2.0,696.0, None,7.8,8.2,3.0, None, None, None,0.0, None,2021-09-22 10:00:00, None,38
3.0,696.0, None,9.4,10.5,780.0, None, None, 0.0,0.0, None,2021-09-22 11:00:00, None,38
2.0,695.0, None,10.2,11.4,780.0, None, None, None,0.0, None,2021-09-22 12:00:00, None,38
3.0,695.0, None,10.1,10.6,2.0, None, None, 0.0,0.0, None,2021-09-22 13:00:00, None,38
2.0,695.0, None,10.9,11.5,780.0, None, None, 0.0,0.0, None,2021-09-22 14:00:00, None,38
3.0,695.0, None,10.9,11.3,2.0, None, None, 0.0,0.0, None,2021-09-22 15:00:00, None,38
1.0,693.0, None,11.4,11.5,2.0, None, None, None,0.0, None,2021-09-22 16:00:00, None,38
3.0,695.0, None,9.6,9.8,3.0, None, None, 2.0,0.0, None,2021-09-22 17:00:00, None,38
3.0,696.0, None,9.1,9.1,3.0, None, None, 1.0,0.0, None,2021-09-22 18:00:00, None,38
3.0,697.0, None,7.7,7.5,2.0, None, None, 1.0,0.0, None,2021-09-22 19:00:00, None,38
3.0,697.0, None,5.6,5.5,1.0, None, None, 0.0,0.0, None,2021-09-22 20:00:00, None,38
2.0,697.0, None,6.2,6.1,1.0, None, None, 0.0,0.0, None,2021-09-22 21:00:00, None,38
3.0,697.0, None,6.6,6.5,2.0, None, None, 0.0,0.0, None,2021-09-22 22:00:00, None,38
2.0,697.0, None,6.2,6.2,2.0, None, None, 0.0,0.0, None,2021-09-22 23:00:00, None,38
2.0,697.0, None,5.6,5.5,1.0, None, None, 0.0,0.0, None,2021-09-23 00:00:00, None,38
3.0,698.0, None,5.6,5.6,2.0, None, None, 1.0,0.0, None,2021-09-23 01:00:00, None,38
2.0,697.0, None,5.8,5.7,1.0, None, None, None,0.0, None,2021-09-23 02:00:00, None,38
2.0,697.0, None,5.9,5.9,2.0, None, None, 0.0,0.0, None,2021-09-23 03:00:00, None,38
2.0,697.0, None,5.0,4.9,2.0, None, None, 0.0,0.0, None,2021-09-23 04:00:00, None,38
1.0,697.0, None,5.2,5.2,2.0, None, None, 0.0,0.0, None,2021-09-23 05:00:00, None,38
1.0,697.0, None,4.6,4.6,2.0, None, None, 0.0,0.0, None,2021-09-23 06:00:00, None,38
1.0,698.0, None,4.4,4.4,2.0, None, None, 1.0,0.0, None,2021-09-23 07:00:00, None,38
1.0,698.0, None,4.5,4.6,2.0, None, None, 0.0,0.0, None,2021-09-23 08:00:00, None,38
0.0,697.0, None,5.7,6.4,2.0, None, None, None,0.0, None,2021-09-23 09:00:00, None,38
1.0,697.0, None,6.7,8.3,1.0, None, None, 0.0,0.0, None,2021-09-23 10:00:00, None,38
1.0,697.0, None,8.6,9.9,0.0, None, None, 0.0,0.0, None,2021-09-23 11:00:00, None,38
1.0,696.0, None,8.2,9.4,1.0, None, None, None,0.0, None,2021-09-23 12:00:00, None,38
1.0,696.0, None,9.6,10.1,1.0, None, None, 0.0,0.0, None,2021-09-23 13:00:00, None,38
0.0,695.0, None,9.5,9.6,780.0, None, None, None,0.0, None,2021-09-23 14:00:00, None,38
0.0,695.0, None,10.3,10.5,780.0, None, None, 0.0,0.0, None,2021-09-23 15:00:00, None,38
0.0,693.0, None,10.8,10.8,3.0, None, None, None,0.0, None,2021-09-23 16:00:00, None,38
0.0,695.0, None,9.7,9.8,2.0, None, None, 2.0,0.0, None,2021-09-23 17:00:00, None,38
0.0,696.0, None,8.4,8.4,2.0, None, None, 1.0,0.0, None,2021-09-23 18:00:00, None,38
None,696.0, None,7.7,7.6,1.0, None, None, 0.0,0.0, None,2021-09-23 19:00:00, None,38
0.0,697.0, None,5.9,5.9,1.0, None, None, 1.0,0.0, None,2021-09-23 20:00:00, None,38
0.0,697.0, None,5.7,5.7,0.0, None, None, 0.0,0.0, None,2021-09-23 21:00:00, None,38
0.0,697.0, None,5.8,5.7,0.0, None, None, 0.0,0.0, None,2021-09-23 22:00:00, None,38
0.0,697.0, None,5.4,5.4,0.0, None, None, 0.0,0.0, None,2021-09-23 23:00:00, None,38
