pcpn_amt_pst24hrs,SWE,cum_pcpn_amt,ONE_DAY_SNOW,air_temp_2,air_temp_1,snw_dpth,MAX_TEMP,ONE_DAY_PRECIPITATION,pcpn_amt_pst1hr,snw_dpth_wtr_equiv,MIN_TEMP,time,SNOW_ON_THE_GROUND,week_of_year
3.0, None,179.0, None,3.4,3.3,1.0, None, None, 1.0,-8.0, None,2023-10-15 00:00:00, None,42
1.0, None,178.0, None,3.8,4.2,1.0, None, None, None,-8.0, None,2023-10-15 01:00:00, None,42
2.0, None,179.0, None,4.7,4.6,0.0, None, None, 1.0,-8.0, None,2023-10-15 02:00:00, None,42
3.0, None,180.0, None,4.5,4.5,0.0, None, None, 1.0,-8.0, None,2023-10-15 03:00:00, None,42
3.0, None,180.0, None,4.6,4.5,0.0, None, None, 0.0,-8.0, None,2023-10-15 04:00:00, None,42
3.0, None,180.0, None,4.9,4.5,0.0, None, None, 0.0,-8.0, None,2023-10-15 05:00:00, None,42
2.0, None,180.0, None,4.2,3.9,0.0, None, None, 0.0,-8.0, None,2023-10-15 06:00:00, None,42
2.0, None,179.0, None,4.3,4.1,0.0, None, None, None,-8.0, None,2023-10-15 07:00:00, None,42
2.0, None,180.0, None,4.6,5.0,0.0, None, None, 1.0,-8.0, None,2023-10-15 08:00:00, None,42
2.0, None,180.0, None,5.7,5.8,-1.0, None, None, 0.0,-8.0, None,2023-10-15 09:00:00, None,42
2.0, None,180.0, None,7.4,6.8,-1.0, None, None, 0.0,-8.0, None,2023-10-15 10:00:00, None,42
2.0, None,180.0, None,7.5,8.2,-1.0, None, None, 0.0,-8.0, None,2023-10-15 11:00:00, None,42
2.0, None,180.0, None,8.8,8.3,-1.0, None, None, 0.0,-8.0, None,2023-10-15 12:00:00, None,42
1.0, None,179.0, None,8.9,9.1,-1.0, None, None, None,-9.0, None,2023-10-15 13:00:00, None,42
1.0, None,179.0, None,9.3,9.9,-1.0, None, None, 0.0,-9.0, None,2023-10-15 14:00:00, None,42
1.0, None,179.0, None,8.9,9.1,0.0, None, None, 0.0,-9.0, None,2023-10-15 15:00:00, None,42
2.0, None,179.0, None,8.7,8.8,0.0, None, None, 0.0,-9.0, None,2023-10-15 16:00:00, None,42
1.0, None,179.0, None,8.1,8.1,0.0, None, None, 0.0,-9.0, None,2023-10-15 17:00:00, None,42
3.0, None,180.0, None,7.3,6.7,1.0, None, None, 1.0,-9.0, None,2023-10-15 18:00:00, None,42
2.0, None,180.0, None,5.5,5.8,1.0, None, None, 0.0,-8.0, None,2023-10-15 19:00:00, None,42
0.0, None,180.0, None,5.9,6.1,1.0, None, None, 0.0,-8.0, None,2023-10-15 20:00:00, None,42
2.0, None,181.0, None,5.6,5.7,1.0, None, None, 1.0,-8.0, None,2023-10-15 21:00:00, None,42
3.0, None,182.0, None,6.5,5.7,1.0, None, None, 1.0,-8.0, None,2023-10-15 22:00:00, None,42
3.0, None,181.0, None,8.0,7.8,0.0, None, None, None,-8.0, None,2023-10-15 23:00:00, None,42
2.0, None,181.0, None,9.2,9.0,0.0, None, None, 0.0,-8.0, None,2023-10-16 00:00:00, None,42
3.0, None,181.0, None,9.7,10.0,-1.0, None, None, 0.0,-9.0, None,2023-10-16 01:00:00, None,42
3.0, None,182.0, None,10.5,10.1,-1.0, None, None, 1.0,-9.0, None,2023-10-16 02:00:00, None,42
1.0, None,181.0, None,9.1,8.9,0.0, None, None, None,-9.0, None,2023-10-16 03:00:00, None,42
2.0, None,182.0, None,9.4,9.3,0.0, None, None, 1.0,-9.0, None,2023-10-16 04:00:00, None,42
1.0, None,181.0, None,9.8,10.1,0.0, None, None, None,-9.0, None,2023-10-16 05:00:00, None,42
2.0, None,182.0, None,11.4,11.3,0.0, None, None, 1.0,-9.0, None,2023-10-16 06:00:00, None,42
1.0, None,180.0, None,10.6,10.5,0.0, None, None, None,-9.0, None,2023-10-16 07:00:00, None,42
1.0, None,181.0, None,10.4,10.1,0.0, None, None, 1.0,-9.0, None,2023-10-16 08:00:00, None,42
1.0, None,181.0, None,10.3,10.3,0.0, None, None, 0.0,-9.0, None,2023-10-16 09:00:00, None,42
1.0, None,181.0, None,8.5,7.4,0.0, None, None, 0.0,-8.0, None,2023-10-16 10:00:00, None,42
6.0, None,186.0, None,6.6,6.3,1.0, None, None, 5.0,-8.0, None,2023-10-16 11:00:00, None,42
7.0, None,187.0, None,6.6,6.5,1.0, None, None, 1.0,-8.0, None,2023-10-16 12:00:00, None,42
10.0, None,189.0, None,6.9,6.9,1.0, None, None, 2.0,-8.0, None,2023-10-16 13:00:00, None,42
10.0, None,189.0, None,7.1,7.1,0.0, None, None, 0.0,-8.0, None,2023-10-16 14:00:00, None,42
10.0, None,189.0, None,7.2,7.1,-1.0, None, None, 0.0,-9.0, None,2023-10-16 15:00:00, None,42
10.0, None,189.0, None,6.8,6.4,0.0, None, None, 0.0,-8.0, None,2023-10-16 16:00:00, None,42
13.0, None,192.0, None,6.1,6.1,0.0, None, None, 3.0,-8.0, None,2023-10-16 17:00:00, None,42
19.0, None,199.0, None,2.9,2.3,1.0, None, None, 7.0,-8.0, None,2023-10-16 18:00:00, None,42
20.0, None,200.0, None,0.9,0.6,2.0, None, None, 1.0,-7.0, None,2023-10-16 19:00:00, None,42
21.0, None,201.0, None,0.3,0.6,2.0, None, None, 1.0,-6.0, None,2023-10-16 20:00:00, None,42
21.0, None,202.0, None,1.0,0.9,3.0, None, None, 1.0,-7.0, None,2023-10-16 21:00:00, None,42
21.0, None,203.0, None,0.7,0.7,3.0, None, None, 1.0,-8.0, None,2023-10-16 22:00:00, None,42
22.0, None,203.0, None,0.1,0.1,3.0, None, None, 0.0,-7.0, None,2023-10-16 23:00:00, None,42
22.0, None,203.0, None,0.4,0.5,1.0, None, None, 0.0,-8.0, None,2023-10-17 00:00:00, None,42
23.0, None,204.0, None,0.4,0.3,0.0, None, None, 1.0,-8.0, None,2023-10-17 01:00:00, None,42
21.0, None,203.0, None,0.2,0.2,1.0, None, None, None,-8.0, None,2023-10-17 02:00:00, None,42
21.0, None,202.0, None,0.2,0.2,1.0, None, None, None,-8.0, None,2023-10-17 03:00:00, None,42
21.0, None,203.0, None,0.3,0.2,-1.0, None, None, 1.0,-8.0, None,2023-10-17 04:00:00, None,42
22.0, None,203.0, None,0.2,0.0,2.0, None, None, 0.0,-7.0, None,2023-10-17 05:00:00, None,42
22.0, None,204.0, None,0.0,0.0,0.0, None, None, 1.0,-6.0, None,2023-10-17 06:00:00, None,42
24.0, None,204.0, None,0.0,0.0,3.0, None, None, 0.0,-7.0, None,2023-10-17 07:00:00, None,42
23.0, None,204.0, None,0.2,0.2,6.0, None, None, 0.0,-7.0, None,2023-10-17 08:00:00, None,42
23.0, None,204.0, None,0.7,0.6,8.0, None, None, 0.0,-7.0, None,2023-10-17 09:00:00, None,42
23.0, None,204.0, None,1.7,2.1,2.0, None, None, 0.0,-7.0, None,2023-10-17 10:00:00, None,42
18.0, None,204.0, None,2.2,2.5,1.0, None, None, 0.0,-8.0, None,2023-10-17 11:00:00, None,42
16.0, None,203.0, None,3.5,3.4,1.0, None, None, None,-8.0, None,2023-10-17 12:00:00, None,42
15.0, None,204.0, None,3.2,3.1,0.0, None, None, 1.0,-8.0, None,2023-10-17 13:00:00, None,42
15.0, None,204.0, None,2.9,2.7,2.0, None, None, 0.0,-8.0, None,2023-10-17 14:00:00, None,42
15.0, None,204.0, None,2.1,2.0,2.0, None, None, 0.0,-8.0, None,2023-10-17 15:00:00, None,42
15.0, None,204.0, None,1.6,1.6,2.0, None, None, 0.0,-8.0, None,2023-10-17 16:00:00, None,42
12.0, None,204.0, None,1.8,2.4,2.0, None, None, 0.0,-8.0, None,2023-10-17 17:00:00, None,42
5.0, None,204.0, None,2.7,2.7,1.0, None, None, 0.0,-8.0, None,2023-10-17 18:00:00, None,42
5.0, None,205.0, None,1.9,1.8,-27.0, None, None, 1.0,-8.0, None,2023-10-17 19:00:00, None,42
6.0, None,207.0, None,2.4,2.0,3.0, None, None, 2.0,-8.0, None,2023-10-17 20:00:00, None,42
6.0, None,208.0, None,2.7,2.6,2.0, None, None, 1.0,-8.0, None,2023-10-17 21:00:00, None,42
6.0, None,209.0, None,5.3,6.8,-2.0, None, None, 1.0,-8.0, None,2023-10-17 22:00:00, None,42
6.0, None,209.0, None,7.9,7.4,-2.0, None, None, 0.0,-8.0, None,2023-10-17 23:00:00, None,42
9.0, None,212.0, None,6.3,7.6,1.0, None, None, 3.0,-8.0, None,2023-10-18 00:00:00, None,42
8.0, None,212.0, None,6.8,6.5,-1.0, None, None, 0.0,-8.0, None,2023-10-18 01:00:00, None,42
11.0, None,214.0, None,6.6,6.2,-1.0, None, None, 2.0,-8.0, None,2023-10-18 02:00:00, None,42
13.0, None,215.0, None,5.2,5.1,-1.0, None, None, 1.0,-8.0, None,2023-10-18 03:00:00, None,42
13.0, None,216.0, None,6.5,6.4,-1.0, None, None, 1.0,-7.0, None,2023-10-18 04:00:00, None,42
15.0, None,218.0, None,5.9,6.1,-1.0, None, None, 2.0,-8.0, None,2023-10-18 05:00:00, None,42
16.0, None,220.0, None,6.6,6.9,2.0, None, None, 2.0,-8.0, None,2023-10-18 06:00:00, None,42
15.0, None,219.0, None,7.4,8.0,0.0, None, None, None,-8.0, None,2023-10-18 07:00:00, None,42
14.0, None,218.0, None,8.3,8.9,1.0, None, None, None,-8.0, None,2023-10-18 08:00:00, None,42
16.0, None,220.0, None,7.2,7.2,0.0, None, None, 2.0,-8.0, None,2023-10-18 09:00:00, None,42
16.0, None,220.0, None,8.9,8.9,1.0, None, None, 0.0,-9.0, None,2023-10-18 10:00:00, None,42
16.0, None,220.0, None,9.0,8.9,-1.0, None, None, 0.0,-8.0, None,2023-10-18 11:00:00, None,42
16.0, None,219.0, None,9.3,9.4,-2.0, None, None, None,-9.0, None,2023-10-18 12:00:00, None,42
16.0, None,220.0, None,10.4,10.6,-1.0, None, None, 1.0,-9.0, None,2023-10-18 13:00:00, None,42
16.0, None,220.0, None,11.1,11.0,-1.0, None, None, 0.0,-9.0, None,2023-10-18 14:00:00, None,42
16.0, None,220.0, None,11.1,11.1,-2.0, None, None, 0.0,-9.0, None,2023-10-18 15:00:00, None,42
15.0, None,219.0, None,10.6,10.4,-2.0, None, None, None,-9.0, None,2023-10-18 16:00:00, None,42
15.0, None,219.0, None,10.2,10.5,1.0, None, None, 0.0,-9.0, None,2023-10-18 17:00:00, None,42
15.0, None,219.0, None,10.7,10.5,0.0, None, None, 0.0,-9.0, None,2023-10-18 18:00:00, None,42
15.0, None,220.0, None,10.7,10.7,-1.0, None, None, 1.0,-9.0, None,2023-10-18 19:00:00, None,42
12.0, None,219.0, None,10.3,10.4,-1.0, None, None, None,-9.0, None,2023-10-18 20:00:00, None,42
11.0, None,219.0, None,10.9,10.9,0.0, None, None, 0.0,-9.0, None,2023-10-18 21:00:00, None,42
10.0, None,219.0, None,11.0,10.9,1.0, None, None, 0.0,-9.0, None,2023-10-18 22:00:00, None,42
10.0, None,219.0, None,10.7,10.6,0.0, None, None, 0.0,-9.0, None,2023-10-18 23:00:00, None,42
5.0, None,217.0, None,10.5,10.6,-1.0, None, None, None,-9.0, None,2023-10-19 00:00:00, None,42
6.0, None,218.0, None,11.3,11.4,-1.0, None, None, 1.0,-9.0, None,2023-10-19 01:00:00, None,42
4.0, None,218.0, None,11.4,11.5,0.0, None, None, 0.0,-9.0, None,2023-10-19 02:00:00, None,42
3.0, None,218.0, None,11.5,11.2,0.0, None, None, 0.0,-9.0, None,2023-10-19 03:00:00, None,42
2.0, None,218.0, None,11.2,11.3,-1.0, None, None, 0.0,-9.0, None,2023-10-19 04:00:00, None,42
0.0, None,218.0, None,11.2,11.2,-1.0, None, None, 0.0,-9.0, None,2023-10-19 05:00:00, None,42
None, None,218.0, None,11.2,11.2,0.0, None, None, 0.0,-9.0, None,2023-10-19 06:00:00, None,42
None, None,218.0, None,11.2,9.9,0.0, None, None, 0.0,-9.0, None,2023-10-19 07:00:00, None,42
2.0, None,220.0, None,8.5,7.8,1.0, None, None, 2.0,-7.0, None,2023-10-19 08:00:00, None,42
1.0, None,221.0, None,8.0,7.8,-1.0, None, None, 1.0,-8.0, None,2023-10-19 09:00:00, None,42
3.0, None,223.0, None,8.6,8.9,2.0, None, None, 2.0,-8.0, None,2023-10-19 10:00:00, None,42
8.0, None,228.0, None,9.4,9.0,-2.0, None, None, 5.0,-8.0, None,2023-10-19 11:00:00, None,42
12.0, None,231.0, None,9.5,9.4,1.0, None, None, 3.0,-8.0, None,2023-10-19 12:00:00, None,42
11.0, None,231.0, None,9.6,9.4,1.0, None, None, 0.0,-8.0, None,2023-10-19 13:00:00, None,42
12.0, None,232.0, None,9.6,9.7,1.0, None, None, 1.0,-9.0, None,2023-10-19 14:00:00, None,42
12.0, None,232.0, None,9.5,9.5,-1.0, None, None, 0.0,-9.0, None,2023-10-19 15:00:00, None,42
15.0, None,234.0, None,9.6,9.5,2.0, None, None, 2.0,-9.0, None,2023-10-19 16:00:00, None,42
16.0, None,235.0, None,9.6,9.5,-1.0, None, None, 1.0,-9.0, None,2023-10-19 17:00:00, None,42
17.0, None,236.0, None,9.2,9.2,2.0, None, None, 1.0,-8.0, None,2023-10-19 18:00:00, None,42
15.0, None,235.0, None,9.0,8.9,2.0, None, None, None,-8.0, None,2023-10-19 19:00:00, None,42
17.0, None,236.0, None,9.0,8.9,1.0, None, None, 1.0,-9.0, None,2023-10-19 20:00:00, None,42
17.0, None,236.0, None,8.8,8.7,1.0, None, None, 0.0,-9.0, None,2023-10-19 21:00:00, None,42
17.0, None,236.0, None,8.5,8.3,1.0, None, None, 0.0,-9.0, None,2023-10-19 22:00:00, None,42
18.0, None,237.0, None,7.4,7.3,2.0, None, None, 1.0,-9.0, None,2023-10-19 23:00:00, None,42
19.0, None,236.0, None,6.4,6.1,0.0, None, None, None,-9.0, None,2023-10-20 00:00:00, None,42
19.0, None,237.0, None,5.8,6.3,-1.0, None, None, 1.0,-9.0, None,2023-10-20 01:00:00, None,42
18.0, None,236.0, None,6.6,5.8,-2.0, None, None, None,-9.0, None,2023-10-20 02:00:00, None,42
18.0, None,236.0, None,6.3,6.3,-2.0, None, None, 0.0,-9.0, None,2023-10-20 03:00:00, None,42
19.0, None,237.0, None,5.3,5.5,-1.0, None, None, 1.0,-8.0, None,2023-10-20 04:00:00, None,42
19.0, None,237.0, None,5.1,5.0,-1.0, None, None, 0.0,-9.0, None,2023-10-20 05:00:00, None,42
19.0, None,237.0, None,4.4,4.5,1.0, None, None, 0.0,-8.0, None,2023-10-20 06:00:00, None,42
18.0, None,236.0, None,3.6,3.6,2.0, None, None, None,-8.0, None,2023-10-20 07:00:00, None,42
17.0, None,237.0, None,3.7,4.0,-27.0, None, None, 1.0,-8.0, None,2023-10-20 08:00:00, None,42
15.0, None,236.0, None,4.9,4.8,-28.0, None, None, None,-8.0, None,2023-10-20 09:00:00, None,42
13.0, None,236.0, None,5.3,5.7,2.0, None, None, 0.0,-8.0, None,2023-10-20 10:00:00, None,42
8.0, None,236.0, None,7.1,7.6,0.0, None, None, 0.0,-9.0, None,2023-10-20 11:00:00, None,42
5.0, None,236.0, None,7.6,9.0,-1.0, None, None, 0.0,-9.0, None,2023-10-20 12:00:00, None,42
5.0, None,236.0, None,7.8,8.2,-2.0, None, None, 0.0,-9.0, None,2023-10-20 13:00:00, None,42
4.0, None,236.0, None,8.2,10.3,-2.0, None, None, 0.0,-9.0, None,2023-10-20 14:00:00, None,42
4.0, None,236.0, None,8.3,8.3,-1.0, None, None, 0.0,-9.0, None,2023-10-20 15:00:00, None,42
2.0, None,236.0, None,8.0,8.3,1.0, None, None, 0.0,-9.0, None,2023-10-20 16:00:00, None,42
1.0, None,236.0, None,7.8,8.8,0.0, None, None, 0.0,-9.0, None,2023-10-20 17:00:00, None,42
0.0, None,236.0, None,6.2,5.9,1.0, None, None, 0.0,-9.0, None,2023-10-20 18:00:00, None,42
1.0, None,236.0, None,5.8,5.4,2.0, None, None, 0.0,-9.0, None,2023-10-20 19:00:00, None,42
0.0, None,236.0, None,6.6,6.3,0.0, None, None, 0.0,-9.0, None,2023-10-20 20:00:00, None,42
0.0, None,236.0, None,6.2,6.5,-1.0, None, None, 0.0,-9.0, None,2023-10-20 21:00:00, None,42
None, None,235.0, None,7.5,6.6,0.0, None, None, None,-9.0, None,2023-10-20 22:00:00, None,42
None, None,236.0, None,7.2,7.1,-1.0, None, None, 1.0,-9.0, None,2023-10-20 23:00:00, None,42
0.0, None,236.0, None,8.3,8.3,0.0, None, None, 0.0,-9.0, None,2023-10-21 00:00:00, None,42
None, None,235.0, None,8.6,8.0,0.0, None, None, None,-9.0, None,2023-10-21 01:00:00, None,42
None, None,235.0, None,8.4,8.8,-27.0, None, None, 0.0,-9.0, None,2023-10-21 02:00:00, None,42
0.0, None,236.0, None,8.2,8.2,1.0, None, None, 1.0,-9.0, None,2023-10-21 03:00:00, None,42
None, None,235.0, None,8.3,8.3,-3.0, None, None, None,-9.0, None,2023-10-21 04:00:00, None,42
None, None,235.0, None,8.6,8.4,1.0, None, None, 0.0,-9.0, None,2023-10-21 05:00:00, None,42
None, None,236.0, None,9.0,8.5,1.0, None, None, 1.0,-9.0, None,2023-10-21 06:00:00, None,42
None, None,235.0, None,9.0,8.8,-27.0, None, None, None,-9.0, None,2023-10-21 07:00:00, None,42
None, None,235.0, None,8.5,8.5,-26.0, None, None, 0.0,-9.0, None,2023-10-21 08:00:00, None,42
None, None,235.0, None,9.1,9.3,1.0, None, None, 0.0,-9.0, None,2023-10-21 09:00:00, None,42
0.0, None,236.0, None,10.0,10.1,0.0, None, None, 1.0,-9.0, None,2023-10-21 10:00:00, None,42
0.0, None,236.0, None,11.8,11.1,-1.0, None, None, 0.0,-9.0, None,2023-10-21 11:00:00, None,42
0.0, None,236.0, None,12.0,11.8,-2.0, None, None, 0.0,-9.0, None,2023-10-21 12:00:00, None,42
None, None,235.0, None,11.6,11.9,-1.0, None, None, None,-8.0, None,2023-10-21 13:00:00, None,42
None, None,235.0, None,11.7,12.0,-2.0, None, None, 0.0,-9.0, None,2023-10-21 14:00:00, None,42
None, None,234.0, None,10.4,10.7,-1.0, None, None, None,-9.0, None,2023-10-21 15:00:00, None,42
None, None,234.0, None,9.8,9.6,1.0, None, None, 0.0,-9.0, None,2023-10-21 16:00:00, None,42
None, None,234.0, None,8.6,8.5,1.0, None, None, 0.0,-9.0, None,2023-10-21 17:00:00, None,42
None, None,234.0, None,7.4,7.1,1.0, None, None, 0.0,-9.0, None,2023-10-21 18:00:00, None,42
None, None,234.0, None,7.4,6.8,1.0, None, None, 0.0,-9.0, None,2023-10-21 19:00:00, None,42
None, None,234.0, None,7.5,7.0,0.0, None, None, 0.0,-9.0, None,2023-10-21 20:00:00, None,42
None, None,234.0, None,6.8,6.5,1.0, None, None, 0.0,-9.0, None,2023-10-21 21:00:00, None,42
None, None,234.0, None,6.5,6.5,0.0, None, None, 0.0,-10.0, None,2023-10-21 22:00:00, None,42
None, None,234.0, None,6.2,6.0,1.0, None, None, 0.0,-9.0, None,2023-10-21 23:00:00, None,42
