RELATIVE_HUMIDITY1,STANDARD_SNOW,MINIMUM_AIR_TEMPERATURE,max_wnd_spd_10m_pst1hr,MEASURED_WIND_SPEED1,MEASURED_WIND_DIRECTION1,dwpt_temp,min_air_temp_snc_last_reset,DEW_POINT,ATMOSPHERIC_PRESSURE,avg_wnd_dir_10m_pst10mts,ACTUAL_WIND_DIRECTION,MAXIMUM_AIR_TEMPERATURE,snw_dpth,MAXIMUM_MEASURED_WIND_SPEED1,HEIGHT_OF_SNOW,pcpn_amt_pst24hrs,CURRENT_AIR_TEMPERATURE2,CURRENT_AIR_TEMPERATURE1,PRECIPITATION_NEW,max_air_temp_snc_last_reset,rel_hum,ACTUAL_WIND_SPEED,WIND_DIRECTION_STD_DEVIATION1,avg_wnd_spd_10m_pst10mts,air_temp,mslp,pcpn_amt_pst1hr,snwfl_amt_pst1hr,time,stn_pres,week_of_year
78.0, None, None, None, 0.251, 67.69, None, None, -16.0, 955.0, None, None, None, None, None, 39.27, None, None, -12.87, None, None, None, None, 18.14, None, None, None, None, None,2020-01-22 00:00:00, None,4
77.5, None, None, 4.9, 1.152, 42.95, -15.0, -14.7, -15.0, 955.0, 43.0, None, None, 39.0, None, 39.18, None, None, -11.81, None, -11.3, 78.0, None, 12.83, 1.2, -11.8, 990.7, 0.1, 0.0,2020-01-22 01:00:00, 955.0,4
78.1, None, None, 6.3, 2.39, 40.4, -15.0, -14.7, -15.0, 955.0, 40.0, None, None, 39.0, None, 39.1, None, None, -12.58, None, -11.3, 78.0, None, 5.024, 2.4, -12.6, 990.7, 0.0, 0.0,2020-01-22 02:00:00, 955.0,4
78.6, None, None, 6.6, 3.81, 37.99, -15.0, -14.7, -15.0, 956.0, 38.0, None, None, 39.0, None, 39.1, None, None, -12.57, None, -11.3, 79.0, None, 5.144, 3.8, -12.6, 991.6, 0.0, 0.0,2020-01-22 03:00:00, 956.0,4
78.7, None, None, 6.8, 1.536, 36.82, -15.0, -14.7, -15.0, 956.0, 37.0, None, None, 39.0, None, 39.16, None, None, -12.45, None, -11.3, 79.0, None, 4.45, 1.5, -12.5, 991.6, 0.0, 0.0,2020-01-22 04:00:00, 956.0,4
79.3, None, None, 6.1, 1.924, 41.23, -14.0, -14.7, -14.0, 957.0, 41.0, None, None, 39.0, None, 39.24, None, None, -11.6, None, -11.3, 79.0, None, 7.09, 1.9, -11.6, 992.8, 0.1, 0.0,2020-01-22 05:00:00, 957.0,4
78.8, None, None, 0.1, 0.07, 48.44, -14.0, -14.7, -14.0, 957.0, 48.0, None, None, 39.0, None, 39.16, None, None, -11.34, None, -10.9, 79.0, None, 7.46, 0.1, -11.3, 992.8, 0.0, 0.0,2020-01-22 06:00:00, 957.0,4
78.9, None, None, 3.4, 0.14, 61.62, -15.0, -12.3, -15.0, 957.0, 62.0, None, None, 39.0, None, 38.88, None, None, -12.01, None, -11.3, 79.0, None, 26.49, 0.1, -12.0, 992.8, 0.0, 0.0,2020-01-22 07:00:00, 957.0,4
79.4, None, None, 5.2, 0.738, 43.31, -14.0, -12.5, -14.0, 957.0, 43.0, None, None, 39.0, None, 39.05, None, None, -11.48, None, -11.3, 79.0, None, 6.121, 0.7, -11.5, 992.7, 0.0, 0.0,2020-01-22 08:00:00, 957.0,4
77.2, None, None, 3.6, 0.085, 109.5, -14.0, -12.5, -14.0, 957.0, 110.0, None, None, 39.0, None, 39.12, None, None, -10.75, None, -10.6, 77.0, None, 29.5, 0.1, -10.8, 992.7, 0.0, 0.0,2020-01-22 09:00:00, 957.0,4
76.7, None, None, 3.6, 0.454, 53.69, -13.0, -12.5, -13.0, 957.0, 54.0, None, None, 39.0, None, 38.97, None, None, -10.38, None, -10.1, 77.0, None, 15.25, 0.5, -10.4, 992.7, 0.0, 0.0,2020-01-22 10:00:00, 957.0,4
70.8, None, None, 3.2, 0.086, 74.8, -12.0, -12.5, -12.0, 959.0, 75.0, None, None, 39.0, None, 38.69, None, None, -8.45, None, -8.2, 71.0, None, 35.96, 0.1, -8.5, 994.7, -0.1, 0.0,2020-01-22 11:00:00, 959.0,4
63.21, None, None, 5.3, 0.229, 169.3, -13.0, -12.5, -13.0, 959.0, 169.0, None, None, 39.0, None, 38.87, None, None, -8.01, None, -7.0, 63.0, None, 61.99, 0.2, -8.0, 994.7, 2.1, 0.0,2020-01-22 12:00:00, 959.0,4
57.86, None, None, 6.3, 0.544, 132.6, -13.0, -12.5, -13.0, 959.0, 133.0, None, None, 39.0, None, 38.77, None, None, -7.06, None, -6.7, 58.0, None, 39.69, 0.5, -7.1, 994.6, -156.4, 0.0,2020-01-22 13:00:00, 959.0,4
54.62, None, None, 8.0, 1.12, 140.1, -13.0, -12.5, -13.0, 959.0, 140.0, None, None, 39.0, None, 38.7, None, None, -6.053, None, -5.7, 55.0, None, 41.27, 1.1, -6.1, 994.6, -0.1, 0.0,2020-01-22 14:00:00, 959.0,4
54.29, None, None, 5.8, 1.014, 83.3, -13.0, -12.5, -13.0, 959.0, 83.0, None, None, 39.0, None, 38.75, None, None, -6.111, None, -5.7, 54.0, None, 19.81, 1.0, -6.1, 994.6, -0.2, 0.0,2020-01-22 15:00:00, 959.0,4
67.32, None, None, 4.6, 0.336, 271.1, -12.0, -12.5, -12.0, 959.0, 271.0, None, None, 39.0, None, 38.98, None, None, -7.52, None, -5.7, 67.0, None, 36.68, 0.3, -7.5, 994.7, -0.2, 0.0,2020-01-22 16:00:00, 959.0,4
75.2, None, None, 1.5, 0.034, 87.0, -12.0, -12.5, -12.0, 957.0, 87.0, None, None, 39.0, None, 39.09, None, None, -8.36, None, -5.7, 75.0, None, 61.71, 0.0, -8.4, 992.6, -0.1, 0.0,2020-01-22 17:00:00, 957.0,4
79.3, None, None, 5.2, 1.039, 40.6, -11.0, -12.5, -11.0, 956.0, 41.0, None, None, 39.0, None, 39.12, None, None, -8.83, None, -5.7, 79.0, None, 8.56, 1.0, -8.8, 991.6, -0.2, 0.0,2020-01-22 18:00:00, 956.0,4
80.4, None, None, None, 1.115, 39.45, None, None, -12.0, 955.0, None, None, None, None, None, 38.85, None, None, -9.06, None, None, None, None, 4.095, None, None, None, None, None,2020-01-22 19:00:00, None,4
81.4, None, None, None, 0.879, 38.22, None, None, -11.0, 955.0, None, None, None, None, None, 38.86, None, None, -9.06, None, None, None, None, 12.13, None, None, None, None, None,2020-01-22 20:00:00, None,4
81.4, None, None, 5.6, 0.954, 39.48, -11.0, -9.8, -11.0, 953.0, 39.0, None, None, 39.0, None, 38.91, None, None, -9.1, None, -8.6, 81.0, None, 10.53, 1.0, -9.1, 988.4, 0.0, 0.0,2020-01-22 21:00:00, 953.0,4
81.8, None, None, 6.1, 0.642, 35.61, -12.0, -9.8, -12.0, 952.0, 36.0, None, None, 39.0, None, 38.89, None, None, -9.26, None, -8.6, 82.0, None, 46.42, 0.6, -9.3, 987.4, 0.0, 0.0,2020-01-22 22:00:00, 952.0,4
82.3, None, None, 6.8, 0.343, 252.7, -12.0, -9.9, -12.0, 952.0, 253.0, None, None, 39.0, None, 38.76, None, None, -9.82, None, -8.4, 82.0, None, 55.44, 0.3, -9.8, 987.3, 0.0, 0.0,2020-01-22 23:00:00, 952.0,4
82.9, None, None, 5.6, 0.957, 39.27, -12.0, -10.4, -12.0, 951.0, 39.0, None, None, 39.0, None, 38.83, None, None, -9.86, None, -8.4, 83.0, None, 13.91, 1.0, -9.9, 986.3, 0.0, 0.0,2020-01-23 00:00:00, 951.0,4
83.0, None, None, 5.6, 0.716, 43.76, -12.0, -10.4, -12.0, 951.0, 44.0, None, None, 39.0, None, 38.89, None, None, -9.51, None, -8.4, 83.0, None, 7.81, 0.7, -9.5, 986.2, 0.0, 0.0,2020-01-23 01:00:00, 951.0,4
83.4, None, None, 3.1, 0.093, 1.292, -11.0, -10.4, -11.0, 949.0, 1.0, None, None, 39.0, None, 38.89, None, None, -9.12, None, -8.4, 83.0, None, 46.53, 0.1, -9.1, 984.1, 0.1, 0.0,2020-01-23 02:00:00, 949.0,4
83.6, None, None, 4.2, 0.23, 39.83, -11.0, -10.4, -11.0, 949.0, 40.0, None, None, 39.0, None, 38.87, None, None, -9.09, None, -8.4, 84.0, None, 10.76, 0.2, -9.1, 984.1, 0.0, 0.0,2020-01-23 03:00:00, 949.0,4
84.1, None, None, 4.9, 0.288, 27.59, -11.0, -10.4, -11.0, 948.0, 28.0, None, None, 39.0, None, 38.79, None, None, -9.2, None, -8.4, 84.0, None, 57.73, 0.3, -9.2, 983.1, 0.0, 0.0,2020-01-23 04:00:00, 948.0,4
84.0, None, None, 7.9, 0.5, 44.79, -11.0, -10.4, -11.0, 948.0, 45.0, None, None, 39.0, None, 38.93, None, None, -8.96, None, -8.4, 84.0, None, 59.32, 0.5, -9.0, 983.2, 0.0, 0.0,2020-01-23 05:00:00, 948.0,4
82.6, None, None, 5.9, 0.168, 233.9, -11.0, -10.4, -11.0, 948.0, 234.0, None, None, 39.0, None, 38.86, None, None, -8.48, None, -8.4, 83.0, None, 63.92, 0.2, -8.5, 983.2, 0.0, 0.0,2020-01-23 06:00:00, 948.0,4
81.5, None, None, 4.3, 0.098, 147.7, -10.0, -9.0, -10.0, 948.0, 148.0, None, None, 39.0, None, 38.64, None, None, -8.03, None, -7.8, 82.0, None, 34.76, 0.1, -8.0, 983.1, 0.2, 0.0,2020-01-23 07:00:00, 948.0,4
83.2, None, None, 2.8, 0.052, 163.6, -10.0, -9.0, -10.0, 948.0, 164.0, None, None, 39.0, None, 38.8, None, None, -7.84, None, -7.5, 83.0, None, 63.35, 0.1, -7.8, 983.1, 0.1, 0.0,2020-01-23 08:00:00, 948.0,4
85.9, None, None, 0.1, 0.07, 79.0, -10.0, -9.0, -10.0, 948.0, 79.0, None, None, 39.0, None, 38.67, None, None, -8.46, None, -7.3, 86.0, None, 7.16, 0.1, -8.5, 983.2, 0.0, 0.0,2020-01-23 09:00:00, 948.0,4
84.9, None, None, 0.1, 0.071, 75.9, -11.0, -9.7, -11.0, 948.0, 76.0, None, None, 39.0, None, 38.69, None, None, -9.25, None, -7.3, 85.0, None, 3.357, 0.1, -9.3, 983.2, 0.0, 0.0,2020-01-23 10:00:00, 948.0,4
84.8, None, None, 0.1, 0.064, 119.3, -10.0, -9.7, -10.0, 949.0, 119.0, None, None, 39.0, None, 38.65, None, None, -8.18, None, -7.3, 85.0, None, 25.7, 0.1, -8.2, 984.2, 0.1, 0.0,2020-01-23 11:00:00, 949.0,4
77.1, None, None, 1.1, 0.059, 161.6, -9.0, -9.7, -9.0, 951.0, 162.0, None, None, 39.0, None, 38.58, None, None, -5.553, None, -5.6, 77.0, None, 37.43, 0.1, -5.6, 986.2, 0.3, 0.0,2020-01-23 12:00:00, 951.0,4
74.8, None, None, 4.7, 0.176, 105.5, -8.0, -9.7, -8.0, 951.0, 106.0, None, None, 39.0, None, 38.63, None, None, -4.901, None, -4.8, 75.0, None, 40.87, 0.2, -4.9, 986.2, 0.2, 0.0,2020-01-23 13:00:00, 951.0,4
68.29, None, None, 4.1, 0.385, 189.0, -7.0, -9.7, -7.0, 951.0, 189.0, None, None, 38.0, None, 38.13, None, None, -2.559, None, -2.2, 68.0, None, 44.16, 0.4, -2.6, 986.1, 0.0, -1.0,2020-01-23 14:00:00, 951.0,4
72.8, None, None, 3.7, 0.123, 167.6, -7.0, -9.7, -7.0, 952.0, 168.0, None, None, 39.0, None, 38.6, None, None, -3.45, None, -2.2, 73.0, None, 45.43, 0.1, -3.5, 987.1, -0.2, 0.0,2020-01-23 15:00:00, 952.0,4
73.2, None, None, 4.7, 0.171, 221.4, -7.0, -9.7, -7.0, 952.0, 221.0, None, None, 39.0, None, 38.75, None, None, -3.383, None, -2.2, 73.0, None, 45.27, 0.2, -3.4, 987.1, 0.1, 0.0,2020-01-23 16:00:00, 952.0,4
77.0, None, None, 0.6, 0.039, 190.6, -7.0, -9.7, -7.0, 952.0, 191.0, None, None, 39.0, None, 38.95, None, None, -4.146, None, -2.2, 77.0, None, 55.48, 0.0, -4.1, 987.1, -0.1, 0.0,2020-01-23 17:00:00, 952.0,4
81.6, None, None, 2.8, 0.047, 124.0, -7.0, -9.7, -7.0, 952.0, 124.0, None, None, 39.0, None, 39.02, None, None, -4.35, None, -2.2, 82.0, None, 68.33, 0.0, -4.4, 987.1, 0.0, 0.0,2020-01-23 18:00:00, 952.0,4
84.2, None, None, 4.2, 0.093, 176.3, -6.0, -4.8, -6.0, 952.0, 176.0, None, None, 39.0, None, 38.68, None, None, -4.274, None, -4.0, 84.0, None, 55.06, 0.1, -4.3, 987.1, 0.0, 0.0,2020-01-23 19:00:00, 952.0,4
86.4, None, None, 5.6, 0.349, 114.8, -6.0, -4.8, -6.0, 952.0, 115.0, None, None, 39.0, None, 38.55, None, None, -4.38, None, -3.6, 86.0, None, 62.66, 0.3, -4.4, 987.1, 0.0, 0.0,2020-01-23 20:00:00, 952.0,4
90.8, None, None, 4.3, 0.197, 74.4, -5.0, -5.2, -5.0, 952.0, 74.0, None, None, 39.0, None, 38.69, None, None, -4.098, None, -3.6, 91.0, None, 29.33, 0.2, -4.1, 987.1, 0.0, 0.0,2020-01-23 21:00:00, 952.0,4
88.2, None, None, 5.4, 0.821, 56.92, -5.0, -5.2, -5.0, 952.0, 57.0, None, None, 39.0, None, 38.68, None, None, -3.569, None, -3.3, 88.0, None, 14.18, 0.8, -3.6, 987.1, 0.2, 0.0,2020-01-23 22:00:00, 952.0,4
81.9, None, None, 5.2, 0.691, 118.4, -6.0, -5.2, -6.0, 952.0, 118.0, None, None, 39.0, None, 38.73, None, None, -3.965, None, -3.2, 82.0, None, 19.18, 0.7, -4.0, 987.1, 0.0, 0.0,2020-01-23 23:00:00, 952.0,4
81.1, None, None, 5.4, 0.493, 129.3, -6.0, -5.2, -6.0, 952.0, 129.0, None, None, 39.0, None, 38.91, None, None, -3.635, None, -3.2, 81.0, None, 32.55, 0.5, -3.6, 987.0, 0.0, 0.0,2020-01-24 00:00:00, 952.0,4
81.1, None, None, 6.6, 0.79, 125.3, -6.0, -5.2, -6.0, 951.0, 125.0, None, None, 39.0, None, 38.66, None, None, -3.424, None, -3.2, 81.0, None, 43.91, 0.8, -3.4, 985.9, 0.0, 0.0,2020-01-24 01:00:00, 951.0,4
85.6, None, None, 5.8, 1.034, 111.1, -5.0, -5.2, -5.0, 951.0, 111.0, None, None, 39.0, None, 38.7, None, None, -3.376, None, -3.0, 86.0, None, 27.01, 1.0, -3.4, 985.8, 0.0, 0.0,2020-01-24 02:00:00, 951.0,4
84.0, None, None, 4.2, 0.65, 154.9, -6.0, -5.2, -6.0, 951.0, 155.0, None, None, 39.0, None, 38.56, None, None, -3.79, None, -3.0, 84.0, None, 28.68, 0.7, -3.8, 985.9, 0.0, 0.0,2020-01-24 03:00:00, 951.0,4
85.8, None, None, 2.2, 0.146, 127.8, -6.0, -5.2, -6.0, 949.0, 128.0, None, None, 39.0, None, 38.57, None, None, -4.051, None, -3.0, 86.0, None, 25.9, 0.1, -4.1, 983.8, 0.0, 0.0,2020-01-24 04:00:00, 949.0,4
83.9, None, None, 4.0, 0.276, 90.9, -6.0, -5.2, -6.0, 949.0, 91.0, None, None, 39.0, None, 38.58, None, None, -4.032, None, -3.0, 84.0, None, 21.36, 0.3, -4.0, 983.8, 0.0, 0.0,2020-01-24 05:00:00, 949.0,4
84.9, None, None, 3.0, 0.243, 82.2, -6.0, -5.2, -6.0, 948.0, 82.0, None, None, 39.0, None, 38.56, None, None, -4.08, None, -3.0, 85.0, None, 22.36, 0.2, -4.1, 982.8, 0.0, 0.0,2020-01-24 06:00:00, 948.0,4
87.4, None, None, None, 0.485, 78.6, None, None, -6.0, 948.0, None, None, None, None, None, 38.51, None, None, -4.157, None, None, None, None, 44.45, None, None, None, None, None,2020-01-24 07:00:00, None,4
91.7, None, None, 4.8, 0.273, 109.0, -5.0, -4.9, -5.0, 947.0, 109.0, None, None, 39.0, None, 38.66, None, None, -4.263, None, -3.7, 92.0, None, 55.61, 0.3, -4.3, 981.8, 0.1, 0.0,2020-01-24 08:00:00, 947.0,4
93.2, None, None, 2.5, 0.072, 169.4, -5.0, -5.1, -5.0, 945.0, 169.0, None, None, 39.0, None, 38.71, None, None, -4.36, None, -3.7, 93.0, None, 47.41, 0.1, -4.4, 979.7, 0.0, 0.0,2020-01-24 09:00:00, 945.0,4
94.8, None, None, 2.7, 0.12, 145.7, -5.0, -5.1, -5.0, 945.0, 146.0, None, None, 39.0, None, 39.12, None, None, -4.196, None, -3.7, 95.0, None, 38.59, 0.1, -4.2, 979.7, 0.4, 0.0,2020-01-24 10:00:00, 945.0,4
89.0, None, None, 4.1, 0.09, 3.327, -5.0, -5.1, -5.0, 944.0, 3.0, None, None, 39.0, None, 39.1, None, None, -3.453, None, -3.3, 89.0, None, 71.3, 0.1, -3.5, 978.6, 0.2, 0.0,2020-01-24 11:00:00, 944.0,4
87.6, None, None, 8.6, 0.629, 294.2, -5.0, -5.1, -5.0, 944.0, 294.0, None, None, 39.0, None, 39.45, None, None, -3.135, None, -2.6, 88.0, None, 62.24, 0.6, -3.1, 978.6, 0.0, 0.0,2020-01-24 12:00:00, 944.0,4
90.4, None, None, 6.6, 0.632, 241.7, -4.0, -5.1, -4.0, 944.0, 242.0, None, None, 40.0, None, 39.55, None, None, -3.192, None, -2.6, 90.0, None, 59.42, 0.6, -3.2, 978.6, 0.8, 0.0,2020-01-24 13:00:00, 944.0,4
93.4, None, None, 7.0, 0.482, 227.7, -4.0, -5.1, -4.0, 944.0, 228.0, None, None, 41.0, None, 40.51, None, None, -2.807, None, -2.6, 93.0, None, 59.71, 0.5, -2.8, 978.6, 1.3, 1.0,2020-01-24 14:00:00, 944.0,4
94.6, None, None, 8.5, 0.911, 9.06, -3.0, -5.1, -3.0, 947.0, 9.0, None, None, 44.0, None, 43.86, None, None, -2.06, None, -1.8, 95.0, None, 43.57, 0.9, -2.1, 981.7, None, 0.0,2020-01-24 16:00:00, 947.0,4
97.9, None, None, 4.7, 1.478, 30.29, -2.0, -5.1, -2.0, 948.0, 30.0, None, None, 45.0, None, 45.29, None, None, -2.049, None, -1.7, 98.0, None, 11.51, 1.5, -2.0, 982.7, 1.3, 1.0,2020-01-24 17:00:00, 948.0,4
98.4, None, None, 4.0, 0.514, 38.2, -4.0, -5.1, -4.0, 949.0, 38.0, None, None, 45.0, None, 45.33, None, None, -3.412, None, -1.7, 98.0, None, 8.07, 0.5, -3.4, 983.8, 0.2, 0.0,2020-01-24 18:00:00, 949.0,4
97.6, None, None, 10.2, 3.312, 24.58, -5.0, -4.9, -5.0, 949.0, 25.0, None, None, 47.0, None, 46.88, None, None, -4.923, None, -3.3, 98.0, None, 15.5, 3.3, -4.9, 983.9, -0.2, 2.0,2020-01-24 19:00:00, 949.0,4
95.0, None, None, 11.4, 7.55, 37.13, -7.0, -6.7, -7.0, 951.0, 37.0, None, None, 46.0, None, 46.01, None, None, -6.476, None, -3.3, 95.0, None, 6.988, 7.6, -6.5, 986.0, -0.2, -1.0,2020-01-24 20:00:00, 951.0,4
93.6, None, None, 11.3, 7.82, 37.66, -8.0, -7.6, -8.0, 951.0, 38.0, None, None, 46.0, None, 45.63, None, None, -7.19, None, -3.3, 94.0, None, 8.19, 7.8, -7.2, 986.0, 0.0, 0.0,2020-01-24 21:00:00, 951.0,4
93.0, None, None, 11.5, 7.8, 38.87, -9.0, -8.5, -9.0, 952.0, 39.0, None, None, 45.0, None, 45.48, None, None, -7.92, None, -3.3, 93.0, None, 7.04, 7.8, -7.9, 987.1, 0.0, 0.0,2020-01-24 22:00:00, 952.0,4
94.3, None, None, 13.2, 6.428, 40.53, -8.0, -8.5, -8.0, 952.0, 41.0, None, None, 45.0, None, 45.08, None, None, -7.64, None, -3.3, 94.0, None, 14.71, 6.4, -7.6, 987.1, 0.2, 0.0,2020-01-24 23:00:00, 952.0,4
96.2, None, None, 12.3, 3.39, 41.97, -7.0, -8.5, -7.0, 953.0, 42.0, None, None, 45.0, None, 44.53, None, None, -6.762, None, -3.3, 96.0, None, 36.31, 3.4, -6.8, 988.1, 0.2, -1.0,2020-01-25 00:00:00, 953.0,4
94.4, None, None, 8.8, 1.982, 53.18, -8.0, -8.5, -8.0, 953.0, 53.0, None, None, 45.0, None, 44.86, None, None, -7.69, None, -3.3, 94.0, None, 37.29, 2.0, -7.7, 988.1, -0.2, 0.0,2020-01-25 01:00:00, 953.0,4
91.1, None, None, 7.8, 1.673, 48.84, -10.0, -9.3, -10.0, 953.0, 49.0, None, None, 45.0, None, 44.92, None, None, -9.17, None, -3.3, 91.0, None, 39.79, 1.7, -9.2, 988.1, -0.2, 0.0,2020-01-25 02:00:00, 953.0,4
96.0, None, None, 8.4, 1.521, 94.0, -7.0, -9.3, -7.0, 953.0, 94.0, None, None, 45.0, None, 44.96, None, None, -6.987, None, -3.3, 96.0, None, 36.01, 1.5, -7.0, 988.0, 0.4, 0.0,2020-01-25 03:00:00, 953.0,4
95.8, None, None, 8.9, 2.137, 110.4, -7.0, -9.3, -7.0, 953.0, 110.0, None, None, 44.0, None, 43.8, None, None, -6.131, None, -3.3, 96.0, None, 26.96, 2.1, -6.1, 988.0, 0.2, -1.0,2020-01-25 04:00:00, 953.0,4
95.6, None, None, 7.8, 2.493, 65.89, -6.0, -9.3, -6.0, 953.0, 66.0, None, None, 42.0, None, None, None, None, -5.776, None, -3.3, 96.0, None, 24.94, 2.5, -5.8, 988.0, 0.2, -1.0,2020-01-25 05:00:00, 953.0,4
93.2, None, None, 8.1, 1.678, 103.0, -7.0, -6.5, -7.0, 952.0, 103.0, None, None, 46.0, None, 45.62, None, None, -6.181, None, -5.6, 93.0, None, 22.89, 1.7, -6.2, 987.1, None, 0.0,2020-01-25 07:00:00, 952.0,4
91.2, None, None, 6.1, 1.704, 64.18, -8.0, -7.2, -8.0, 952.0, 64.0, None, None, 45.0, None, 45.28, None, None, -7.22, None, -5.6, 91.0, None, 23.08, 1.7, -7.2, 987.2, -0.1, 0.0,2020-01-25 08:00:00, 952.0,4
92.7, None, None, 5.2, 2.016, 49.67, -8.0, -8.2, -8.0, 951.0, 50.0, None, None, 46.0, None, 45.6, None, None, -7.2, None, -5.6, 93.0, None, 10.45, 2.0, -7.2, 986.2, 0.0, 0.0,2020-01-25 09:00:00, 951.0,4
94.7, None, None, 5.6, 0.647, 74.9, -7.0, -8.2, -7.0, 951.0, 75.0, None, None, 46.0, None, 45.51, None, None, -6.228, None, -5.6, 95.0, None, 32.6, 0.6, -6.2, 986.1, 0.2, 0.0,2020-01-25 10:00:00, 951.0,4
91.9, None, None, 7.6, 1.245, 55.61, -6.0, -8.2, -6.0, 952.0, 56.0, None, None, 46.0, None, 45.86, None, None, -4.824, None, -4.8, 92.0, None, 31.38, 1.2, -4.8, 987.1, 0.3, 0.0,2020-01-25 11:00:00, 952.0,4
90.4, None, None, 3.7, 0.662, 56.89, -5.0, -8.2, -5.0, 952.0, 57.0, None, None, 46.0, None, 46.41, None, None, -3.519, None, -3.4, 90.0, None, 15.48, 0.7, -3.5, 987.0, 0.4, 1.0,2020-01-25 12:00:00, 952.0,4
84.8, None, None, 11.1, 1.529, 287.4, -5.0, -8.2, -5.0, 953.0, 287.0, None, None, 46.0, None, 45.72, None, None, -3.279, None, -2.4, 85.0, None, 30.43, 1.5, -3.3, 988.1, 0.2, -1.0,2020-01-25 13:00:00, 953.0,4
79.6, None, None, None, 2.009, 341.5, None, None, -5.0, 952.0, None, None, None, None, None, 45.72, None, None, -1.973, None, None, None, None, 37.17, None, None, None, None, None,2020-01-25 14:00:00, None,4
83.2, None, None, None, 0.478, 155.3, None, None, -5.0, 953.0, None, None, None, None, None, 45.73, None, None, -2.551, None, None, None, None, 60.45, None, None, None, None, None,2020-01-25 15:00:00, None,4
86.2, None, None, 5.9, 0.682, 357.5, -5.0, -8.2, -5.0, 953.0, 358.0, None, None, 46.0, None, 45.6, None, None, -3.126, None, -1.7, 86.0, None, 55.69, 0.7, -3.1, 988.0, 0.0, 0.0,2020-01-25 16:00:00, 953.0,4
87.1, None, None, None, 1.363, 27.75, None, None, -7.0, 953.0, None, None, None, None, None, 45.5, None, None, -5.837, None, None, None, None, 37.95, None, None, None, None, None,2020-01-25 17:00:00, None,4
94.0, None, None, None, 3.782, 42.89, None, None, -6.0, 955.0, None, None, None, None, None, 45.94, None, None, -5.682, None, None, None, None, 11.86, None, None, None, None, None,2020-01-25 18:00:00, None,4
97.7, None, None, None, 0.635, 51.59, None, None, -5.0, 955.0, None, None, None, None, None, 45.88, None, None, -4.639, None, None, None, None, 14.23, None, None, None, None, None,2020-01-25 19:00:00, None,4
98.3, None, None, 8.5, 1.799, 65.98, -5.0, -6.0, -5.0, 956.0, 66.0, None, None, 45.0, None, 45.38, None, None, -4.99, None, -4.2, 98.0, None, 42.6, 1.8, -5.0, 991.3, 0.0, -1.0,2020-01-25 20:00:00, 956.0,4
92.4, None, None, 10.8, 4.353, 44.22, -8.0, -8.0, -8.0, 956.0, 44.0, None, None, 45.0, None, 45.42, None, None, -7.4, None, -4.2, 92.0, None, 7.55, 4.4, -7.4, 991.3, -0.3, 0.0,2020-01-25 21:00:00, 956.0,4
96.2, None, None, 7.8, 2.17, 46.01, -7.0, -8.0, -7.0, 956.0, 46.0, None, None, 46.0, None, 46.04, None, None, -6.248, None, -4.2, 96.0, None, 17.8, 2.2, -6.2, 991.3, 0.2, 1.0,2020-01-25 22:00:00, 956.0,4
98.8, None, None, 9.4, 1.21, 77.9, -5.0, -8.0, -5.0, 956.0, 78.0, None, None, 46.0, None, 45.82, None, None, -5.22, None, -4.2, 99.0, None, 45.04, 1.2, -5.2, 991.2, 0.2, 0.0,2020-01-25 23:00:00, 956.0,4
97.8, None, None, 9.6, 2.18, 87.5, -5.0, -8.0, -5.0, 956.0, 88.0, None, None, 46.0, None, 46.21, None, None, -4.64, None, -4.2, 98.0, None, 39.98, 2.2, -4.6, 991.1, 0.2, 0.0,2020-01-26 00:00:00, 956.0,4
96.8, None, None, 8.3, 2.194, 67.55, -5.0, -8.0, -5.0, 955.0, 68.0, None, None, 46.0, None, 46.32, None, None, -4.707, None, -4.2, 97.0, None, 36.16, 2.2, -4.7, 990.1, 0.1, 0.0,2020-01-26 01:00:00, 955.0,4
95.2, None, None, 7.3, 1.519, 36.87, -7.0, -8.0, -7.0, 955.0, 37.0, None, None, 46.0, None, 45.98, None, None, -5.965, None, -4.2, 95.0, None, 21.08, 1.5, -6.0, None, -0.1, 0.0,2020-01-26 02:00:00, 955.0,4
92.3, None, None, 8.4, 3.438, 41.12, -8.0, -8.0, -8.0, 955.0, 41.0, None, None, 46.0, None, 45.97, None, None, -7.51, None, -4.2, 92.0, None, 8.96, 3.4, -7.5, None, -0.3, 0.0,2020-01-26 03:00:00, 955.0,4
92.3, None, None, 9.1, 4.436, 41.12, -9.0, -8.1, -9.0, 953.0, 41.0, None, None, 46.0, None, 45.89, None, None, -7.91, None, -4.2, 92.0, None, 11.79, 4.4, -7.9, 988.1, 0.0, 0.0,2020-01-26 04:00:00, 953.0,4
93.9, None, None, 10.2, 4.254, 41.75, -8.0, -8.5, -8.0, 953.0, 42.0, None, None, 46.0, None, 45.76, None, None, -7.72, None, -4.2, 94.0, None, 15.91, 4.3, -7.7, None, 0.1, 0.0,2020-01-26 05:00:00, 953.0,4
93.4, None, None, 11.9, 4.242, 40.95, -9.0, -8.6, -9.0, 952.0, 41.0, None, None, 46.0, None, 45.6, None, None, -8.13, None, -4.2, 93.0, None, 21.18, 4.2, -8.1, None, 0.0, 0.0,2020-01-26 06:00:00, 952.0,4
93.7, None, None, 12.6, 3.28, 41.36, -9.0, -8.6, -9.0, 952.0, 41.0, None, None, 45.0, None, 45.44, None, None, -8.17, None, -7.9, 94.0, None, 39.64, 3.3, -8.2, 987.1, 0.0, 0.0,2020-01-26 07:00:00, 952.0,4
91.3, None, None, 8.5, 3.857, 41.64, -10.0, -9.0, -10.0, 951.0, 42.0, None, None, 45.0, None, 45.35, None, None, -8.98, None, -7.9, 91.0, None, 11.14, 3.9, -9.0, 986.1, 0.0, 0.0,2020-01-26 08:00:00, 951.0,4
92.1, None, None, 8.5, 3.185, 44.52, -10.0, -9.4, -10.0, 951.0, 45.0, None, None, 46.0, None, 45.61, None, None, -8.74, None, -7.9, 92.0, None, 30.5, 3.2, -8.7, 986.2, 0.0, 0.0,2020-01-26 09:00:00, 951.0,4
93.4, None, None, 8.1, 4.383, 43.54, -8.0, -9.4, -8.0, 952.0, 44.0, None, None, 46.0, None, 45.61, None, None, -7.63, None, -7.3, 93.0, None, 7.49, 4.4, -7.6, 987.2, 0.3, 0.0,2020-01-26 10:00:00, 952.0,4
93.7, None, None, 10.7, 3.131, 41.44, -7.0, -9.4, -7.0, 952.0, 41.0, None, None, 45.0, None, 45.16, None, None, -5.984, None, -5.8, 94.0, None, 25.62, 3.1, -6.0, 987.1, 0.3, 0.0,2020-01-26 11:00:00, 952.0,4
92.1, None, None, 8.0, 1.641, 44.78, -5.0, -9.4, -5.0, 952.0, 45.0, None, None, 45.0, None, 45.29, None, None, -4.417, None, -4.1, 92.0, None, 26.16, 1.6, -4.4, 987.0, 0.1, 0.0,2020-01-26 12:00:00, 952.0,4
88.0, None, None, 4.7, 0.101, 1.35, -4.0, -9.4, -4.0, 952.0, 1.0, None, None, 45.0, None, 44.9, None, None, -2.185, None, -2.1, 88.0, None, 49.74, 0.1, -2.2, 986.9, 0.1, 0.0,2020-01-26 13:00:00, 952.0,4
80.1, None, None, 2.5, 0.179, 52.59, -3.0, -9.4, -3.0, 952.0, 53.0, None, None, 45.0, None, 44.92, None, None, -0.721, None, -0.4, 80.0, None, 35.41, 0.2, -0.7, 986.9, 0.0, 0.0,2020-01-26 14:00:00, 952.0,4
76.2, None, None, 0.1, 0.033, 143.3, -5.0, -9.4, -5.0, 952.0, 143.0, None, None, 45.0, None, 45.09, None, None, -1.956, None, 1.1, 76.0, None, 58.77, 0.0, -2.0, 987.0, -0.2, 0.0,2020-01-26 15:00:00, 952.0,4
83.6, None, None, 0.1, 0.025, 119.3, -6.0, -9.4, -6.0, 952.0, 119.0, None, None, 45.0, None, 45.16, None, None, -3.549, None, 1.1, 84.0, None, 64.86, 0.0, -3.5, 987.1, -0.2, 0.0,2020-01-26 16:00:00, 952.0,4
92.7, None, None, 0.1, 0.069, 65.46, -5.0, -9.4, -5.0, 952.0, 65.0, None, None, 46.0, None, 45.76, None, None, -3.653, None, 1.1, 93.0, None, 11.63, 0.1, -3.7, 987.1, 0.0, 1.0,2020-01-26 17:00:00, 952.0,4
96.4, None, None, 0.1, 0.068, 52.95, -5.0, -9.4, -5.0, 952.0, 53.0, None, None, 45.0, None, 45.38, None, None, -4.253, None, 1.1, 96.0, None, 14.26, 0.1, -4.3, 987.1, 0.0, 0.0,2020-01-26 18:00:00, 952.0,4
96.8, None, None, 0.1, 0.069, 45.22, -6.0, -5.9, -6.0, 952.0, 45.0, None, None, 45.0, None, 44.83, None, None, -5.41, None, -4.0, 97.0, None, 12.88, 0.1, -5.4, 987.2, -0.1, -1.0,2020-01-26 19:00:00, 952.0,4
95.7, None, None, 0.1, 0.067, 45.91, -7.0, -6.7, -7.0, 952.0, 46.0, None, None, 45.0, None, 44.62, None, None, -6.417, None, -4.0, 96.0, None, 17.85, 0.1, -6.4, 987.2, 0.0, 0.0,2020-01-26 20:00:00, 952.0,4
96.3, None, None, 0.1, 0.07, 42.86, -7.0, -7.0, -7.0, 952.0, 43.0, None, None, 44.0, None, 44.33, None, None, -6.336, None, -4.0, 96.0, None, 6.75, 0.1, -6.3, 987.2, 0.0, 0.0,2020-01-26 21:00:00, 952.0,4
97.5, None, None, 0.1, 0.069, 52.88, -6.0, -7.0, -6.0, 952.0, 53.0, None, None, 44.0, None, 43.77, None, None, -5.874, None, -4.0, 98.0, None, 11.69, 0.1, -5.9, 987.2, 0.1, -1.0,2020-01-26 22:00:00, 952.0,4
96.2, None, None, 0.1, 0.068, 51.17, -7.0, -7.0, -7.0, 952.0, 51.0, None, None, 44.0, None, 43.67, None, None, -6.691, None, -4.0, 96.0, None, 14.73, 0.1, -6.7, 987.1, 0.0, 0.0,2020-01-26 23:00:00, 952.0,4
95.1, None, None, 0.1, 0.068, 52.45, -8.0, -7.9, -8.0, 951.0, 52.0, None, None, 44.0, None, 44.0, None, None, -7.24, None, -4.0, 95.0, None, 16.47, 0.1, -7.2, 986.0, 0.0, 0.0,2020-01-27 00:00:00, 951.0,4
94.0, None, None, 0.1, 0.069, 48.31, -9.0, -8.1, -9.0, 951.0, 48.0, None, None, 44.0, None, 43.85, None, None, -8.01, None, -4.0, 94.0, None, 11.87, 0.1, -8.0, 986.0, -0.2, 0.0,2020-01-27 01:00:00, 951.0,4
96.2, None, None, 0.1, 0.068, 48.36, -7.0, -8.2, -7.0, 951.0, 48.0, None, None, 44.0, None, 44.19, None, None, -6.456, None, -4.0, 96.0, None, 14.26, 0.1, -6.5, 985.9, 0.4, 0.0,2020-01-27 02:00:00, 951.0,4
99.3, None, None, 0.1, 0.067, 63.35, -5.0, -8.2, -5.0, 951.0, 63.0, None, None, 45.0, None, 44.63, None, None, -5.211, None, -4.0, 99.0, None, 18.15, 0.1, -5.2, 985.9, 0.2, 0.0,2020-01-27 03:00:00, 951.0,4
99.2, None, None, 0.1, 0.068, 62.87, -5.0, -8.2, -5.0, 952.0, 63.0, None, None, 45.0, None, 44.52, None, None, -5.038, None, -4.0, 99.0, None, 17.05, 0.1, -5.0, 987.0, 0.0, 0.0,2020-01-27 04:00:00, 952.0,4
98.9, None, None, 0.1, 0.066, 56.94, -5.0, -8.2, -5.0, 952.0, 57.0, None, None, 44.0, None, 44.25, None, None, -4.639, None, -4.0, 99.0, None, 21.16, 0.1, -4.6, 987.0, 0.0, 0.0,2020-01-27 05:00:00, 952.0,4
99.4, None, None, 0.1, 0.069, 66.84, -4.0, -8.2, -4.0, 953.0, 67.0, None, None, 44.0, None, 43.96, None, None, -4.407, None, -4.0, 99.0, None, 13.22, 0.1, -4.4, 988.0, 0.2, 0.0,2020-01-27 06:00:00, 953.0,4
99.8, None, None, 0.1, 0.059, 65.19, -4.0, -4.8, -4.0, 955.0, 65.0, None, None, 44.0, None, 44.08, None, None, -3.933, None, -3.6, 100.0, None, 33.51, 0.1, -3.9, 990.1, 0.2, 0.0,2020-01-27 07:00:00, 955.0,4
101.1, None, None, 0.1, 0.054, 20.74, -1.0, -4.8, -1.0, 956.0, 21.0, None, None, 45.0, None, 45.31, None, None, -1.316, None, -1.0, 101.0, None, 38.88, 0.1, -1.3, 991.1, 0.4, 1.0,2020-01-27 08:00:00, 956.0,4
98.9, None, None, 0.1, 0.063, 43.25, -4.0, -4.8, -4.0, 957.0, 43.0, None, None, 45.0, None, 44.77, None, None, -3.521, None, -1.0, 99.0, None, 26.99, 0.1, -3.5, 992.2, -0.5, -1.0,2020-01-27 09:00:00, 957.0,4
96.9, None, None, 0.1, 0.069, 42.81, -5.0, -4.8, -5.0, 959.0, 43.0, None, None, 44.0, None, 44.45, None, None, -4.622, None, -1.0, 97.0, None, 11.82, 0.1, -4.6, 994.3, -0.1, 0.0,2020-01-27 10:00:00, 959.0,4
96.1, None, None, 0.1, 0.069, 43.18, -5.0, -5.4, -5.0, 959.0, 43.0, None, None, 45.0, None, 44.54, None, None, -4.282, None, -1.0, 96.0, None, 13.56, 0.1, -4.3, 994.3, 0.0, 0.0,2020-01-27 11:00:00, 959.0,4
94.3, None, None, 0.1, 0.064, 19.43, -3.0, -5.4, -3.0, 960.0, 19.0, None, None, 44.0, None, 44.12, None, None, -2.282, None, -1.0, 94.0, None, 25.49, 0.1, -2.3, 995.3, 0.5, 0.0,2020-01-27 12:00:00, 960.0,4
77.7, None, None, 0.1, 0.058, 10.53, -3.0, -5.4, -3.0, 961.0, 11.0, None, None, 45.0, None, 44.58, None, None, -0.254, None, 0.2, 78.0, None, 34.15, 0.1, -0.3, 996.3, 0.2, 0.0,2020-01-27 13:00:00, 961.0,4
54.69, None, None, 11.5, 1.393, 319.5, -5.0, -5.4, -5.0, 963.0, 320.0, None, None, 44.0, None, 43.97, None, None, 3.32, None, 3.7, 55.0, None, 40.53, 1.4, 3.3, 998.2, 0.0, -1.0,2020-01-27 14:00:00, 963.0,4
58.02, None, None, 5.6, 0.357, 30.96, -5.0, -5.4, -5.0, 963.0, 31.0, None, None, 43.0, None, 43.05, None, None, 2.189, None, 3.9, 58.0, None, 31.2, 0.4, 2.2, 998.2, -0.2, -1.0,2020-01-27 15:00:00, 963.0,4
75.2, None, None, 6.7, 2.754, 36.93, -6.0, -5.4, -6.0, 961.0, 37.0, None, None, 44.0, None, 43.88, None, None, -2.541, None, 3.9, 75.0, None, 8.92, 2.8, -2.5, 996.3, -0.4, 1.0,2020-01-27 16:00:00, 961.0,4
82.8, None, None, 10.0, 6.502, 36.57, -7.0, -5.4, -7.0, 960.0, 37.0, None, None, 44.0, None, 43.87, None, None, -4.873, None, 3.9, 83.0, None, 4.753, 6.5, -4.9, 995.3, -0.2, 0.0,2020-01-27 17:00:00, 960.0,4
87.5, None, None, 9.7, 5.075, 39.86, -7.0, -6.2, -7.0, 960.0, 40.0, None, None, 44.0, None, 43.66, None, None, -5.947, None, 3.9, 88.0, None, 6.319, 5.1, -5.9, 995.3, 0.0, 0.0,2020-01-27 18:00:00, 960.0,4
88.6, None, None, 9.9, 6.244, 39.42, -9.0, -8.0, -9.0, 960.0, 39.0, None, None, 44.0, None, 43.78, None, None, -7.67, None, -5.9, 89.0, None, 4.549, 6.2, -7.7, 995.4, 0.0, 0.0,2020-01-27 19:00:00, 960.0,4
90.7, None, None, 7.9, 3.958, 43.52, -9.0, -8.7, -9.0, 959.0, 44.0, None, None, 43.0, None, 43.49, None, None, -8.35, None, -5.9, 91.0, None, 8.33, 4.0, -8.4, 994.3, 0.0, 0.0,2020-01-27 20:00:00, 959.0,4
92.8, None, None, 7.4, 3.5, 45.76, -9.0, -9.2, -9.0, 959.0, 46.0, None, None, 44.0, None, 43.66, None, None, -8.18, None, -5.9, 93.0, None, 8.48, 3.5, -8.2, 994.3, 0.1, 0.0,2020-01-27 21:00:00, 959.0,4
93.1, None, None, 5.6, 1.902, 51.57, -9.0, -9.2, -9.0, 959.0, 52.0, None, None, 43.0, None, 43.34, None, None, -8.62, None, -5.9, 93.0, None, 14.49, 1.9, -8.6, 994.4, 0.0, 0.0,2020-01-27 22:00:00, 959.0,4
90.4, None, None, 4.4, 0.998, 46.58, -11.0, -10.4, -11.0, 959.0, 47.0, None, None, 43.0, None, 43.21, None, None, -10.14, None, -5.9, 90.0, None, 12.75, 1.0, -10.1, 994.4, -0.2, 0.0,2020-01-27 23:00:00, 959.0,4
89.9, None, None, 9.5, 2.383, 48.75, -12.0, -10.7, -12.0, 959.0, 49.0, None, None, 43.0, None, 42.93, None, None, -10.47, None, -5.9, 90.0, None, 13.68, 2.4, -10.5, 994.4, 0.1, 0.0,2020-01-28 00:00:00, 959.0,4
89.5, None, None, 7.4, 1.919, 50.75, -12.0, -10.7, -12.0, 959.0, 51.0, None, None, 43.0, None, 42.98, None, None, -10.39, None, -5.9, 90.0, None, 15.69, 1.9, -10.4, 994.3, 0.0, 0.0,2020-01-28 01:00:00, 959.0,4
90.8, None, None, 3.9, 0.628, 50.76, -11.0, -10.7, -11.0, 959.0, 51.0, None, None, 43.0, None, 43.34, None, None, -10.0, None, -5.9, 91.0, None, 21.23, 0.6, -10.0, 994.2, 0.2, 0.0,2020-01-28 02:00:00, 959.0,4
92.7, None, None, 8.6, 0.945, 102.1, -10.0, -10.7, -10.0, 960.0, 102.0, None, None, 44.0, None, 43.98, None, None, -9.2, None, -5.9, 93.0, None, 26.9, 0.9, -9.2, 995.2, 0.1, 1.0,2020-01-28 03:00:00, 960.0,4
90.5, None, None, 9.0, 1.863, 114.7, -10.0, -10.7, -10.0, 960.0, 115.0, None, None, 44.0, None, 44.08, None, None, -8.76, None, -5.9, 91.0, None, 22.9, 1.9, -8.8, 995.4, 0.0, 0.0,2020-01-28 04:00:00, 960.0,4
88.5, None, None, 7.3, 1.103, 100.4, -10.0, -10.7, -10.0, 960.0, 100.0, None, None, 44.0, None, 44.22, None, None, -8.66, None, -5.9, 89.0, None, 24.59, 1.1, -8.7, 995.5, 0.1, 0.0,2020-01-28 05:00:00, 960.0,4
86.6, None, None, 4.7, 0.51, 107.0, -11.0, -10.7, -11.0, 960.0, 107.0, None, None, 44.0, None, 44.09, None, None, -9.56, None, -5.9, 87.0, None, 20.77, 0.5, -9.6, 995.5, -0.1, 0.0,2020-01-28 06:00:00, 960.0,4
83.2, None, None, 5.5, 0.815, 79.0, -14.0, -12.3, -14.0, 960.0, 79.0, None, None, 44.0, None, 43.77, None, None, -11.71, None, -9.3, 83.0, None, 38.22, 0.8, -11.7, 995.7, -0.4, 0.0,2020-01-28 07:00:00, 960.0,4
84.4, None, None, 7.5, 0.999, 93.0, -14.0, -12.7, -14.0, 960.0, 93.0, None, None, 44.0, None, 43.74, None, None, -12.4, None, -9.3, 84.0, None, 22.7, 1.0, -12.4, 995.7, 0.0, 0.0,2020-01-28 08:00:00, 960.0,4
83.0, None, None, 9.4, 1.813, 52.91, -15.0, -13.9, -15.0, 960.0, 53.0, None, None, 44.0, None, 43.9, None, None, -13.28, None, -9.3, 83.0, None, 20.15, 1.8, -13.3, 995.8, 0.0, 0.0,2020-01-28 09:00:00, 960.0,4
82.7, None, None, 6.5, 1.137, 56.24, -15.0, -13.9, -15.0, 960.0, 56.0, None, None, 44.0, None, 44.23, None, None, -12.98, None, -9.3, 83.0, None, 23.28, 1.1, -13.0, 995.8, 0.2, 0.0,2020-01-28 10:00:00, 960.0,4
82.0, None, None, 5.3, 0.583, 70.6, -14.0, -13.9, -14.0, 960.0, 71.0, None, None, 44.0, None, 43.79, None, None, -12.29, None, -9.3, 82.0, None, 28.61, 0.6, -12.3, 995.8, 0.2, 0.0,2020-01-28 11:00:00, 960.0,4
82.6, None, None, 6.8, 1.314, 71.4, -12.0, -13.9, -12.0, 960.0, 71.0, None, None, 44.0, None, 44.01, None, None, -9.6, None, -9.3, 83.0, None, 24.15, 1.3, -9.6, 995.7, 0.4, 0.0,2020-01-28 12:00:00, 960.0,4
74.9, None, None, 7.0, 0.938, 115.6, -10.0, -13.9, -10.0, 960.0, 116.0, None, None, 44.0, None, 44.09, None, None, -7.03, None, -6.7, 75.0, None, 30.92, 0.9, -7.0, 995.6, 0.4, 0.0,2020-01-28 13:00:00, 960.0,4
69.63, None, None, 8.4, 2.169, 127.4, -9.0, -13.9, -9.0, 960.0, 127.0, None, None, 44.0, None, 43.88, None, None, -5.232, None, -4.9, 70.0, None, 25.19, 2.2, -5.2, 995.5, 0.0, 0.0,2020-01-28 14:00:00, 960.0,4
72.1, None, None, 10.3, 2.267, 78.1, -10.0, -13.9, -10.0, 959.0, 78.0, None, None, 45.0, None, 44.54, None, None, -5.878, None, -4.9, 72.0, None, 31.7, 2.3, -5.9, 994.5, -0.2, 1.0,2020-01-28 15:00:00, 959.0,4
74.2, None, None, 7.5, 0.612, 87.5, -10.0, -13.9, -10.0, 959.0, 88.0, None, None, 44.0, None, 44.45, None, None, -6.201, None, -4.9, 74.0, None, 46.27, 0.6, -6.2, 994.5, 0.0, 0.0,2020-01-28 16:00:00, 959.0,4
77.0, None, None, 6.2, 0.703, 70.2, -11.0, -13.9, -11.0, 957.0, 70.0, None, None, 44.0, None, 43.97, None, None, -8.03, None, -4.9, 77.0, None, 42.04, 0.7, -8.0, 992.5, -0.3, 0.0,2020-01-28 17:00:00, 957.0,4
82.9, None, None, 9.1, 2.548, 55.32, -11.0, -13.9, -11.0, 955.0, 55.0, None, None, 44.0, None, 44.02, None, None, -8.94, None, -4.9, 83.0, None, 18.08, 2.5, -8.9, 990.5, -0.1, 0.0,2020-01-28 18:00:00, 955.0,4
84.9, None, None, 7.0, 0.523, 86.6, -10.0, -9.1, -10.0, 953.0, 87.0, None, None, 44.0, None, 43.78, None, None, -7.76, None, -7.6, 85.0, None, 38.65, 0.5, -7.8, 988.4, 0.2, 0.0,2020-01-28 19:00:00, 953.0,4
86.0, None, None, 8.9, 3.605, 44.49, -9.0, -9.1, -9.0, 951.0, 44.0, None, None, 43.0, None, 43.42, None, None, -7.51, None, -7.2, 86.0, None, 13.95, 3.6, -7.5, 986.4, 0.0, 0.0,2020-01-28 20:00:00, 951.0,4
87.4, None, None, 8.6, 2.499, 44.17, -9.0, -9.1, -9.0, 949.0, 44.0, None, None, 44.0, None, 43.5, None, None, -7.41, None, -7.2, 87.0, None, 39.82, 2.5, -7.4, 984.3, 0.0, 0.0,2020-01-28 21:00:00, 949.0,4
88.5, None, None, 7.6, 1.37, 49.89, -8.0, -9.1, -8.0, 947.0, 50.0, None, None, 43.0, None, 43.49, None, None, -7.06, None, -7.0, 89.0, None, 59.77, 1.4, -7.1, 982.2, 0.1, 0.0,2020-01-28 22:00:00, 947.0,4
90.4, None, None, 8.8, 2.195, 44.35, -8.0, -9.1, -8.0, 945.0, 44.0, None, None, 44.0, None, 43.72, None, None, -6.425, None, -6.0, 90.0, None, 34.37, 2.2, -6.4, 980.1, 0.1, 0.0,2020-01-28 23:00:00, 945.0,4
