pcpn_amt_pst24hrs,SWE,cum_pcpn_amt,ONE_DAY_SNOW,air_temp_2,air_temp_1,snw_dpth,MAX_TEMP,ONE_DAY_PRECIPITATION,pcpn_amt_pst1hr,snw_dpth_wtr_equiv,MIN_TEMP,time,SNOW_ON_THE_GROUND,week_of_year
2.0, None,596.0, None, 7.9, None, None, None, None, 0.0, 622.0, None,2023-05-21 00:00:00, None,21
2.0, None,596.0, None, 9.2, None, None, None, None, 0.0, 621.0, None,2023-05-21 01:00:00, None,21
1.0, None,596.0, None, 9.4, None, None, None, None, 0.0, 619.0, None,2023-05-21 02:00:00, None,21
2.0, None,596.0, None, 10.0, None, None, None, None, 0.0, 618.0, None,2023-05-21 03:00:00, None,21
2.0, None,596.0, None, 9.8, None, None, None, None, 0.0, 616.0, None,2023-05-21 04:00:00, None,21
1.0, None,596.0, None, 10.0, None, None, None, None, 0.0, 615.0, None,2023-05-21 05:00:00, None,21
2.0, None,596.0, None, 9.5, None, None, None, None, 0.0, 614.0, None,2023-05-21 06:00:00, None,21
2.0, None,596.0, None, 10.3, None, None, None, None, 0.0, 612.0, None,2023-05-21 07:00:00, None,21
2.0, None,596.0, None, 9.1, None, None, None, None, 0.0, 611.0, None,2023-05-21 08:00:00, None,21
3.0, None,597.0, None, 6.9, None, None, None, None, 1.0, 611.0, None,2023-05-21 09:00:00, None,21
3.0, None,598.0, None, 10.0, None, None, None, None, 1.0, 611.0, None,2023-05-21 10:00:00, None,21
4.0, None,597.0, None, 11.3, None, None, None, None, None, 610.0, None,2023-05-21 11:00:00, None,21
3.0, None,596.0, None, 11.4, None, None, None, None, None, 610.0, None,2023-05-21 12:00:00, None,21
3.0, None,596.0, None, 11.1, None, None, None, None, 0.0, 610.0, None,2023-05-21 13:00:00, None,21
4.0, None,596.0, None, 14.0, None, None, None, None, 0.0, 609.0, None,2023-05-21 14:00:00, None,21
5.0, None,597.0, None, 9.5, None, None, None, None, 1.0, 608.0, None,2023-05-21 15:00:00, None,21
8.0, None,600.0, None, 7.1, None, None, None, None, 3.0, 608.0, None,2023-05-21 16:00:00, None,21
8.0, None,602.0, None, 6.2, None, None, None, None, 2.0, 607.0, None,2023-05-21 17:00:00, None,21
7.0, None,603.0, None, 6.3, None, None, None, None, 1.0, 605.0, None,2023-05-21 18:00:00, None,21
7.0, None,603.0, None, 5.3, None, None, None, None, 0.0, 603.0, None,2023-05-21 19:00:00, None,21
7.0, None,603.0, None, 4.7, None, None, None, None, 0.0, 600.0, None,2023-05-21 20:00:00, None,21
7.0, None,603.0, None, 4.4, None, None, None, None, 0.0, 598.0, None,2023-05-21 21:00:00, None,21
7.0, None,603.0, None, 4.9, None, None, None, None, 0.0, 596.0, None,2023-05-21 22:00:00, None,21
7.0, None,603.0, None, 5.2, None, None, None, None, 0.0, 594.0, None,2023-05-21 23:00:00, None,21
7.0, None,603.0, None, 4.8, None, None, None, None, 0.0, 593.0, None,2023-05-22 00:00:00, None,21
7.0, None,603.0, None, 5.4, None, None, None, None, 0.0, 592.0, None,2023-05-22 01:00:00, None,21
8.0, None,604.0, None, 4.9, None, None, None, None, 1.0, 591.0, None,2023-05-22 02:00:00, None,21
8.0, None,604.0, None, 3.5, None, None, None, None, 0.0, 590.0, None,2023-05-22 03:00:00, None,21
11.0, None,607.0, None, 3.2, None, None, None, None, 3.0, 590.0, None,2023-05-22 04:00:00, None,21
17.0, None,613.0, None, 2.7, None, None, None, None, 6.0, 592.0, None,2023-05-22 05:00:00, None,21
18.0, None,614.0, None, 2.8, None, None, None, None, 1.0, 592.0, None,2023-05-22 06:00:00, None,21
18.0, None,614.0, None, 2.9, None, None, None, None, 0.0, 592.0, None,2023-05-22 07:00:00, None,21
18.0, None,614.0, None, 2.9, None, None, None, None, 0.0, 591.0, None,2023-05-22 08:00:00, None,21
18.0, None,615.0, None, 3.7, None, None, None, None, 1.0, 591.0, None,2023-05-22 09:00:00, None,21
17.0, None,615.0, None, 3.5, None, None, None, None, 0.0, 590.0, None,2023-05-22 10:00:00, None,21
18.0, None,615.0, None, 3.5, None, None, None, None, 0.0, 589.0, None,2023-05-22 11:00:00, None,21
20.0, None,616.0, None, 3.3, None, None, None, None, 1.0, 589.0, None,2023-05-22 12:00:00, None,21
20.0, None,616.0, None, 3.2, None, None, None, None, 0.0, 588.0, None,2023-05-22 13:00:00, None,21
22.0, None,618.0, None, 3.1, None, None, None, None, 2.0, 588.0, None,2023-05-22 14:00:00, None,21
24.0, None,621.0, None, 2.9, None, None, None, None, 3.0, 588.0, None,2023-05-22 15:00:00, None,21
23.0, None,623.0, None, 2.7, None, None, None, None, 2.0, 589.0, None,2023-05-22 16:00:00, None,21
23.0, None,625.0, None, 2.4, None, None, None, None, 2.0, 589.0, None,2023-05-22 17:00:00, None,21
25.0, None,628.0, None, 2.3, None, None, None, None, 3.0, 589.0, None,2023-05-22 18:00:00, None,21
26.0, None,629.0, None, 2.4, None, None, None, None, 1.0, 588.0, None,2023-05-22 19:00:00, None,21
26.0, None,629.0, None, 2.5, None, None, None, None, 0.0, 586.0, None,2023-05-22 20:00:00, None,21
26.0, None,629.0, None, 2.4, None, None, None, None, 0.0, 584.0, None,2023-05-22 21:00:00, None,21
26.0, None,629.0, None, 2.4, None, None, None, None, 0.0, 582.0, None,2023-05-22 22:00:00, None,21
26.0, None,629.0, None, 2.0, None, None, None, None, 0.0, 580.0, None,2023-05-22 23:00:00, None,21
26.0, None,629.0, None, 1.8, None, None, None, None, 0.0, 578.0, None,2023-05-23 00:00:00, None,21
27.0, None,630.0, None, 1.5, None, None, None, None, 1.0, 577.0, None,2023-05-23 01:00:00, None,21
27.0, None,631.0, None, 1.0, None, None, None, None, 1.0, 577.0, None,2023-05-23 02:00:00, None,21
30.0, None,634.0, None, 0.5, None, None, None, None, 3.0, 577.0, None,2023-05-23 03:00:00, None,21
30.0, None,637.0, None, 0.7, None, None, None, None, 3.0, 579.0, None,2023-05-23 04:00:00, None,21
27.0, None,640.0, None, 0.5, None, None, None, None, 3.0, 581.0, None,2023-05-23 05:00:00, None,21
29.0, None,643.0, None, 0.4, None, None, None, None, 3.0, 583.0, None,2023-05-23 06:00:00, None,21
31.0, None,645.0, None, 0.4, None, None, None, None, 2.0, 585.0, None,2023-05-23 07:00:00, None,21
34.0, None,648.0, None, 0.3, None, None, None, None, 3.0, 587.0, None,2023-05-23 08:00:00, None,21
36.0, None,651.0, None, 0.3, None, None, None, None, 3.0, 590.0, None,2023-05-23 09:00:00, None,21
46.0, None,661.0, None, 0.5, None, None, None, None, 10.0, 592.0, None,2023-05-23 10:00:00, None,21
50.0, None,665.0, None, 0.8, None, None, None, None, 4.0, 594.0, None,2023-05-23 11:00:00, None,21
52.0, None,668.0, None, 1.4, None, None, None, None, 3.0, 597.0, None,2023-05-23 12:00:00, None,21
54.0, None,670.0, None, 2.1, None, None, None, None, 2.0, 598.0, None,2023-05-23 13:00:00, None,21
52.0, None,670.0, None, 2.7, None, None, None, None, 0.0, 599.0, None,2023-05-23 14:00:00, None,21
50.0, None,671.0, None, 3.9, None, None, None, None, 1.0, 600.0, None,2023-05-23 15:00:00, None,21
47.0, None,670.0, None, 3.9, None, None, None, None, None, 600.0, None,2023-05-23 16:00:00, None,21
45.0, None,670.0, None, 3.7, None, None, None, None, 0.0, 601.0, None,2023-05-23 17:00:00, None,21
43.0, None,671.0, None, 4.1, None, None, None, None, 1.0, 600.0, None,2023-05-23 18:00:00, None,21
42.0, None,671.0, None, 3.8, None, None, None, None, 0.0, 600.0, None,2023-05-23 19:00:00, None,21
42.0, None,671.0, None, 2.9, None, None, None, None, 0.0, 600.0, None,2023-05-23 20:00:00, None,21
42.0, None,671.0, None, 2.4, None, None, None, None, 0.0, 600.0, None,2023-05-23 21:00:00, None,21
43.0, None,672.0, None, 2.0, None, None, None, None, 1.0, 599.0, None,2023-05-23 22:00:00, None,21
43.0, None,672.0, None, 2.1, None, None, None, None, 0.0, 599.0, None,2023-05-23 23:00:00, None,21
43.0, None,672.0, None, 1.5, None, None, None, None, 0.0, 598.0, None,2023-05-24 00:00:00, None,21
42.0, None,672.0, None, 1.2, None, None, None, None, 0.0, 598.0, None,2023-05-24 01:00:00, None,21
41.0, None,672.0, None, 0.9, None, None, None, None, 0.0, 597.0, None,2023-05-24 02:00:00, None,21
38.0, None,672.0, None, 0.2, None, None, None, None, 0.0, 597.0, None,2023-05-24 03:00:00, None,21
35.0, None,672.0, None, 0.0, None, None, None, None, 0.0, 596.0, None,2023-05-24 04:00:00, None,21
32.0, None,672.0, None, 0.1, None, None, None, None, 0.0, 596.0, None,2023-05-24 05:00:00, None,21
29.0, None,672.0, None, 0.6, None, None, None, None, 0.0, 596.0, None,2023-05-24 06:00:00, None,21
27.0, None,672.0, None, 1.9, None, None, None, None, 0.0, 596.0, None,2023-05-24 07:00:00, None,21
24.0, None,672.0, None, 3.6, None, None, None, None, 0.0, 597.0, None,2023-05-24 08:00:00, None,21
20.0, None,671.0, None, 3.9, None, None, None, None, None, 596.0, None,2023-05-24 09:00:00, None,21
9.0, None,670.0, None, 5.8, None, None, None, None, None, 596.0, None,2023-05-24 10:00:00, None,21
6.0, None,671.0, None, 4.1, None, None, None, None, 1.0, 596.0, None,2023-05-24 11:00:00, None,21
3.0, None,671.0, None, 4.5, None, None, None, None, 0.0, 596.0, None,2023-05-24 12:00:00, None,21
0.0, None,670.0, None, 5.3, None, None, None, None, None, 596.0, None,2023-05-24 13:00:00, None,21
0.0, None,670.0, None, 6.6, None, None, None, None, 0.0, 596.0, None,2023-05-24 14:00:00, None,21
None, None,669.0, None, 9.8, None, None, None, None, None, 596.0, None,2023-05-24 15:00:00, None,21
0.0, None,670.0, None, 6.7, None, None, None, None, 1.0, 596.0, None,2023-05-24 16:00:00, None,21
0.0, None,670.0, None, 6.5, None, None, None, None, 0.0, 595.0, None,2023-05-24 17:00:00, None,21
0.0, None,671.0, None, 5.5, None, None, None, None, 1.0, 595.0, None,2023-05-24 18:00:00, None,21
0.0, None,671.0, None, 4.9, None, None, None, None, 0.0, 595.0, None,2023-05-24 19:00:00, None,21
0.0, None,671.0, None, 4.3, None, None, None, None, 0.0, 594.0, None,2023-05-24 20:00:00, None,21
1.0, None,672.0, None, 3.2, None, None, None, None, 1.0, 593.0, None,2023-05-24 21:00:00, None,21
0.0, None,672.0, None, 3.3, None, None, None, None, 0.0, 593.0, None,2023-05-24 22:00:00, None,21
0.0, None,672.0, None, 3.1, None, None, None, None, 0.0, 593.0, None,2023-05-24 23:00:00, None,21
0.0, None,672.0, None, 2.9, None, None, None, None, 0.0, 593.0, None,2023-05-25 00:00:00, None,21
0.0, None,672.0, None, 2.7, None, None, None, None, 0.0, 593.0, None,2023-05-25 01:00:00, None,21
0.0, None,672.0, None, 2.7, None, None, None, None, 0.0, 593.0, None,2023-05-25 02:00:00, None,21
0.0, None,672.0, None, 2.9, None, None, None, None, 0.0, 592.0, None,2023-05-25 03:00:00, None,21
1.0, None,673.0, None, 2.7, None, None, None, None, 1.0, 592.0, None,2023-05-25 04:00:00, None,21
3.0, None,675.0, None, 2.7, None, None, None, None, 2.0, 593.0, None,2023-05-25 05:00:00, None,21
3.0, None,675.0, None, 2.7, None, None, None, None, 0.0, 593.0, None,2023-05-25 06:00:00, None,21
3.0, None,675.0, None, 3.1, None, None, None, None, 0.0, 592.0, None,2023-05-25 07:00:00, None,21
3.0, None,675.0, None, 3.9, None, None, None, None, 0.0, 592.0, None,2023-05-25 08:00:00, None,21
4.0, None,675.0, None, 4.5, None, None, None, None, 0.0, 592.0, None,2023-05-25 09:00:00, None,21
4.0, None,674.0, None, 4.9, None, None, None, None, None, 591.0, None,2023-05-25 10:00:00, None,21
3.0, None,674.0, None, 7.0, None, None, None, None, 0.0, 591.0, None,2023-05-25 11:00:00, None,21
2.0, None,673.0, None, 7.7, None, None, None, None, None, 591.0, None,2023-05-25 12:00:00, None,21
3.0, None,673.0, None, 9.4, None, None, None, None, 0.0, 591.0, None,2023-05-25 13:00:00, None,21
3.0, None,673.0, None, 9.2, None, None, None, None, 0.0, 591.0, None,2023-05-25 14:00:00, None,21
4.0, None,673.0, None, 9.2, None, None, None, None, 0.0, 590.0, None,2023-05-25 15:00:00, None,21
3.0, None,673.0, None, 8.1, None, None, None, None, 0.0, 590.0, None,2023-05-25 16:00:00, None,21
3.0, None,673.0, None, 10.5, None, None, None, None, 0.0, 589.0, None,2023-05-25 17:00:00, None,21
2.0, None,673.0, None, 10.0, None, None, None, None, 0.0, 588.0, None,2023-05-25 18:00:00, None,21
2.0, None,673.0, None, 9.1, None, None, None, None, 0.0, 587.0, None,2023-05-25 19:00:00, None,21
3.0, None,674.0, None, 8.1, None, None, None, None, 1.0, 586.0, None,2023-05-25 20:00:00, None,21
2.0, None,674.0, None, 5.2, None, None, None, None, 0.0, 584.0, None,2023-05-25 21:00:00, None,21
3.0, None,675.0, None, 4.6, None, None, None, None, 1.0, 583.0, None,2023-05-25 22:00:00, None,21
3.0, None,675.0, None, 4.8, None, None, None, None, 0.0, 582.0, None,2023-05-25 23:00:00, None,21
3.0, None,675.0, None, 4.0, None, None, None, None, 0.0, 581.0, None,2023-05-26 00:00:00, None,21
3.0, None,675.0, None, 3.8, None, None, None, None, 0.0, 581.0, None,2023-05-26 01:00:00, None,21
3.0, None,675.0, None, 3.2, None, None, None, None, 0.0, 581.0, None,2023-05-26 02:00:00, None,21
3.0, None,675.0, None, 3.7, None, None, None, None, 0.0, 580.0, None,2023-05-26 03:00:00, None,21
2.0, None,675.0, None, 4.6, None, None, None, None, 0.0, 580.0, None,2023-05-26 04:00:00, None,21
0.0, None,675.0, None, 5.0, None, None, None, None, 0.0, 581.0, None,2023-05-26 05:00:00, None,21
0.0, None,675.0, None, 5.6, None, None, None, None, 0.0, 581.0, None,2023-05-26 06:00:00, None,21
0.0, None,675.0, None, 8.6, None, None, None, None, 0.0, 581.0, None,2023-05-26 07:00:00, None,21
None, None,674.0, None, 10.4, None, None, None, None, None, 581.0, None,2023-05-26 08:00:00, None,21
None, None,673.0, None, 12.7, None, None, None, None, None, 581.0, None,2023-05-26 09:00:00, None,21
None, None,671.0, None, 12.9, None, None, None, None, None, 581.0, None,2023-05-26 10:00:00, None,21
None, None,671.0, None, 12.3, None, None, None, None, 0.0, 580.0, None,2023-05-26 11:00:00, None,21
None, None,672.0, None, 11.2, None, None, None, None, 1.0, 579.0, None,2023-05-26 12:00:00, None,21
None, None,671.0, None, 14.0, None, None, None, None, None, 578.0, None,2023-05-26 13:00:00, None,21
None, None,671.0, None, 15.2, None, None, None, None, 0.0, 577.0, None,2023-05-26 14:00:00, None,21
None, None,671.0, None, 12.4, None, None, None, None, 0.0, 576.0, None,2023-05-26 15:00:00, None,21
4.0, None,677.0, None, 7.0, None, None, None, None, 6.0, 575.0, None,2023-05-26 16:00:00, None,21
6.0, None,679.0, None, 8.0, None, None, None, None, 2.0, 573.0, None,2023-05-26 17:00:00, None,21
5.0, None,678.0, None, 10.6, None, None, None, None, None, 570.0, None,2023-05-26 18:00:00, None,21
6.0, None,679.0, None, 9.8, None, None, None, None, 1.0, 566.0, None,2023-05-26 19:00:00, None,21
5.0, None,679.0, None, 9.8, None, None, None, None, 0.0, 563.0, None,2023-05-26 20:00:00, None,21
5.0, None,679.0, None, 9.1, None, None, None, None, 0.0, 562.0, None,2023-05-26 21:00:00, None,21
4.0, None,679.0, None, 9.3, None, None, None, None, 0.0, 559.0, None,2023-05-26 22:00:00, None,21
4.0, None,679.0, None, 9.0, None, None, None, None, 0.0, 557.0, None,2023-05-26 23:00:00, None,21
4.0, None,679.0, None, 9.5, None, None, None, None, 0.0, 556.0, None,2023-05-27 00:00:00, None,21
4.0, None,679.0, None, 9.1, None, None, None, None, 0.0, 554.0, None,2023-05-27 01:00:00, None,21
4.0, None,679.0, None, 9.0, None, None, None, None, 0.0, 553.0, None,2023-05-27 02:00:00, None,21
4.0, None,679.0, None, 8.3, None, None, None, None, 0.0, 552.0, None,2023-05-27 03:00:00, None,21
4.0, None,679.0, None, 8.8, None, None, None, None, 0.0, 551.0, None,2023-05-27 04:00:00, None,21
4.0, None,679.0, None, 8.1, None, None, None, None, 0.0, 550.0, None,2023-05-27 05:00:00, None,21
4.0, None,679.0, None, 8.5, None, None, None, None, 0.0, 549.0, None,2023-05-27 06:00:00, None,21
4.0, None,679.0, None, 9.9, None, None, None, None, 0.0, 549.0, None,2023-05-27 07:00:00, None,21
5.0, None,679.0, None, 10.0, None, None, None, None, 0.0, 548.0, None,2023-05-27 08:00:00, None,21
5.0, None,678.0, None, 12.1, None, None, None, None, None, 548.0, None,2023-05-27 09:00:00, None,21
5.0, None,676.0, None, 14.3, None, None, None, None, None, 548.0, None,2023-05-27 10:00:00, None,21
5.0, None,676.0, None, 14.5, None, None, None, None, 0.0, 548.0, None,2023-05-27 11:00:00, None,21
4.0, None,676.0, None, 13.6, None, None, None, None, 0.0, 548.0, None,2023-05-27 12:00:00, None,21
4.0, None,675.0, None, 17.9, None, None, None, None, None, 548.0, None,2023-05-27 13:00:00, None,21
4.0, None,675.0, None, 14.9, None, None, None, None, 0.0, 548.0, None,2023-05-27 14:00:00, None,21
5.0, None,676.0, None, 15.3, None, None, None, None, 1.0, 546.0, None,2023-05-27 15:00:00, None,21
None, None,676.0, None, 15.5, None, None, None, None, 0.0, 543.0, None,2023-05-27 16:00:00, None,21
None, None,676.0, None, 13.9, None, None, None, None, 0.0, 540.0, None,2023-05-27 17:00:00, None,21
None, None,676.0, None, 14.3, None, None, None, None, 0.0, 537.0, None,2023-05-27 18:00:00, None,21
None, None,676.0, None, 13.7, None, None, None, None, 0.0, 534.0, None,2023-05-27 19:00:00, None,21
None, None,677.0, None, 12.4, None, None, None, None, 1.0, 532.0, None,2023-05-27 20:00:00, None,21
None, None,678.0, None, 9.8, None, None, None, None, 1.0, 530.0, None,2023-05-27 21:00:00, None,21
None, None,678.0, None, 8.8, None, None, None, None, 0.0, 527.0, None,2023-05-27 22:00:00, None,21
None, None,678.0, None, 8.5, None, None, None, None, 0.0, 525.0, None,2023-05-27 23:00:00, None,21
